6.732666143019647720e+00
5.209378627443522092e+00
-1.144605141962571793e+01
5.049743287564999683e+00
-3.883027465813834400e+00
2.002629201954690075e+00
9.234462648961688558e+00
3.112884442236556914e+00
6.025170820164548857e+00
3.779580875587143396e+00
-3.597271056984544302e+00
3.733088136642990662e+00
3.378562743487056430e+00
5.527384164801253386e-01
1.830517356021636344e+00
3.955593027586347787e+00
3.741253183937796600e-01
9.477626061404953450e-01
3.245571317679566192e+00
5.809205920914735088e+00
1.058424806944430197e-02
-2.619173225123759607e+00
1.175402701576047093e+00
4.758165939263527378e+00
1.390354053818005653e+01
5.526282499527497727e+00
-1.678831015526031534e+00
8.895101683659509817e+00
6.800243240124633104e+00
-3.641602802620226065e+00
4.026873932528490130e+00
2.517671999437956387e+00
3.144724726961070527e+00
1.958097501644121108e+00
-2.193701484151260761e+00
1.553545255251989332e-01
5.570910680226721645e+00
-9.689860321360959095e-01
-1.356842506322579744e+00
6.893938721626977073e-02
