2.576836686111804831e+00
3.050740160644297649e+00
2.666083528491187682e+00
2.704414001775316656e+00
3.234615961626607472e+00
3.065469205797717311e+00
2.661591319264699163e+00
2.632747211333230641e+00
2.880745846101064878e+00
1.973397511133770710e+00
1.506633795683933519e+00
1.780300222893686168e+00
1.621437121865199948e+00
1.142780711686738782e+00
1.223581132886701672e+00
1.316607246539263976e+00
1.648407329134136567e+00
2.051370974674110226e+00
2.194003908607757847e+00
2.058228804363129605e+00
2.234779389147952600e+00
2.872869727388855043e+00
2.268750152543238752e+00
3.043994843570921205e+00
3.264928173799199307e+00
2.705169845560874808e+00
2.836302531285994633e+00
2.763585222136582864e+00
2.199460126672211580e+00
2.411429945200265212e+00
1.941480546112212435e+00
1.872438890697300629e+00
1.316626372221222585e+00
1.207816731695770196e+00
1.207494858991191133e+00
1.271486721514168750e+00
1.779667060743419071e+00
2.192248849189442073e+00
2.235061404375377148e+00
2.268801672069634456e+00
3.841269504401958024e+00
4.693638871974845195e+00
4.879198445184428579e+00
4.920339470886892386e+00
5.351655835184990551e+00
5.182522632895524062e+00
4.927756759370533146e+00
4.654301278125970498e+00
4.521532284116280387e+00
4.125294159154357487e+00
3.447142491680645460e+00
3.208422472059138553e+00
2.776865629883309428e+00
1.990305265902042153e+00
1.948755694071808930e+00
1.639469857306846023e+00
1.862282735778032272e+00
2.477047740024345579e+00
3.031152002222656350e+00
3.418199556137351713e+00
3.657069502676196127e+00
4.496568639460529759e+00
4.636961039558802788e+00
5.300355284571763193e+00
5.386035669213406152e+00
5.091570739821704272e+00
5.024264491566355240e+00
4.981262017269134645e+00
4.201988582426310792e+00
4.243995879671567550e+00
3.279550967608509726e+00
2.939947924848539174e+00
2.465643981185225986e+00
1.889790026408598944e+00
1.662202317692200948e+00
1.725126257810565722e+00
1.944725906753343780e+00
2.480148164856557980e+00
3.243418340058854987e+00
3.327456743435110997e+00
