3.974948161123404766e+00
6.315200499742422480e+00
7.293872295427171082e+00
-2.368778250335326963e+00
3.502013606833799031e+00
5.922105072887855926e+00
2.612305627740996172e+00
3.808564242683475154e+00
4.878168102400345596e+00
-4.511938843871853067e+00
6.395357207900486118e-01
1.398803732733247873e+00
6.822413244338901173e+00
1.547925342424274930e+00
2.884478440321885273e+00
8.210835163829115046e+00
-5.430742465520014939e+00
-4.194199602680265260e-01
3.578739011671081105e+00
4.060233953164191334e+00
-3.192568374972440282e+00
1.076133253259013101e+00
8.343093772146373155e+00
2.135425818366284645e+00
-2.890497403110582120e+00
-8.674689415194186681e-01
5.067865300817895324e+00
7.590955635359913245e+00
6.308501540137501529e+00
6.684032622178322391e+00
-1.426640591140249659e-01
1.688928251303812411e+00
1.065434901314161964e+00
-1.594038750602258414e+00
8.204937465901356308e-01
7.476708704335348621e+00
-1.611298796123001864e+00
-3.169279948729073482e+00
1.135231015087486028e+00
4.456160859285622777e+00
