2.306475899121277262e+00
1.566364948388408118e+00
3.481868248560512136e+00
2.866490734266377238e+00
1.835004073053930984e+00
2.818281406325211513e+00
2.774530466009596186e+00
1.953160029360412997e+00
2.013827515186959349e+00
2.872807201981668168e+00
2.639233604790071741e+00
1.865857881938139284e+00
2.835360794241755134e+00
2.113412518898231784e+00
1.560132481236328861e+00
3.055789991683155016e+00
2.822297440629919940e+00
1.479991483153136222e+00
2.281654896973043467e+00
2.475958694635577384e+00
2.238223314592865165e+00
3.569389876227235359e+00
2.405935615635052649e+00
2.294059239315612508e+00
3.515779977545579360e+00
2.616364814928933136e+00
2.161409696710590467e+00
3.178016395376650483e+00
2.500846482237396806e+00
2.834006589542076071e+00
1.973759426099812364e+00
2.518736081213868605e+00
2.613141730322836143e+00
2.723993467064574681e+00
2.552585142929590933e+00
1.922524955213533060e+00
3.422614650699888017e+00
2.164674639105313769e+00
1.566456279003056284e+00
4.175307687906471443e+00
3.660691998972673833e+00
2.981681506022412442e+00
3.844369569847994939e+00
4.445224708788208190e+00
3.288639560184612787e+00
3.329025336626604048e+00
4.002927544881615951e+00
3.300866649171016132e+00
3.508298968891070402e+00
3.813745422584322586e+00
3.618057308451612109e+00
2.996202603625009342e+00
3.940203690751078014e+00
3.381722787892859294e+00
3.080862585198104853e+00
3.097291776211082315e+00
3.940555541626984848e+00
2.949995689690177336e+00
3.554451126639889491e+00
4.526657964541308310e+00
3.650774328094657850e+00
3.914767773699886266e+00
4.444238188921430854e+00
3.860705219842958780e+00
3.859807449909691268e+00
4.201681032811846350e+00
3.239864263622069807e+00
3.675247852380883806e+00
3.006776615841803668e+00
3.499257788324171337e+00
3.511547438355219874e+00
4.385769655601198913e+00
3.523694937282310313e+00
4.099956188811511915e+00
3.983281939602302479e+00
2.837154330517941858e+00
3.961165866305859318e+00
3.648571183931893724e+00
3.545083149530642519e+00
3.973143677481654645e+00
