-4.329190291464328488e-02
-1.477923885143051473e-02
6.985826627387722865e-02
-5.911803575543066180e-02
2.310239595787910022e-02
1.104736866134529288e-01
-5.452173219993710490e-02
-4.613975933102968524e-02
-3.104092366372545458e-02
2.768612016768505144e-02
1.076733893093963501e-01
7.159241574117913842e-02
-1.839909478595169734e-02
6.614372658853730214e-02
-3.392769589399297764e-02
-7.617125488817691470e-02
2.560902247981478724e-02
3.019148598735531264e-02
2.582953822799026813e-02
-1.474068193696439349e-02
1.648957773880101729e-01
6.791525715962051790e-02
-1.610126669526410481e-01
6.005386801226996196e-01
-1.051238393348952194e-01
3.571216172352433271e-01
-2.878289594625433115e-02
-1.494847732145960229e-01
1.949631078789631489e-01
-1.152089004521258120e-01
-1.259680816151861338e-01
9.341921174277861839e-02
-3.181536444773276628e-02
3.447957184538245068e-01
1.592014681547880284e-01
1.027181922170954387e-01
-1.464211369740466284e-01
3.042016737411419314e-01
2.147116952373956666e-01
1.083430919159824590e-01
6.843506048743923376e-02
1.851736165535597389e-01
-1.125386123762776441e-01
-1.691026502661406861e-01
2.355060878520210538e-02
-1.394404967934436412e-01
-3.346053970356782214e-03
3.106074367960294166e-02
5.406305771418071227e-02
-1.739441258832812309e-01
-1.652040073554962851e-01
-2.965254154444361620e-02
2.111924146395176560e-01
-8.093151389776419291e-02
3.262177241190026417e-02
-1.336050909012556111e-02
-1.659664054835836011e-01
-3.307939601441224620e-02
-1.549637730823208992e-01
-1.275606706583251593e-01
1.335692524560727068e-01
