-3.744171596684723990e+00
5.292902508186592136e-01
4.902715657440448460e+00
4.415499279466933658e+00
3.278211846643151350e+00
7.509066021667981872e+00
6.711491890308298736e+00
-8.389553848396159808e+00
2.482692323809892798e+00
9.649296524558572230e+00
-4.710677464234814593e+00
-1.221852654730983812e+00
-8.964221243656245619e+00
4.126803995207199982e+00
3.851817034800587347e+00
-6.786149830262648841e+00
-3.741052553248364276e+00
9.217882625702618071e+00
8.097368614171926993e-01
-6.263730256172221900e+00
-1.996026020928603373e+00
8.224611263576495190e+00
2.493152738870032525e+00
-1.343882736158222624e+00
4.433879269611186835e+00
1.008449753981441077e+01
-2.786809746906827590e-01
2.579773624697272894e+00
8.759536612743571427e-01
-2.234435171882273030e-01
5.490674147409149164e-01
2.879521128267300334e+00
4.625217812452999233e+00
-5.024404618479858531e-01
1.441483962005528863e+00
1.137044265243754904e+00
1.696879216542703794e+00
2.864262978467234877e+00
7.382657194107672405e-01
-9.482944761763709707e-01
5.844842442741718935e-01
2.295094002815725176e+00
3.785055859948962986e+00
3.428962484697807844e-01
-7.468029878678120737e-01
5.110242384583726372e-01
1.660378562474558617e+00
4.610978327117742914e+00
3.581331542100978371e+00
-1.737984882824875621e+00
2.417794532336630109e+00
7.808613326739537008e+00
3.057592229183385135e-01
-7.572004792357743597e+00
4.539003094853569564e+00
-3.386749740973297840e+00
1.815852281635630838e+00
1.067557092593162515e+01
4.588114829909551773e+00
6.263105666462583265e+00
2.140306710291124404e+00
-3.191295459858883188e+00
2.738413830228237700e+00
8.787155239750669367e+00
-3.161012507645522440e+00
6.204282668332378847e+00
6.078503480384676472e+00
9.119509578916764170e+00
-1.169888892501801170e+00
-6.499941441538908293e+00
-1.880502591533731005e+00
5.546675385435148264e+00
8.964618150932285090e+00
2.337454466687442167e+00
3.032197993845956674e+00
3.312627685779185316e-01
3.544013256981092486e+00
6.564854106143857670e+00
-1.879216556129075677e+00
2.334370496462020217e+00
5.230836902343262373e+00
2.920949962713876413e+00
-4.071746928497742557e-01
2.557219157978818380e+00
2.313627870817180021e+00
-9.771920954416506433e-01
1.509996132484132003e+00
1.923602563872439886e+00
1.646889294127577896e+00
2.302247098972071360e+00
1.590797902923245521e+00
-5.306322080752601256e-01
5.843432633729189751e-01
1.860418683928883210e+00
3.876312478213477686e+00
-1.317750102353379305e+00
-9.684053279716132723e-01
5.357092773822278442e-01
7.108896317509455720e+00
7.288456220395157281e+00
