2.501454636150187927e+00
3.026867490004554462e+00
3.096684229775870989e+00
2.783837687023931196e+00
2.295956875869066938e+00
2.930187651483942890e+00
3.203241701198351166e+00
2.585050170054169705e+00
2.589737297042742803e+00
2.632575266202496600e+00
2.465106368179915464e+00
3.392365488441348109e+00
2.550807664199601366e+00
2.254637701631756919e+00
3.567037141371824038e+00
2.704119155846420597e+00
2.395224647191488643e+00
3.743589080335398389e+00
3.903357045865187835e+00
2.299171849697272396e+00
2.780367161542610877e+00
3.192806939450510750e+00
1.993860547889547918e+00
2.139908466056005487e+00
2.806143696922116959e+00
1.927725197459885020e+00
1.909418710202043457e+00
2.270988055405995354e+00
1.803841364146066217e+00
1.708789439509174723e+00
2.069986303553307483e+00
1.568449837683044468e+00
1.326402450611330108e+00
1.449594928873139343e+00
1.309337025010178346e+00
1.127963588967036523e+00
1.247734990045032522e+00
1.231808741290418174e+00
1.209988459310012532e+00
1.353451888185479124e+00
1.384764992912467463e+00
1.481429737916650780e+00
1.553894319322554063e+00
1.641295448942194035e+00
1.875396125385735413e+00
1.908504556828259924e+00
2.082404534782890337e+00
2.558078528419116981e+00
2.139203595817959158e+00
2.238397466828000226e+00
2.648825312834624857e+00
2.932420128135259763e+00
2.006306289095129980e+00
2.646070487859037978e+00
2.962720790484002276e+00
3.160887463468102787e+00
2.330550836545633331e+00
2.683816807637358970e+00
2.759368986646849820e+00
3.467007944237568751e+00
2.544972152717242420e+00
3.078035986846906269e+00
3.074703361852231698e+00
2.860700112031220765e+00
2.552423369817588217e+00
3.479160615186968286e+00
2.809174055958166605e+00
2.256506015875259230e+00
2.748316485271359078e+00
2.484893420318482260e+00
3.280102299394416665e+00
2.641813062439926529e+00
2.031024475243288219e+00
2.929167606326184004e+00
2.588767571623346253e+00
1.551347479917213779e+00
2.124800021128114391e+00
2.605297887555889425e+00
1.606001152725435199e+00
1.650349026694548638e+00
2.079824218097250377e+00
1.464773138324075852e+00
1.348817971355172007e+00
1.555192467410719592e+00
1.154508338870932294e+00
1.096160107939374351e+00
1.318565707091797545e+00
1.281219147053089369e+00
1.225878585876370774e+00
1.375916605913541924e+00
1.517991478200424460e+00
1.485189191616216986e+00
1.567916347524319187e+00
1.767765138393529334e+00
1.795093212277053540e+00
1.787498174076289192e+00
2.048410247904868697e+00
2.155553000712362000e+00
2.489549157923878653e+00
2.421655865817935016e+00
4.083303226278181874e+00
4.268715814954449073e+00
4.367624405810023092e+00
4.255526722994497746e+00
4.549449251442061914e+00
4.901574865324697328e+00
5.248938803745905268e+00
4.968175173097372443e+00
4.820407927991027464e+00
5.252406882862410420e+00
4.960432276500287507e+00
6.176385255377703665e+00
5.395716345616336618e+00
5.367778569991171089e+00
5.985201885544530143e+00
5.863978020780574063e+00
5.615249676534653567e+00
4.956250707462463545e+00
5.543047713234307672e+00
4.744965767093664688e+00
4.709950469392174099e+00
4.739275752145739595e+00
4.391801799780325588e+00
4.120837912435463934e+00
3.939252411741716031e+00
3.519951310466788108e+00
3.079572267970900779e+00
3.044567513597594477e+00
2.887547403900566856e+00
2.457326544033007654e+00
2.329073222968210288e+00
1.998576653617590848e+00
1.694365312313001803e+00
1.565691404661131436e+00
1.439995199132034553e+00
1.240916134827005246e+00
1.117506171913548618e+00
1.137899623644955449e+00
1.107355643111662680e+00
1.127411643418548604e+00
1.143741653763284072e+00
1.352886762178195701e+00
1.456772181749311335e+00
1.692673316200036471e+00
2.118581697330546909e+00
2.137218437658977788e+00
2.572982749670161606e+00
2.936207112073895509e+00
3.260709100335627220e+00
3.526055797304711525e+00
3.497005566594422188e+00
4.282361530835355090e+00
3.922741171454098286e+00
4.508256633254225321e+00
4.842973543859931951e+00
5.262643138865990444e+00
4.758549741327772864e+00
5.540346294236508484e+00
5.691067248362375430e+00
5.753182131123923071e+00
5.393930179236737565e+00
5.402593334960695159e+00
5.586864536167723827e+00
5.958328753550507173e+00
5.109454162545683964e+00
5.452149491855919017e+00
5.574223304276809010e+00
5.316952109717666630e+00
4.872262633570953128e+00
4.662670683775829161e+00
4.980509136904235135e+00
4.518434210422607400e+00
4.227420930033284563e+00
4.136098882791801934e+00
3.937131596083620177e+00
3.476835565750398871e+00
3.172794392110044548e+00
3.261729732707254303e+00
2.778617728784209984e+00
2.425093938674583338e+00
2.226592326902066876e+00
2.060418583491028244e+00
1.444968731768913717e+00
1.420370489734651187e+00
1.258477370054230438e+00
1.116139436222768122e+00
1.000803169721739216e+00
1.181919980872134790e+00
9.767300886215661837e-01
1.075147371011220709e+00
1.266721371063345369e+00
1.317624571841487180e+00
1.381001522801395653e+00
1.710680949349349556e+00
2.183240302699625879e+00
2.501297984772429039e+00
2.668373678398977766e+00
2.940817476747105363e+00
3.521534390908186207e+00
3.877788196137069932e+00
