3.183172047138214111e-01
-7.419435381889343262e-01
7.840520739555358887e-01
1.003863811492919922e+00
8.292291760444641113e-01
-2.609805762767791748e-01
1.007661461830139160e+00
1.790776848793029785e-01
-1.305948793888092041e-01
8.386716842651367188e-01
-1.628692746162414551e-01
1.958440095186233521e-01
4.124962687492370605e-01
5.301072597503662109e-01
-7.345575690269470215e-01
-6.348433494567871094e-01
6.457546353340148926e-01
-9.899897575378417969e-01
-3.514064550399780273e-01
-1.627373099327087402e-01
1.449510216712951660e+00
-1.144295930862426758e+00
1.266811370849609375e+00
1.070098802447319031e-01
-2.501560926437377930e+00
1.506936669349670410e+00
-2.635147571563720703e-01
4.027572870254516602e-01
4.999704360961914062e-01
-1.064803004264831543e+00
-9.161128848791122437e-02
4.140337705612182617e-01
8.207932710647583008e-01
6.544812321662902832e-01
-1.873857855796813965e+00
-1.960514187812805176e+00
1.888267755508422852e+00
2.054861068725585938e+00
2.193729877471923828e-01
-5.071218311786651611e-02
2.237267494201660156e+00
6.534327268600463867e-01
-6.013836860656738281e-01
1.297025680541992188e-01
-1.672376871109008789e+00
-3.070459127426147461e+00
7.237223535776138306e-02
1.161159396171569824e+00
-4.664457738399505615e-01
-6.864216327667236328e-01
-1.775606989860534668e+00
1.080625176429748535e+00
7.135024070739746094e-01
2.511750757694244385e-01
1.385094761848449707e+00
1.079887270927429199e+00
-9.594962000846862793e-01
9.103566408157348633e-01
-1.129185631871223450e-01
-1.694999456405639648e+00
5.269966125488281250e-01
