5.846400260925292969e-01
-4.622766673564910889e-01
-7.199117541313171387e-01
-3.350347876548767090e-01
6.804251074790954590e-01
3.715682327747344971e-01
-7.521522641181945801e-01
6.091188788414001465e-01
7.581632733345031738e-01
-8.011090159416198730e-01
6.160285472869873047e-01
-7.382050156593322754e-01
-3.093385696411132812e-01
3.026806116104125977e-01
5.834994316101074219e-01
-5.137750506401062012e-01
6.729251742362976074e-01
8.580904006958007812e-01
-8.878794908523559570e-01
-8.543128371238708496e-01
-1.357338428497314453e+00
1.383502960205078125e+00
5.500087738037109375e-01
1.199691295623779297e+00
1.290785193443298340e+00
1.907552719116210938e+00
4.008834362030029297e-01
-1.166735053062438965e+00
-4.881235212087631226e-02
-1.571676731109619141e+00
-1.102725148200988770e+00
-5.799653381109237671e-02
1.230685710906982422e+00
-1.163297176361083984e+00
-1.173877477645874023e+00
5.510792732238769531e-01
1.584484338760375977e+00
2.543147325515747070e+00
2.411079406738281250e+00
3.200477361679077148e+00
-8.588557839393615723e-01
-1.825790643692016602e+00
9.138625860214233398e-02
-1.184185385704040527e+00
-1.026065349578857422e+00
3.546355009078979492e+00
-7.819843292236328125e-01
-6.439912915229797363e-01
2.546853721141815186e-01
1.392348051071166992e+00
-6.191290020942687988e-01
-2.360470741987228394e-01
-1.901323556900024414e+00
1.855875968933105469e+00
-7.193015217781066895e-01
-8.042181730270385742e-01
1.092204093933105469e+00
-1.458742022514343262e+00
1.506648063659667969e+00
2.020339727401733398e+00
-5.957478284835815430e-01
