-9.013894796371459961e-01
-1.120433807373046875e+00
-8.125999569892883301e-01
-1.010481119155883789e+00
3.880936503410339355e-01
-1.211183965206146240e-01
-8.893574476242065430e-01
-7.301089763641357422e-01
2.429095953702926636e-01
-1.009570479393005371e+00
-8.094869852066040039e-01
9.162031412124633789e-01
7.949033975601196289e-01
4.827503561973571777e-01
-7.678471803665161133e-01
-1.058416604995727539e+00
-9.853281378746032715e-01
9.506340026855468750e-01
-8.215610980987548828e-01
8.675885200500488281e-01
-1.747211575508117676e+00
-1.317802548408508301e+00
1.411044239997863770e+00
7.675961852073669434e-01
2.153478145599365234e+00
-3.173018693923950195e-01
-2.590839385986328125e+00
-5.652635097503662109e-01
-6.400136947631835938e-01
-2.841840982437133789e-01
1.433379411697387695e+00
-1.535969138145446777e+00
-2.661676168441772461e+00
-2.085287570953369141e+00
1.604789376258850098e+00
-1.160235047340393066e+00
1.064949184656143188e-01
-1.464891672134399414e+00
4.708089530467987061e-01
-1.025955200195312500e+00
1.163411617279052734e+00
9.375907778739929199e-01
1.210371017456054688e+00
-7.900907397270202637e-01
3.497332096099853516e+00
-5.370216965675354004e-01
1.408564209938049316e+00
-1.333554983139038086e+00
1.329630017280578613e+00
3.752277195453643799e-01
1.184427142143249512e+00
1.079653739929199219e+00
-1.843447208404541016e+00
3.016216754913330078e+00
1.255177855491638184e+00
-6.698840856552124023e-01
-7.854955792427062988e-01
1.103635191917419434e+00
3.565309047698974609e-01
-7.909670472145080566e-01
-1.068981647491455078e+00
