9.890320897102355957e-01
1.300179481506347656e+00
1.312955141067504883e+00
-1.548269271850585938e+00
1.073437929153442383e+00
9.102965593338012695e-01
1.231295585632324219e+00
6.526243090629577637e-01
-7.210260629653930664e-01
1.081702828407287598e+00
-8.899778127670288086e-01
-2.667322456836700439e-01
7.194006443023681641e-01
1.074624538421630859e+00
1.189722657203674316e+00
1.603337824344635010e-01
-1.092160224914550781e+00
-1.424583643674850464e-01
5.198596715927124023e-01
-6.277453899383544922e-01
-1.532742023468017578e+00
1.000304445624351501e-01
5.947805643081665039e-01
-1.088885188102722168e+00
1.295974612236022949e+00
3.190674781799316406e+00
8.507217168807983398e-01
-6.134448945522308350e-02
2.458329916000366211e+00
3.148571252822875977e+00
-2.603014469146728516e+00
-1.087345480918884277e+00
-1.371930539608001709e-01
-2.673614501953125000e+00
-1.773705482482910156e+00
-9.086437225341796875e-01
-2.384718179702758789e+00
3.554368615150451660e-01
-7.715656161308288574e-01
2.570926189422607422e+00
-6.793349385261535645e-01
-2.087024152278900146e-01
3.462521731853485107e-01
-6.316780112683773041e-03
-5.844758152961730957e-01
-2.066123247146606445e+00
-1.810262054204940796e-01
5.003102421760559082e-01
2.346161127090454102e+00
-2.395029783248901367e+00
-2.875664234161376953e+00
-5.217255115509033203e+00
3.868211805820465088e-01
-9.099120497703552246e-01
-2.344310134649276733e-01
4.750205039978027344e+00
1.708025455474853516e+00
-8.893428444862365723e-01
-1.761395782232284546e-01
-1.840856790542602539e+00
1.177859783172607422e+00
