1.150007009506225586e+00
7.394953370094299316e-01
9.015040397644042969e-01
-5.847957730293273926e-01
6.659715175628662109e-01
7.226153016090393066e-01
-8.927490711212158203e-01
9.521222114562988281e-01
-7.734482288360595703e-01
-3.837795555591583252e-01
-7.544082999229431152e-01
-3.121728897094726562e-01
-5.790419578552246094e-01
-7.450764775276184082e-01
-4.240939915180206299e-01
-4.316018819808959961e-01
-8.362583518028259277e-01
2.382817715406417847e-01
5.437853932380676270e-01
-3.137407004833221436e-01
-4.433166384696960449e-01
-1.898614883422851562e+00
3.084963187575340271e-02
-7.986224889755249023e-01
2.528680562973022461e+00
1.973614454269409180e+00
-7.877445220947265625e-01
4.965592026710510254e-01
-3.063326179981231689e-01
1.879685521125793457e+00
-5.065329670906066895e-01
-9.717310070991516113e-01
3.759371489286422729e-02
1.709961146116256714e-02
-1.902524352073669434e+00
-3.312838077545166016e-01
-3.604898154735565186e-01
4.557596743106842041e-01
-1.198475122451782227e+00
-1.659545063972473145e+00
5.452798008918762207e-01
-1.388086915016174316e+00
-1.671482026576995850e-01
8.339075446128845215e-01
-1.517550349235534668e+00
-1.842027306556701660e+00
-1.777140200138092041e-01
5.584616661071777344e-01
3.671263158321380615e-01
-2.797256946563720703e+00
8.464126288890838623e-02
-5.842809677124023438e-01
8.860608339309692383e-01
1.195713207125663757e-01
-2.363073587417602539e+00
-6.167141199111938477e-01
-9.069161415100097656e-01
1.269955515861511230e+00
-7.898947596549987793e-01
-9.988643527030944824e-01
-2.701819874346256256e-03
