-8.240311741828918457e-01
9.891793727874755859e-01
9.976473450660705566e-01
9.513747692108154297e-01
-2.258577942848205566e-01
2.132519632577896118e-01
-1.206461563706398010e-01
-8.186637163162231445e-01
-1.198146224021911621e+00
3.846558332443237305e-01
1.393337368965148926e+00
1.445739030838012695e+00
6.497715711593627930e-01
1.261113047599792480e+00
-1.255873560905456543e+00
8.719527125358581543e-01
-8.578485250473022461e-01
1.218368887901306152e+00
-1.158384457230567932e-01
9.010080099105834961e-01
1.006458640098571777e+00
-2.045985937118530273e+00
2.670087099075317383e+00
1.376009583473205566e+00
-9.632164239883422852e-01
-2.194692045450210571e-01
-3.083083033561706543e-01
-3.429933547973632812e+00
1.302540302276611328e+00
-1.728816866874694824e+00
1.446078538894653320e+00
1.335319876670837402e+00
2.815921008586883545e-01
9.336518645286560059e-01
1.592103719711303711e+00
6.635106801986694336e-01
-3.379919767379760742e+00
1.172285556793212891e+00
1.163012310862541199e-01
-2.797984361648559570e+00
-1.369899511337280273e+00
-1.780801177024841309e+00
-1.390797138214111328e+00
-1.502102732658386230e+00
-2.569315433502197266e+00
5.079826712608337402e-01
-2.087298393249511719e+00
-2.692348241806030273e+00
5.474574565887451172e-01
2.829069614410400391e+00
-3.262537717819213867e-01
-5.307117700576782227e-01
-2.840934395790100098e-01
-4.212432503700256348e-01
3.653648495674133301e-01
9.446371793746948242e-01
2.961602687835693359e+00
1.741901755332946777e+00
-5.506130456924438477e-01
-1.374620795249938965e+00
-2.417875230312347412e-01
