-4.115116894245147705e-01
-8.631482720375061035e-01
7.818387746810913086e-01
4.189304709434509277e-01
-8.262956738471984863e-01
-3.230367004871368408e-01
9.113652110099792480e-01
-1.104565978050231934e+00
2.325519770383834839e-01
9.059095382690429688e-01
-9.253733158111572266e-01
3.378444910049438477e-01
-1.193477362394332886e-01
9.792460799217224121e-01
7.404224872589111328e-01
1.030509591102600098e+00
8.422282934188842773e-01
2.120357751846313477e-01
8.858738541603088379e-01
-3.779987096786499023e-01
1.744115352630615234e+00
2.460600882768630981e-01
-2.385072469711303711e+00
2.184687852859497070e-01
-2.686761856079101562e+00
2.073900461196899414e+00
1.930558323860168457e+00
6.416679620742797852e-01
9.970993399620056152e-01
-1.761050105094909668e+00
-5.245018005371093750e-01
2.969658672809600830e-01
-9.131125360727310181e-02
4.890650212764739990e-01
7.662799358367919922e-01
-7.768226265907287598e-01
-9.531772136688232422e-02
7.159401178359985352e-01
2.110228389501571655e-01
-2.277307748794555664e+00
-2.313444137573242188e+00
-5.281481742858886719e-01
-2.046864271163940430e+00
7.881990075111389160e-01
2.011026620864868164e+00
-1.666893839836120605e+00
-1.498941898345947266e+00
2.768998742103576660e-01
1.354503989219665527e+00
-1.414314627647399902e+00
1.296844929456710815e-01
8.063526153564453125e-01
-1.404976487159729004e+00
-1.405446827411651611e-01
-1.494197696447372437e-01
-2.728749811649322510e-01
4.253940582275390625e-01
1.465120315551757812e+00
1.083326935768127441e-01
-1.917804479598999023e+00
-2.704438865184783936e-01
