4.328742623329162598e-01
-9.807856678962707520e-01
-1.548959136009216309e+00
1.253307700157165527e+00
1.131388545036315918e+00
8.666396141052246094e-01
8.554156422615051270e-01
-1.998111367225646973e+00
-1.094583034515380859e+00
-8.583158850669860840e-01
-3.264409005641937256e-01
1.142376542091369629e+00
6.881146430969238281e-01
1.483679413795471191e-01
4.481779038906097412e-01
1.238685131072998047e+00
3.763690292835235596e-01
1.072018980979919434e+00
-2.161203473806381226e-01
4.728038311004638672e-01
-1.710682630538940430e+00
3.322160005569458008e+00
-2.109339475631713867e+00
2.695024013519287109e+00
-3.037374258041381836e+00
-3.412727832794189453e+00
4.756435155868530273e-01
-1.384997844696044922e+00
-3.340144395828247070e+00
-1.721658557653427124e-01
-1.515861511230468750e+00
-6.610999107360839844e-01
2.023906230926513672e+00
-1.701695680618286133e+00
-2.037517309188842773e+00
-2.437659025192260742e+00
-1.612989455461502075e-01
1.063035249710083008e+00
-4.603521525859832764e-01
-1.998787045478820801e+00
1.403443098068237305e+00
1.287795305252075195e+00
7.344766855239868164e-01
-1.566761970520019531e+00
-1.239377260208129883e+00
-1.706321716308593750e+00
1.168361529707908630e-01
1.993902176618576050e-01
1.617504239082336426e+00
-2.752255499362945557e-01
-3.979546308517456055e+00
5.344380140304565430e-01
8.387467265129089355e-01
3.777510225772857666e-01
2.280841827392578125e+00
-5.509408116340637207e-01
3.684303164482116699e-01
1.004648581147193909e-01
-1.108118176460266113e+00
1.428830742835998535e+00
-7.134881019592285156e-01
