-1.263059973716735840e+00
2.719209194183349609e-01
-6.443970799446105957e-01
3.424826860427856445e-01
-8.007887601852416992e-01
-9.131725430488586426e-01
1.558860987424850464e-01
9.345905780792236328e-01
-9.520629048347473145e-01
6.914212107658386230e-01
-4.188610017299652100e-01
6.591253280639648438e-01
1.032181262969970703e+00
1.240549311041831970e-01
8.926426172256469727e-01
-3.590155839920043945e-01
3.399567902088165283e-01
-8.590889573097229004e-01
2.337094098329544067e-01
-9.665843248367309570e-01
-1.864322423934936523e-01
-1.047027707099914551e+00
-2.271926403045654297e+00
-1.660063982009887695e+00
-1.797046422958374023e+00
-3.144905805587768555e+00
7.056493759155273438e-01
-1.260487675666809082e+00
2.181544065475463867e+00
1.665864706039428711e+00
-3.166144341230392456e-02
-9.255290031433105469e-01
5.667006969451904297e-01
2.278304696083068848e-01
-1.237595677375793457e+00
5.349296331405639648e-01
1.797646284103393555e+00
2.852427005767822266e+00
-8.963392972946166992e-01
1.261003494262695312e+00
-1.669964045286178589e-01
2.246690511703491211e+00
-2.161072492599487305e+00
1.834186553955078125e+00
1.861406803131103516e+00
1.857930541038513184e+00
4.992331266403198242e-01
-5.486298799514770508e-01
2.096078157424926758e+00
-1.117813825607299805e+00
-8.651958107948303223e-01
1.542023301124572754e+00
-3.318536654114723206e-02
3.917087316513061523e-01
-6.405039429664611816e-01
-1.179357409477233887e+00
2.659533977508544922e+00
2.016280651092529297e+00
1.259675860404968262e+00
4.673231244087219238e-01
1.753084659576416016e-01
