-7.651827335357666016e-01
-7.654698491096496582e-01
7.793988585472106934e-01
1.189429640769958496e+00
4.577036499977111816e-01
-8.531543612480163574e-01
-4.179649651050567627e-01
8.358968496322631836e-01
7.493365406990051270e-01
-8.203563094139099121e-01
-3.900829553604125977e-01
6.882693767547607422e-01
-9.164898395538330078e-01
8.963860273361206055e-01
8.306366801261901855e-01
-3.201858997344970703e-01
9.700439572334289551e-01
6.840847730636596680e-01
-8.593277931213378906e-01
6.358954906463623047e-01
-2.016706943511962891e+00
-1.669102549552917480e+00
-1.669398665428161621e+00
1.607746183872222900e-01
-5.902671813964843750e-01
-6.448616981506347656e-01
1.265997409820556641e+00
-2.672186791896820068e-01
-2.449351072311401367e+00
2.746995687484741211e-01
2.025177478790283203e+00
1.057011008262634277e+00
-6.414844095706939697e-02
-5.763334631919860840e-01
-9.785640835762023926e-01
-1.630446672439575195e+00
-5.251632332801818848e-01
1.055914998054504395e+00
8.800755739212036133e-01
-1.270846605300903320e+00
2.210604667663574219e+00
-1.487851142883300781e+00
-1.691662073135375977e+00
2.955543398857116699e-01
5.910710096359252930e-01
-1.080839276313781738e+00
-8.102374672889709473e-01
-2.885575294494628906e-01
-1.774828672409057617e+00
2.217376530170440674e-01
-2.386499166488647461e+00
-1.419951081275939941e+00
2.030661702156066895e-01
-2.453703582286834717e-01
-8.342499732971191406e-01
-3.250833749771118164e+00
8.224804401397705078e-01
-7.545556426048278809e-01
-8.155620694160461426e-01
9.700488448143005371e-01
-4.349041879177093506e-01
