1.094616770744323730e+00
1.248060226440429688e+00
1.143592834472656250e+00
1.286628246307373047e+00
-3.035444319248199463e-01
3.269676566123962402e-01
1.045566320419311523e+00
-8.119762539863586426e-01
-1.156068086624145508e+00
-1.279024720191955566e+00
-1.046637415885925293e+00
1.030939698219299316e+00
-1.487985610961914062e+00
1.971627712249755859e+00
1.236479520797729492e+00
-5.342498421669006348e-01
-1.496311068534851074e+00
1.463395804166793823e-01
-1.085267186164855957e+00
1.308218836784362793e-01
-5.732280015945434570e-01
-1.522621631622314453e+00
1.967489838600158691e+00
3.223944187164306641e+00
1.391577482223510742e+00
1.319628238677978516e+00
3.356179714202880859e+00
2.753601789474487305e+00
5.126249790191650391e-01
-7.944455146789550781e-01
-2.777177810668945312e+00
-2.366607666015625000e+00
1.014686226844787598e+00
2.141774743795394897e-01
7.124868035316467285e-01
1.925406336784362793e+00
-1.025316715240478516e+00
-3.897098600864410400e-01
7.899393439292907715e-01
-1.031760215759277344e+00
-4.193347990512847900e-01
-7.551679611206054688e-01
-9.182186126708984375e-01
-2.227264642715454102e+00
-1.889182448387145996e+00
3.533616065979003906e+00
-2.150050401687622070e+00
2.628771781921386719e+00
-1.995958201587200165e-02
1.091611146926879883e+00
-2.538070917129516602e+00
-1.266598701477050781e+00
4.005638360977172852e-01
3.895424604415893555e-01
-1.301112413406372070e+00
-1.967046737670898438e+00
-1.770020723342895508e+00
1.894365906715393066e+00
-1.873314857482910156e+00
7.639298439025878906e-01
6.495252847671508789e-01
