2.369853109121322632e-01
9.060947299003601074e-01
-2.647766768932342529e-01
-9.379442930221557617e-01
-1.182114601135253906e+00
-1.123657703399658203e+00
6.284434795379638672e-01
-5.967741012573242188e-01
1.165628314018249512e+00
-1.088472485542297363e+00
-1.287876009941101074e+00
-9.588805437088012695e-01
-1.348902583122253418e+00
-8.113641738891601562e-01
-9.732550978660583496e-01
9.404153823852539062e-01
1.275114893913269043e+00
3.121976852416992188e-01
8.203079700469970703e-01
1.097802162170410156e+00
-1.119940996170043945e+00
2.370888948440551758e+00
-9.171437621116638184e-01
-3.016071796417236328e+00
-1.204400882124900818e-01
3.868775069713592529e-01
-7.087371349334716797e-01
3.677513599395751953e-01
3.799186050891876221e-01
9.002116322517395020e-01
5.847839713096618652e-01
-2.410474300384521484e+00
-6.005540490150451660e-01
3.544765472412109375e+00
-2.075595140457153320e+00
-2.262811183929443359e+00
9.881729483604431152e-01
1.517903804779052734e+00
-3.242285966873168945e+00
-8.015152812004089355e-01
1.375411272048950195e+00
1.751794099807739258e+00
-1.355796456336975098e+00
1.695963978767395020e+00
4.587119221687316895e-01
3.016250729560852051e-01
-7.189036905765533447e-02
-1.231268525123596191e+00
-1.996932625770568848e-01
3.053258359432220459e-01
-9.830819368362426758e-01
1.595539331436157227e+00
-9.691036343574523926e-01
-2.929315805435180664e+00
1.421663045883178711e+00
-1.507557630538940430e+00
-5.067275166511535645e-01
3.408809423446655273e+00
-2.779288053512573242e+00
-2.897413372993469238e-01
-1.146963834762573242e+00
