1.255388498306274414e+00
-7.427323460578918457e-01
-1.147370576858520508e+00
-6.083444952964782715e-01
-5.724690109491348267e-02
-1.497993826866149902e+00
1.045016884803771973e+00
1.116808056831359863e+00
6.553850769996643066e-01
9.766780138015747070e-01
-2.636376321315765381e-01
2.908789515495300293e-01
5.319467782974243164e-01
9.099950790405273438e-01
9.582422971725463867e-01
-8.441054821014404297e-02
-9.418796300888061523e-01
1.004142761230468750e+00
-5.382410287857055664e-01
-3.931774795055389404e-01
-5.862696170806884766e-01
-4.370162636041641235e-02
2.079431772232055664e+00
-8.020560145378112793e-01
-1.597409397363662720e-01
-4.777937829494476318e-01
-4.699742496013641357e-01
-7.527782917022705078e-01
8.857217431068420410e-01
-2.687755346298217773e+00
-4.758976995944976807e-01
5.891754627227783203e-01
-2.736248970031738281e+00
-3.432922840118408203e+00
3.084333658218383789e+00
-1.078188419342041016e-01
-2.064444780349731445e+00
1.060229167342185974e-01
1.618115544319152832e+00
-2.033121347427368164e+00
-1.754834949970245361e-01
-2.695057094097137451e-01
6.194609403610229492e-01
5.073080062866210938e-01
-6.957066059112548828e-01
-9.651186317205429077e-02
3.148969113826751709e-01
3.642883598804473877e-01
-5.629115104675292969e-01
-2.221198320388793945e+00
-9.132633805274963379e-01
8.978648185729980469e-01
2.785871505737304688e+00
-1.738446712493896484e+00
-1.414002299308776855e+00
-1.763889670372009277e+00
1.741296529769897461e+00
5.758360624313354492e-01
-1.667779922485351562e+00
-3.546524524688720703e+00
-1.189341306686401367e+00
