-2.668138444423675537e-01
6.302896738052368164e-01
9.271894097328186035e-01
-4.697580933570861816e-01
8.197636008262634277e-01
1.030136466026306152e+00
-8.627753853797912598e-01
-1.622229665517807007e-01
-9.299951791763305664e-01
-4.775904417037963867e-01
-9.929969310760498047e-01
3.594733476638793945e-01
3.087318837642669678e-01
-1.073824524879455566e+00
9.893357753753662109e-01
-2.577869892120361328e-01
-8.505344390869140625e-01
-4.525569975376129150e-01
-4.394949972629547119e-01
-1.044630169868469238e+00
-1.392183542251586914e+00
-4.063719511032104492e-01
2.148608922958374023e+00
1.944150805473327637e+00
-1.218326687812805176e-01
-1.079652786254882812e+00
3.208353996276855469e+00
-3.712158203125000000e-01
2.595718622207641602e+00
1.074340939521789551e+00
-1.388791084289550781e+00
1.778486847877502441e+00
1.427484869956970215e+00
8.733291029930114746e-01
3.335653543472290039e+00
-1.300450444221496582e+00
-7.911947369575500488e-01
2.778419494628906250e+00
9.112753868103027344e-01
2.064753293991088867e+00
-6.019219160079956055e-01
7.729607820510864258e-01
-1.669131994247436523e+00
-1.769984364509582520e+00
4.747750163078308105e-01
-3.817983567714691162e-01
1.856927633285522461e+00
-3.863428235054016113e-01
1.760414600372314453e+00
-6.792238950729370117e-01
5.078033208847045898e-01
1.004210829734802246e+00
1.991102337837219238e+00
7.628490030765533447e-02
-1.109586715698242188e+00
-8.766986131668090820e-01
6.558993831276893616e-03
-1.634841561317443848e+00
-1.830677628517150879e+00
1.075946807861328125e+00
-6.871668696403503418e-01
