-1.092704772949218750e+00
9.603438377380371094e-01
-1.250112533569335938e+00
9.720092415809631348e-01
3.431344926357269287e-01
-8.452581167221069336e-01
-2.017356753349304199e-01
-7.355040311813354492e-01
-8.492385745048522949e-01
1.065961837768554688e+00
-9.309083819389343262e-01
1.207540154457092285e+00
-6.055898666381835938e-01
-2.598151266574859619e-01
8.892062902450561523e-01
2.944068610668182373e-01
4.261983633041381836e-01
1.101580381393432617e+00
1.167600989341735840e+00
-1.010808825492858887e+00
5.049106851220130920e-02
1.149937808513641357e-01
-1.231184363365173340e+00
-2.471199989318847656e+00
1.857535719871520996e+00
2.953416347503662109e+00
-1.093462109565734863e+00
-2.065278053283691406e+00
-3.688925877213478088e-02
1.236102730035781860e-01
-9.165003895759582520e-01
3.500017225742340088e-01
1.734804272651672363e+00
2.036277055740356445e+00
1.003042101860046387e+00
-7.123497724533081055e-01
-1.473205566406250000e+00
7.919694185256958008e-01
1.092967465519905090e-01
1.751457214355468750e+00
-4.925361275672912598e-01
6.695836037397384644e-02
-1.098758339881896973e+00
-1.777017831802368164e+00
3.360227823257446289e+00
2.647324085235595703e+00
-9.377294778823852539e-01
2.272705554962158203e+00
3.341298922896385193e-02
-7.751461118459701538e-02
7.773986458778381348e-01
6.749736666679382324e-01
-8.366559743881225586e-01
-7.884097099304199219e-01
-7.663720846176147461e-01
2.447124004364013672e+00
3.262196302413940430e+00
-4.853162765502929688e-01
-2.588262856006622314e-01
1.015319943428039551e+00
-8.345760703086853027e-01
