-3.127390146255493164e-01
2.436342239379882812e-01
-1.213070631027221680e+00
-1.248424291610717773e+00
7.819994688034057617e-01
-1.279386520385742188e+00
1.002531051635742188e+00
1.306793451309204102e+00
4.582766890525817871e-01
3.472778201103210449e-01
8.400829434394836426e-01
-9.344044327735900879e-01
1.496283888816833496e+00
-8.988031148910522461e-01
-7.930787801742553711e-01
-2.881951034069061279e-01
-1.439693689346313477e+00
7.189163565635681152e-01
4.443542063236236572e-01
-1.110041514039039612e-01
-9.786438941955566406e-01
9.584913849830627441e-01
2.440970540046691895e-01
4.244883060455322266e-01
-1.896311163902282715e+00
5.341494679450988770e-01
1.301856338977813721e-01
-1.372685581445693970e-01
7.137251645326614380e-02
2.229913234710693359e+00
1.628759264945983887e+00
-1.139612570405006409e-01
-1.947183609008789062e+00
-2.717010259628295898e+00
2.866294622421264648e+00
8.893713355064392090e-01
1.828762888908386230e+00
-1.869243383407592773e+00
-2.367367982864379883e+00
4.489628970623016357e-01
-1.303506135940551758e+00
1.387943267822265625e+00
-2.812165319919586182e-01
2.734476514160633087e-02
-1.504975557327270508e+00
1.213294789195060730e-01
9.097214043140411377e-02
2.481382787227630615e-01
4.899555742740631104e-01
3.743172168731689453e+00
-2.245882511138916016e+00
-7.265276275575160980e-03
-1.875166416168212891e+00
1.678660273551940918e+00
1.752180933952331543e+00
-3.074417591094970703e+00
-2.068874597549438477e+00
-1.497793078422546387e+00
2.573015451431274414e+00
-1.809455633163452148e+00
-1.212447881698608398e+00
