-8.553441762924194336e-01
-6.427359580993652344e-01
-1.803397238254547119e-01
8.272848129272460938e-01
-8.117109537124633789e-01
-4.733437001705169678e-01
8.003613352775573730e-01
7.678450942039489746e-01
-9.969567060470581055e-01
-6.993935704231262207e-01
3.969608843326568604e-01
7.941825389862060547e-01
-5.257721543312072754e-01
9.778417944908142090e-01
7.581768631935119629e-01
7.415036559104919434e-01
-1.042842984199523926e+00
-8.007151484489440918e-01
6.609812378883361816e-01
-6.857303380966186523e-01
4.671030640602111816e-01
1.136262536048889160e+00
2.365885674953460693e-01
-8.121931552886962891e-01
-2.271783351898193359e+00
2.433686733245849609e+00
-5.749945640563964844e-01
8.862229585647583008e-01
-1.079590201377868652e+00
-1.118455410003662109e+00
2.106380939483642578e+00
-7.801310420036315918e-01
4.368382990360260010e-01
4.513100087642669678e-01
-2.330176353454589844e+00
-9.873566776514053345e-02
6.081150770187377930e-01
1.617926210165023804e-01
8.414425253868103027e-01
1.467661738395690918e+00
-4.659005403518676758e-01
8.834915161132812500e-01
-7.969475388526916504e-01
-6.975612640380859375e-01
1.526592612266540527e+00
-2.838514089584350586e+00
6.383105516433715820e-01
-5.562579631805419922e-01
-5.980061888694763184e-01
6.709411740303039551e-01
3.445193290710449219e+00
8.215325474739074707e-01
-2.780057191848754883e-01
4.189366400241851807e-01
-1.409115195274353027e+00
6.589980125427246094e-01
3.114951550960540771e-01
-2.319325059652328491e-01
-6.867028474807739258e-01
8.994271755218505859e-01
-4.808968305587768555e-01
