5.713406801223754883e-01
4.876588284969329834e-01
8.992035984992980957e-01
-2.928014397621154785e-01
-4.627687335014343262e-01
-3.701891005039215088e-01
1.053573966026306152e+00
1.890241652727127075e-01
-4.072623550891876221e-01
-2.745133042335510254e-01
8.501939773559570312e-01
-7.432181239128112793e-01
-1.316723525524139404e-01
8.415424823760986328e-01
-3.500393927097320557e-01
-7.232228517532348633e-01
-1.855752468109130859e-01
-3.785623610019683838e-01
-1.408800482749938965e-01
3.199910819530487061e-01
5.380299091339111328e-01
4.660263061523437500e-01
-2.921064376831054688e+00
-1.545386314392089844e+00
3.058283329010009766e-01
8.705254644155502319e-03
1.515973657369613647e-01
-1.010201424360275269e-01
-9.453759193420410156e-01
-1.428840398788452148e+00
1.852592468261718750e+00
-2.401046991348266602e+00
-4.034678339958190918e-01
-1.773475646972656250e+00
2.052053213119506836e+00
-6.076195463538169861e-02
8.413822054862976074e-01
-8.484265804290771484e-01
3.876886516809463501e-02
1.696477532386779785e+00
-4.660173058509826660e-01
7.700378298759460449e-01
-1.721481204032897949e+00
-1.394574165344238281e+00
3.475804328918457031e-01
6.301665306091308594e-01
3.371061980724334717e-01
2.380264282226562500e+00
8.714322447776794434e-01
-1.292560696601867676e+00
-1.370805859565734863e+00
2.346235990524291992e+00
-8.446878790855407715e-01
-2.254876613616943359e+00
-2.215497255325317383e+00
-8.451394438743591309e-01
-2.497641324996948242e+00
1.006171345710754395e+00
-2.772458314895629883e+00
2.500654220581054688e+00
-1.743977889418601990e-02
