2.409212142229080200e-01
-1.091972231864929199e+00
1.370196580886840820e+00
-2.070072650909423828e+00
-5.937888622283935547e-01
9.698696136474609375e-01
1.974829196929931641e+00
1.372126340866088867e+00
-8.977057933807373047e-01
1.317348003387451172e+00
-2.066503047943115234e+00
3.048748075962066650e-01
-1.070229053497314453e+00
-1.035047411918640137e+00
9.370942711830139160e-01
-1.572199910879135132e-01
2.559153079986572266e+00
1.325877308845520020e-01
1.011815547943115234e+00
7.986611127853393555e-01
1.855747103691101074e+00
2.400177955627441406e+00
1.837754994630813599e-01
1.476381301879882812e+00
-3.112944841384887695e+00
-3.528473854064941406e+00
5.623964592814445496e-02
4.795675277709960938e-01
-4.575848102569580078e+00
-1.982849717140197754e+00
-3.663409650325775146e-01
-6.121935844421386719e-01
3.874170064926147461e+00
1.810091495513916016e+00
1.832067251205444336e+00
-9.494308829307556152e-01
5.067416429519653320e-01
-2.719959020614624023e-01
-2.765316486358642578e+00
2.511334419250488281e+00
1.158199191093444824e+00
1.561279058456420898e+00
2.552939653396606445e-01
1.026760414242744446e-01
-3.336219072341918945e+00
2.430913209915161133e+00
-1.363964229822158813e-01
-2.735570967197418213e-01
1.549668312072753906e+00
-1.289649724960327148e+00
-9.759989380836486816e-02
8.097513318061828613e-01
2.785634517669677734e+00
-1.329732894897460938e+00
-1.464510560035705566e+00
-1.549600243568420410e+00
3.133356571197509766e-02
8.398748397827148438e+00
-1.347974538803100586e+00
-2.160909175872802734e+00
-1.068319678306579590e+00
