-7.017588019371032715e-01
-9.356263279914855957e-01
-1.319070219993591309e+00
1.142981410026550293e+00
-1.336759567260742188e+00
-2.982293367385864258e-01
-7.834920883178710938e-01
-1.015828013420104980e+00
8.846555948257446289e-01
1.783615946769714355e-01
9.167043566703796387e-01
-4.480210244655609131e-01
7.498942613601684570e-01
9.619864821434020996e-01
-9.753283262252807617e-01
1.166172504425048828e+00
1.320076107978820801e+00
9.381286501884460449e-01
-9.703869819641113281e-01
1.737760603427886963e-01
1.163615107536315918e+00
-7.597935199737548828e-01
-1.690901368856430054e-01
-3.325607478618621826e-01
-1.729940325021743774e-01
1.451962232589721680e+00
-2.229634761810302734e+00
6.419806480407714844e-01
9.449253082275390625e-01
-9.086122512817382812e-01
1.332464933395385742e+00
-2.201750278472900391e+00
-2.139197826385498047e+00
3.852272033691406250e-02
-3.838218450546264648e-01
1.652397513389587402e+00
9.930605292320251465e-01
-1.594904512166976929e-01
-1.262131780385971069e-01
-6.836572885513305664e-01
1.098956465721130371e+00
1.778805494308471680e+00
-9.460702538490295410e-01
7.593108415603637695e-01
-5.472904443740844727e-01
-2.507256031036376953e+00
1.780752897262573242e+00
-9.846944808959960938e-01
-1.055193901062011719e+00
1.080116033554077148e+00
-1.202286601066589355e+00
-2.731809139251708984e+00
-2.385261058807373047e+00
-6.382061839103698730e-01
7.954723238945007324e-01
1.545514822006225586e+00
2.089745998382568359e+00
-4.002004265785217285e-01
6.426430344581604004e-01
2.915464162826538086e+00
1.379567623138427734e+00
