1.068669319152832031e+00
9.564642310142517090e-01
-3.470385372638702393e-01
1.000749826431274414e+00
9.377569556236267090e-01
1.070279598236083984e+00
-1.344946175813674927e-01
-3.782261908054351807e-01
-1.035243988037109375e+00
1.877486705780029297e-01
-8.923233151435852051e-01
-8.855633139610290527e-01
-8.748776912689208984e-01
4.481092095375061035e-01
-3.456323742866516113e-01
-2.687127590179443359e-01
-1.765869706869125366e-01
1.019052624702453613e+00
4.571780264377593994e-01
-9.543864727020263672e-01
-2.523215770721435547e+00
2.315829277038574219e+00
8.540896773338317871e-01
-3.370724439620971680e+00
6.981287598609924316e-01
1.678696870803833008e+00
-2.042259722948074341e-01
-1.926728844642639160e+00
1.523329496383666992e+00
-7.865268588066101074e-01
4.633883479982614517e-03
1.083795785903930664e+00
-2.984745740890502930e+00
-2.321804761886596680e+00
-7.400431036949157715e-01
-1.386628985404968262e+00
-7.083957642316818237e-02
2.351295650005340576e-01
1.427854150533676147e-01
-1.331085860729217529e-01
-1.809665918350219727e+00
-2.017132520675659180e+00
-1.691493034362792969e+00
-1.704067587852478027e+00
-7.911162823438644409e-02
-7.836160063743591309e-01
-1.541607856750488281e+00
-1.776714324951171875e+00
7.386116385459899902e-01
1.702072739601135254e+00
-8.365767002105712891e-01
3.811691999435424805e-01
2.144540309906005859e+00
2.218829393386840820e+00
-1.365709185600280762e+00
-2.929338932037353516e+00
-4.250154793262481689e-01
-6.484194099903106689e-02
6.679428815841674805e-01
2.211922705173492432e-01
-6.034060716629028320e-01
