9.363907575607299805e-01
-9.858313947916030884e-02
1.087990403175354004e+00
-1.674186438322067261e-01
2.377716600894927979e-01
1.072953343391418457e+00
-2.810645699501037598e-01
4.194941371679306030e-02
-9.631207585334777832e-01
-7.210178971290588379e-01
1.944426894187927246e-01
-5.781342983245849609e-01
-4.219909012317657471e-01
-1.228834152221679688e+00
-1.809768676757812500e-01
-3.975722491741180420e-01
1.076163053512573242e+00
-8.714169859886169434e-01
1.516310572624206543e+00
7.307974696159362793e-01
1.937666296958923340e+00
5.395446345210075378e-02
-8.177497386932373047e-01
-1.178866505622863770e+00
-8.864207267761230469e-01
3.160351887345314026e-02
1.162632703781127930e+00
5.542352795600891113e-01
2.261058092117309570e+00
-6.311744451522827148e-01
-8.938264250755310059e-01
-2.200468629598617554e-01
2.102362155914306641e+00
-9.724174737930297852e-01
8.121272325515747070e-01
-2.150493860244750977e+00
3.319988727569580078e+00
3.065111398696899414e+00
-8.136430382728576660e-01
-2.019859790802001953e+00
-1.630320310592651367e+00
-2.578073024749755859e+00
2.961118519306182861e-01
-5.606427788734436035e-01
5.819756984710693359e-01
7.538589239120483398e-01
-1.134112715721130371e+00
8.009459376335144043e-01
1.140792489051818848e+00
4.457221329212188721e-01
6.365608572959899902e-01
1.659574359655380249e-01
-1.514611840248107910e+00
-6.547817587852478027e-02
-8.689273595809936523e-01
-2.960567712783813477e+00
-9.054325222969055176e-01
1.783343791961669922e+00
4.439415410161018372e-02
-7.669236063957214355e-01
-8.257820606231689453e-01
