-1.035531401634216309e+00
-1.013898372650146484e+00
-1.147646903991699219e+00
-1.356510400772094727e+00
8.713392615318298340e-01
9.564628005027770996e-01
1.612311244010925293e+00
-5.000108480453491211e-01
-4.604351520538330078e-01
1.236976623535156250e+00
9.927327185869216919e-02
8.517805337905883789e-01
1.587514728307723999e-01
9.099246263504028320e-01
-4.445406794548034668e-02
-1.009908795356750488e+00
1.026113152503967285e+00
-8.420291543006896973e-01
1.051782131195068359e+00
-1.900269836187362671e-01
2.553880929946899414e+00
1.341764330863952637e-01
5.391492843627929688e-01
-5.391658544540405273e-01
1.387270808219909668e+00
2.060455322265625000e+00
-5.607802271842956543e-01
2.352711915969848633e+00
-2.146056413650512695e+00
-9.111086130142211914e-01
1.480241894721984863e+00
1.534094929695129395e+00
-2.544747889041900635e-01
1.278797745704650879e+00
1.422232389450073242e-01
3.560765266418457031e+00
1.259401321411132812e+00
-2.682520627975463867e+00
-1.330695629119873047e+00
5.131736993789672852e-01
1.797684669494628906e+00
-2.496117353439331055e-01
-1.670240759849548340e+00
-1.783072352409362793e-01
-4.827601909637451172e-01
-1.093592524528503418e+00
-4.827729165554046631e-01
-2.497345924377441406e+00
-3.628791570663452148e+00
-2.668990492820739746e-01
8.402856588363647461e-01
-8.254168629646301270e-01
2.298954486846923828e+00
1.079290390014648438e+00
5.984670519828796387e-01
1.474035501480102539e+00
-3.398132622241973877e-01
1.966462016105651855e+00
-6.210603713989257812e-01
-1.427386522293090820e+00
-7.182101607322692871e-01
