7.417629361152648926e-01
6.329254508018493652e-01
-7.925481200218200684e-01
-3.982127457857131958e-02
-8.295628428459167480e-01
6.905902624130249023e-01
6.546331644058227539e-01
7.924203276634216309e-01
-8.599458336830139160e-01
8.173254132270812988e-01
5.145095586776733398e-01
-7.008528113365173340e-01
-2.419698089361190796e-01
-7.314966320991516113e-01
-5.333986878395080566e-01
-9.183188676834106445e-01
4.517824351787567139e-01
-5.875877141952514648e-01
8.647325038909912109e-01
-6.692314147949218750e-01
-2.802925825119018555e+00
-8.835865855216979980e-01
4.983574151992797852e-01
-8.043892979621887207e-01
-1.491264462471008301e+00
-6.836538910865783691e-01
2.748029530048370361e-01
2.178691625595092773e+00
3.966152369976043701e-01
-2.204558134078979492e+00
-2.588873147964477539e+00
5.309698581695556641e-01
7.108401656150817871e-01
5.276476740837097168e-01
1.927828639745712280e-01
-9.051818847656250000e-01
2.352588891983032227e+00
1.197819709777832031e+00
7.218373417854309082e-01
1.319708466529846191e+00
-1.680754899978637695e+00
-6.847604513168334961e-01
-1.094330191612243652e+00
-7.867789864540100098e-01
8.960404992103576660e-01
-3.017070591449737549e-01
4.688326418399810791e-01
-1.485206842422485352e+00
2.174943313002586365e-02
-1.430120229721069336e+00
2.629757881164550781e+00
-7.301374077796936035e-01
-1.185851573944091797e+00
1.908549815416336060e-01
7.258992642164230347e-02
9.070462584495544434e-01
2.973768711090087891e+00
-1.083912014961242676e+00
9.971876740455627441e-01
7.858722805976867676e-01
-1.082984209060668945e+00
