1.256222009658813477e+00
-2.119629830121994019e-01
-1.358845949172973633e+00
-3.090262413024902344e-01
1.047330856323242188e+00
-1.155981421470642090e+00
-1.244112968444824219e+00
-1.121796607971191406e+00
1.304081082344055176e+00
7.065739482641220093e-02
1.685755729675292969e+00
-3.854576945304870605e-01
-3.068137466907501221e-01
-1.984200358390808105e+00
1.205211400985717773e+00
-4.765862226486206055e-02
1.421857118606567383e+00
-9.382523298263549805e-01
-4.819060564041137695e-01
-1.180939674377441406e+00
2.580124378204345703e+00
-8.931656479835510254e-01
1.609182119369506836e+00
1.341326117515563965e+00
3.229446172714233398e+00
1.058972477912902832e+00
-1.187680482864379883e+00
2.528376817703247070e+00
-7.097697257995605469e-01
2.241810709238052368e-01
-1.159898877143859863e+00
2.168199539184570312e+00
1.455549359321594238e+00
-1.076262235641479492e+00
-5.294311419129371643e-02
-3.910317122936248779e-01
-7.639239430427551270e-01
3.112373828887939453e+00
-2.169070243835449219e+00
2.328033298254013062e-01
-1.120616316795349121e+00
-1.793636918067932129e+00
6.399291753768920898e-01
-7.602512836456298828e-01
-1.562483072280883789e+00
-9.533656835556030273e-01
3.758884668350219727e-01
1.299603462219238281e+00
1.240887939929962158e-01
1.654023289680480957e+00
-7.100369334220886230e-01
-1.748536586761474609e+00
-1.741480827331542969e+00
-3.030808866024017334e-01
1.030626818537712097e-01
-2.709411621093750000e+00
1.005670309066772461e+00
1.778842806816101074e+00
-1.761502504348754883e+00
3.365055024623870850e-01
-7.160969376564025879e-01
