1.001714706420898438e+00
-2.595800161361694336e-01
8.802918791770935059e-01
-1.539936423301696777e+00
-7.931784391403198242e-01
9.378386139869689941e-01
-2.695365548133850098e-01
7.226709723472595215e-01
4.746540486812591553e-01
9.036816954612731934e-01
-9.216259717941284180e-01
-3.300035595893859863e-01
8.611388206481933594e-01
1.211255937814712524e-01
-7.948670983314514160e-01
-1.873716562986373901e-01
-1.943235635757446289e+00
-7.999002933502197266e-01
-1.353738069534301758e+00
1.173412322998046875e+00
9.695940017700195312e-01
-1.122086763381958008e+00
2.692246139049530029e-01
1.064618587493896484e+00
-3.215820714831352234e-02
1.936784386634826660e+00
1.282039761543273926e+00
-2.278193473815917969e+00
-1.834703326225280762e+00
8.150203227996826172e-01
1.746809363365173340e+00
-1.091085553169250488e+00
2.801717996597290039e+00
2.702749706804752350e-02
2.408401012420654297e+00
7.390506267547607422e-01
-3.193315267562866211e-01
-1.770312309265136719e+00
-6.160598993301391602e-01
5.326235890388488770e-01
-7.032630443572998047e-01
-3.729779481887817383e+00
4.669587016105651855e-01
1.542887836694717407e-01
-5.021176338195800781e-01
-9.615419507026672363e-01
-9.268727898597717285e-01
-9.873210787773132324e-01
1.585554480552673340e+00
4.928249418735504150e-01
1.301887750625610352e+00
-8.408631682395935059e-01
-1.704450130462646484e+00
1.361304163932800293e+00
1.458783745765686035e+00
-2.531708717346191406e+00
5.581214651465415955e-02
8.435057401657104492e-01
1.515734940767288208e-01
-5.741589702665805817e-03
2.972338721156120300e-02
