3.023706972599029541e-01
-1.295042753219604492e+00
-8.764082789421081543e-01
-1.028826117515563965e+00
-9.096477031707763672e-01
3.870458006858825684e-01
-1.036574006080627441e+00
-8.041386008262634277e-01
-3.200641870498657227e-01
-8.188182115554809570e-01
-1.582043170928955078e-01
6.982381343841552734e-01
-9.787569642066955566e-01
1.101348638534545898e+00
5.593305826187133789e-01
-1.339141726493835449e-01
8.210949897766113281e-01
2.978811860084533691e-01
-9.542747139930725098e-01
-2.065949887037277222e-01
-8.493879437446594238e-01
-1.769474446773529053e-01
1.929966926574707031e+00
4.467152655124664307e-01
-5.244209170341491699e-01
-1.087480068206787109e+00
-8.372174948453903198e-02
-1.474508404731750488e+00
1.623190045356750488e+00
-2.430457592010498047e+00
-4.329618215560913086e-01
-9.157600402832031250e-01
-8.326010704040527344e-01
-2.472176253795623779e-01
-4.174573421478271484e-01
6.279595941305160522e-02
-2.736748218536376953e+00
1.388292670249938965e+00
-3.462747037410736084e-01
-9.416069984436035156e-01
1.079323530197143555e+00
-1.492510437965393066e-01
1.631628870964050293e+00
2.211114168167114258e-01
3.047028481960296631e-01
1.845098495483398438e+00
1.750001609325408936e-01
1.561174035072326660e+00
-1.527363300323486328e+00
1.509597539901733398e+00
-1.297122478485107422e+00
-6.809851527214050293e-01
-2.560696303844451904e-01
4.124830365180969238e-01
6.067914962768554688e-01
-1.071674704551696777e+00
-2.013516187667846680e+00
1.594908356666564941e+00
1.626249961555004120e-02
-1.986985206604003906e+00
-7.880114912986755371e-01
