-1.162553906440734863e+00
-9.255141019821166992e-01
1.173457026481628418e+00
-9.542945027351379395e-01
-1.054442286491394043e+00
-7.728719115257263184e-01
9.928926825523376465e-01
-3.953133150935173035e-02
-7.143613100051879883e-01
-4.997947812080383301e-01
-8.685893416404724121e-01
-1.074011921882629395e+00
8.376358151435852051e-01
9.374946355819702148e-01
-1.340065956115722656e+00
4.930854141712188721e-01
-9.695865511894226074e-01
-1.024173974990844727e+00
3.128966391086578369e-01
-1.183507084846496582e+00
-3.456284105777740479e-02
1.555687785148620605e+00
1.277946233749389648e+00
-7.278946638107299805e-01
-1.330170407891273499e-02
-2.811875939369201660e-01
1.585907042026519775e-01
1.496886610984802246e+00
3.546301126480102539e+00
-1.650467753410339355e+00
2.266505241394042969e+00
-2.985932826995849609e+00
-4.259528636932373047e+00
1.721292614936828613e+00
2.481435984373092651e-02
2.064555644989013672e+00
-3.638163566589355469e+00
-2.620163187384605408e-02
1.043759942054748535e+00
-5.041896700859069824e-01
3.225843608379364014e-02
9.025414586067199707e-01
-5.840510129928588867e-01
-1.622711181640625000e+00
-4.670885205268859863e-01
-1.607067227363586426e+00
-3.019367754459381104e-01
-3.308087825775146484e+00
-4.955516338348388672e+00
-1.781554937362670898e+00
1.339402675628662109e+00
1.836398243904113770e+00
-2.685502767562866211e+00
-1.461891531944274902e+00
-3.012372553348541260e-01
2.304609060287475586e+00
2.133657932281494141e+00
5.722615718841552734e-01
1.742818593978881836e+00
7.990426421165466309e-01
3.081012487411499023e+00
