1.006912231445312500e+00
-7.414225339889526367e-01
8.960353136062622070e-01
6.211076974868774414e-01
-1.129971385002136230e+00
-1.758051812648773193e-01
-7.255597710609436035e-01
8.548664450645446777e-01
-1.134211301803588867e+00
-3.582182824611663818e-01
-1.162297487258911133e+00
1.282819628715515137e+00
-6.370798349380493164e-01
1.007035970687866211e+00
-6.199091076850891113e-01
-1.324298977851867676e-01
9.797911047935485840e-01
4.516734182834625244e-01
7.614107131958007812e-01
-9.885822534561157227e-01
-1.124954581260681152e+00
1.274393320083618164e+00
-1.149003282189369202e-01
-2.570001780986785889e-01
-3.096411943435668945e+00
-3.156910836696624756e-02
-4.531469643115997314e-01
3.015316091477870941e-02
2.269271135330200195e+00
-1.234505772590637207e+00
-1.729515075683593750e+00
1.054458022117614746e+00
3.521949529647827148e+00
3.706654071807861328e+00
-2.377024888992309570e+00
1.085192263126373291e-01
-2.892596244812011719e+00
-2.529118537902832031e+00
-2.883813679218292236e-01
-1.919616222381591797e+00
-8.817985057830810547e-01
-7.018102407455444336e-01
7.530826926231384277e-01
-5.226555466651916504e-01
1.580454111099243164e+00
-2.507600784301757812e+00
1.945218630135059357e-02
-6.059011910110712051e-03
1.318247795104980469e+00
-2.410867452621459961e+00
1.491984874010086060e-01
1.639028638601303101e-01
1.734921932220458984e+00
-2.226412296295166016e+00
-2.242724418640136719e+00
-9.185420274734497070e-01
-1.608096003532409668e+00
5.262874603271484375e+00
4.844202995300292969e-01
1.230928540229797363e+00
1.546821832656860352e+00
