3.978919088840484619e-01
-1.122973203659057617e+00
-2.073732912540435791e-01
9.020162224769592285e-01
1.115662097930908203e+00
2.174338549375534058e-01
1.050187587738037109e+00
-1.135135650634765625e+00
1.151516079902648926e+00
4.584052860736846924e-01
-1.008598327636718750e+00
9.600673317909240723e-01
-1.067737221717834473e+00
-1.113805294036865234e+00
7.905296981334686279e-02
-8.581449389457702637e-01
-9.757857322692871094e-01
9.205239415168762207e-01
-1.179764032363891602e+00
1.027634263038635254e+00
-1.789447784423828125e+00
-1.110086679458618164e+00
4.419748783111572266e-01
-5.642625689506530762e-01
-4.651889204978942871e-01
-1.146886229515075684e+00
-1.338513851165771484e+00
-5.675446987152099609e-01
6.908923983573913574e-01
2.433116197586059570e+00
1.348605901002883911e-01
-2.262145280838012695e+00
-3.848328813910484314e-02
-8.380298018455505371e-01
1.609221994876861572e-01
-2.702275037765502930e+00
3.356673240661621094e+00
2.013886451721191406e+00
-7.531095147132873535e-01
3.539086580276489258e-01
1.839138865470886230e+00
6.398353576660156250e-01
-2.690111875534057617e+00
-2.224952280521392822e-01
7.372078299522399902e-01
1.048964738845825195e+00
-3.177706003189086914e-01
-9.559354782104492188e-01
-5.569660067558288574e-01
2.684092044830322266e+00
2.413042336702346802e-01
-1.720611333847045898e+00
-5.006355047225952148e-02
-1.266349673271179199e+00
4.853703677654266357e-01
1.280128717422485352e+00
1.272992610931396484e+00
-1.121648430824279785e+00
5.010778307914733887e-01
-2.124416381120681763e-01
1.232132613658905029e-01
