-9.622694253921508789e-01
-6.702211499214172363e-01
4.314838349819183350e-01
1.496380209922790527e+00
-3.666796982288360596e-01
-2.345008701086044312e-01
-2.598351836204528809e-01
-1.084368944168090820e+00
9.646863937377929688e-01
1.034788012504577637e+00
6.008729338645935059e-01
1.039894223213195801e+00
-9.383988380432128906e-01
1.121800780296325684e+00
1.876254081726074219e-01
9.344819784164428711e-01
9.533823132514953613e-01
-5.542367100715637207e-01
-1.413957715034484863e+00
8.114915490150451660e-01
3.097740888595581055e+00
-3.973527550697326660e-01
-5.162935256958007812e-01
-1.340661287307739258e+00
1.729608893394470215e+00
7.466401457786560059e-01
1.371089458465576172e+00
2.539733171463012695e+00
-1.674402952194213867e+00
2.558935403823852539e+00
1.518900543451309204e-01
8.592051863670349121e-01
-3.285443544387817383e+00
4.597637951374053955e-01
-5.679978728294372559e-01
1.412906765937805176e+00
2.733822762966156006e-01
-2.823071479797363281e+00
-4.533012807369232178e-01
1.657703995704650879e+00
1.581362128257751465e+00
-4.232823848724365234e-01
4.532942771911621094e-01
-2.972555160522460938e-01
-9.172325134277343750e-01
-4.163133144378662109e+00
-9.547106027603149414e-01
9.997990131378173828e-01
-1.492047667503356934e+00
-1.808711290359497070e+00
1.132533073425292969e+00
6.018850207328796387e-01
1.385674357414245605e+00
-3.682818710803985596e-01
6.365292668342590332e-01
-1.843042016029357910e+00
8.111682534217834473e-02
-2.295708417892456055e+00
8.721403777599334717e-02
1.647593379020690918e+00
1.333466529846191406e+00
