-2.277664542198181152e-01
9.013445973396301270e-01
-4.013767838478088379e-01
-9.036957025527954102e-01
4.935953617095947266e-01
-1.124313622713088989e-01
8.712615966796875000e-01
-8.282835483551025391e-01
-7.472613453865051270e-01
1.024034857749938965e+00
-2.727444469928741455e-01
7.398839592933654785e-01
-1.079996705055236816e+00
-1.289998292922973633e-01
1.124500870704650879e+00
-1.042307734489440918e+00
-8.945805430412292480e-01
7.657776474952697754e-01
7.711718678474426270e-01
-1.018644928932189941e+00
-5.518940091133117676e-01
-1.494709104299545288e-01
-1.834433555603027344e+00
-8.569005131721496582e-01
-1.982394337654113770e+00
3.521322607994079590e-01
-1.489360809326171875e+00
-2.575071096420288086e+00
1.277501344680786133e+00
-2.371445178985595703e+00
-8.812315464019775391e-01
1.294600963592529297e+00
-6.652580499649047852e-01
1.827920079231262207e-01
1.606140285730361938e-01
-7.717493921518325806e-02
2.926289558410644531e+00
-1.701260089874267578e+00
1.552661180496215820e+00
1.328127738088369370e-02
-1.451333642005920410e+00
-1.428532600402832031e-02
-2.918708801269531250e+00
-7.761767506599426270e-01
3.166671037673950195e+00
-2.438722372055053711e+00
-9.467901587486267090e-01
2.210391759872436523e+00
1.115713000297546387e+00
-2.047630310058593750e+00
-8.075468540191650391e-01
-1.385191202163696289e+00
4.776711016893386841e-02
-1.504961133003234863e+00
-3.058454096317291260e-01
3.438830077648162842e-01
2.397574186325073242e+00
2.141236066818237305e+00
-1.272266268730163574e+00
-1.464432477951049805e+00
5.340264365077018738e-02
