-1.195370435714721680e+00
-7.364491224288940430e-01
9.337126612663269043e-01
1.146671414375305176e+00
8.003473877906799316e-01
6.447089910507202148e-01
3.316815495491027832e-01
1.513001918792724609e-01
1.182346940040588379e+00
1.505981683731079102e+00
7.899880409240722656e-01
-7.474696040153503418e-01
8.206642270088195801e-01
1.226582750678062439e-01
-5.472984313964843750e-01
1.191167831420898438e-01
-1.017583250999450684e+00
9.349439740180969238e-01
3.699369132518768311e-01
7.767999172210693359e-01
-2.308225482702255249e-01
-1.437722086906433105e+00
-6.310643553733825684e-01
-8.737048506736755371e-01
-2.367243528366088867e+00
-1.177336931228637695e+00
-1.374972015619277954e-01
-7.247933149337768555e-01
-6.239729002118110657e-02
8.629218339920043945e-01
3.892494142055511475e-01
-2.719965696334838867e+00
2.156206369400024414e+00
-5.089647769927978516e-01
2.905940771102905273e+00
1.174037933349609375e+00
-3.715013980865478516e+00
-1.809539556503295898e+00
1.985891699790954590e+00
-3.024809360504150391e+00
1.310756355524063110e-01
4.080751538276672363e-01
2.252971976995468140e-01
9.944793581962585449e-02
-1.668559551239013672e+00
6.804074645042419434e-01
2.727608084678649902e-01
7.091829776763916016e-01
5.353429317474365234e-01
2.360849827527999878e-01
-1.527240872383117676e-02
-1.908449292182922363e+00
-1.997737288475036621e+00
4.216192662715911865e-01
-2.086392402648925781e+00
9.334051609039306641e-01
1.255481719970703125e+00
-8.931024670600891113e-01
2.128663539886474609e+00
-1.640859097242355347e-01
-4.632938802242279053e-01
