-4.247104227542877197e-01
-8.682045936584472656e-01
1.474561989307403564e-01
9.352109432220458984e-01
-2.288615405559539795e-01
-9.583362936973571777e-01
-2.925474345684051514e-01
1.035759687423706055e+00
-9.538112282752990723e-01
-2.162862867116928101e-01
-9.983943104743957520e-01
8.118364214897155762e-01
1.035780668258666992e+00
-3.653577864170074463e-01
-6.389990448951721191e-01
-1.008021593093872070e+00
-9.665020108222961426e-01
1.118573784828186035e+00
3.938465416431427002e-01
9.064702987670898438e-01
1.684530973434448242e+00
-1.149103567004203796e-01
6.310374140739440918e-01
-3.014328479766845703e+00
-6.917375326156616211e-01
1.237829566001892090e+00
-1.268815159797668457e+00
1.357809305191040039e+00
-2.269258737564086914e+00
-1.000274300575256348e+00
-6.206494569778442383e-01
-6.599662899971008301e-01
-2.379196643829345703e+00
-1.501340627670288086e+00
-3.358697518706321716e-02
4.996885955333709717e-01
1.255618572235107422e+00
3.321637809276580811e-01
-2.099791526794433594e+00
3.093065261840820312e+00
-2.166986227035522461e+00
-8.085927367210388184e-01
1.233613848686218262e+00
-1.578753113746643066e+00
-9.568577408790588379e-01
5.307548642158508301e-01
-1.744481205940246582e+00
-5.701178312301635742e-01
1.990516543388366699e+00
-7.828311324119567871e-01
-6.016261577606201172e-01
1.762332081794738770e+00
-1.412475228309631348e+00
-2.315796613693237305e+00
5.651457905769348145e-01
2.762010395526885986e-01
9.861414432525634766e-01
-1.923656463623046875e-01
2.134726762771606445e+00
-1.945458412170410156e+00
-5.186663866043090820e-01
