4.089340269565582275e-01
-7.847382426261901855e-01
2.401085793972015381e-01
-3.591666221618652344e-01
-9.899755716323852539e-01
-1.108842253684997559e+00
1.263464570045471191e+00
-8.091819286346435547e-01
2.727785110473632812e-01
7.511013150215148926e-01
2.160007655620574951e-01
6.907443404197692871e-01
-7.491217851638793945e-01
-1.650959253311157227e-01
1.107385993003845215e+00
7.460261583328247070e-01
7.273683547973632812e-01
-6.483569145202636719e-01
8.964906334877014160e-01
-8.109259009361267090e-01
-1.967233777046203613e+00
-1.317891836166381836e+00
1.125345587730407715e+00
-1.724421024322509766e+00
1.159301120787858963e-02
-1.159750461578369141e+00
2.305490821599960327e-01
-6.042673587799072266e-01
-9.451472759246826172e-01
4.139168933033943176e-02
9.787153005599975586e-01
-6.582727432250976562e-01
-2.272983551025390625e+00
-4.881003201007843018e-01
-8.465256094932556152e-01
-2.331857442855834961e+00
-1.149698853492736816e+00
1.043178979307413101e-02
8.775901794433593750e-01
1.640273213386535645e+00
2.704186201095581055e+00
8.879571557044982910e-01
1.270535111427307129e+00
-2.092263460159301758e+00
-7.425615191459655762e-01
-1.195853114128112793e+00
6.319590806961059570e-01
5.498811006546020508e-01
4.635528028011322021e-01
-4.617196023464202881e-01
2.983635663986206055e-01
-7.885133028030395508e-01
1.967218041419982910e+00
-9.631822705268859863e-01
6.393777728080749512e-01
-1.687248468399047852e+00
9.036064743995666504e-01
5.388072133064270020e-01
-5.410040616989135742e-01
1.275274157524108887e+00
-5.179525017738342285e-01
