7.047131657600402832e-01
-7.549987435340881348e-01
-8.059963583946228027e-01
-7.583712935447692871e-01
2.376710623502731323e-02
5.977123379707336426e-01
8.184843659400939941e-01
-7.501485943794250488e-01
-6.406363844871520996e-01
-8.321847319602966309e-01
-1.011128783226013184e+00
-3.164313435554504395e-01
-6.788119077682495117e-01
-4.578638672828674316e-01
-6.065732836723327637e-01
3.500212430953979492e-01
-5.816285014152526855e-01
-8.961794972419738770e-01
-1.082602143287658691e+00
3.371586501598358154e-01
-1.337687075138092041e-01
2.736102581024169922e+00
1.759173393249511719e+00
3.023096561431884766e+00
-7.117320895195007324e-01
2.295849561691284180e+00
-2.460377514362335205e-01
1.617053508758544922e+00
-2.829535901546478271e-01
2.445859909057617188e+00
-2.385894536972045898e+00
8.382241129875183105e-01
-6.538251638412475586e-01
1.885367989540100098e+00
-7.048881053924560547e-01
-1.122416496276855469e+00
2.351883649826049805e+00
-3.114128112792968750e+00
-1.514923095703125000e+00
-7.349869608879089355e-01
8.348664045333862305e-01
1.974686384201049805e+00
1.034741520881652832e+00
2.120830774307250977e+00
-1.133863449096679688e+00
4.462995529174804688e+00
3.133374452590942383e-01
1.262860298156738281e+00
-9.868058562278747559e-02
1.730565071105957031e+00
1.654151916503906250e+00
-2.059784889221191406e+00
2.731699347496032715e-01
-2.516543149948120117e+00
1.780087649822235107e-01
1.389347076416015625e+00
-2.365779638290405273e+00
2.208147764205932617e+00
7.085499167442321777e-01
1.473974823951721191e+00
-3.495634198188781738e-01
