8.231458067893981934e-01
4.389562308788299561e-01
-7.728970646858215332e-01
-9.943833947181701660e-01
6.991912126541137695e-01
-6.919180154800415039e-01
9.631432294845581055e-01
6.627705097198486328e-01
4.745533168315887451e-01
8.779037594795227051e-01
4.932105839252471924e-01
-4.038835763931274414e-01
9.547210931777954102e-01
9.644823670387268066e-01
9.538361430168151855e-01
-8.847736120223999023e-01
8.230352401733398438e-01
9.922565817832946777e-01
-1.126280903816223145e+00
4.625278413295745850e-01
-2.987408399581909180e+00
-1.670063614845275879e+00
-2.345347404479980469e+00
-1.536412715911865234e+00
-1.369874954223632812e+00
-1.061512947082519531e+00
1.074797883629798889e-01
-1.020015925168991089e-01
-2.168294668197631836e+00
1.331200480461120605e+00
1.378360629081726074e+00
-2.035596370697021484e+00
-3.086700439453125000e-01
4.576105475425720215e-01
-2.469804048538208008e+00
-1.833999991416931152e+00
1.573953181505203247e-01
6.306988000869750977e-01
1.287073493003845215e-01
-7.726998925209045410e-01
-2.182172536849975586e+00
2.160133123397827148e+00
1.966747164726257324e+00
7.678081989288330078e-01
-1.437139511108398438e+00
7.576289772987365723e-01
6.600703001022338867e-01
5.128627419471740723e-01
2.162422657012939453e+00
1.187523365020751953e+00
9.646202325820922852e-01
-3.408101558685302734e+00
6.970630288124084473e-01
-4.010144621133804321e-02
-1.094799399375915527e+00
1.111152052879333496e+00
3.105617165565490723e-01
-2.343261986970901489e-01
5.195865631103515625e-01
8.569750785827636719e-01
-6.982424259185791016e-01
