7.485994696617126465e-01
-1.036496281623840332e+00
8.547576069831848145e-01
2.157646417617797852e-01
1.065238714218139648e+00
-7.128209471702575684e-01
-7.705530524253845215e-01
-8.248483538627624512e-01
7.699205279350280762e-01
-4.679184257984161377e-01
-3.420071899890899658e-01
8.798195719718933105e-01
7.810668349266052246e-01
4.373900890350341797e-01
-5.492919087409973145e-01
-9.300652742385864258e-01
-9.599241614341735840e-01
-4.655643999576568604e-01
-6.967846751213073730e-01
1.246143937110900879e+00
-1.583857893943786621e+00
-9.722230434417724609e-01
1.088603615760803223e+00
-9.188097715377807617e-01
-8.771913647651672363e-01
-1.247380375862121582e+00
-1.634186267852783203e+00
-2.252683401107788086e+00
-4.675999283790588379e-01
2.118703603744506836e+00
-1.832293272018432617e+00
2.773598767817020416e-02
-2.539039134979248047e+00
5.150654315948486328e-01
-8.945072442293167114e-02
-1.290773272514343262e+00
2.414676845073699951e-01
-7.703871726989746094e-01
1.041972339153289795e-01
-1.036679863929748535e+00
-1.340589523315429688e+00
-3.958933949470520020e-01
-4.294744133949279785e-01
8.393795490264892578e-01
1.005264520645141602e+00
-8.442505598068237305e-01
8.470554351806640625e-01
1.339310050010681152e+00
-1.037189736962318420e-01
-2.314914941787719727e+00
-3.325116157531738281e+00
2.257350236177444458e-01
-1.420805454254150391e+00
7.163885831832885742e-01
-7.196783423423767090e-01
7.004715800285339355e-01
-3.052274286746978760e-01
5.340343713760375977e-01
3.550051748752593994e-01
-5.423048734664916992e-01
-8.156757950782775879e-01
