-7.081231474876403809e-02
5.048228502273559570e-01
-1.017790675163269043e+00
-7.795122861862182617e-01
-5.328498780727386475e-02
1.372787714004516602e+00
1.428185552358627319e-01
8.174400329589843750e-01
-8.825781345367431641e-01
6.835044026374816895e-01
7.319716811180114746e-01
-5.670919418334960938e-01
-9.460055828094482422e-01
6.624459624290466309e-01
7.480660676956176758e-01
6.199646592140197754e-01
4.027252197265625000e-01
8.308669328689575195e-01
-8.398905992507934570e-01
3.433403074741363525e-01
8.255088925361633301e-01
-1.984384417533874512e+00
5.893254280090332031e-01
2.357827663421630859e+00
7.651304602622985840e-01
-9.307435154914855957e-01
2.484557032585144043e-01
6.186178922653198242e-01
-7.265712022781372070e-01
1.417012214660644531e+00
2.372060775756835938e+00
4.000765085220336914e-01
-4.112522304058074951e-01
1.345600485801696777e+00
-2.591719627380371094e-01
-9.210488796234130859e-01
2.174153566360473633e+00
5.979369282722473145e-01
1.574444293975830078e+00
1.562222123146057129e+00
-1.359437584877014160e+00
2.990425586700439453e+00
-1.465185046195983887e+00
1.727160811424255371e+00
-2.014852523803710938e+00
-5.715922117233276367e-01
1.026217818260192871e+00
-2.908306419849395752e-01
-7.008125782012939453e-01
-6.248347759246826172e-01
-2.235158920288085938e+00
1.975186765193939209e-01
7.604474574327468872e-02
-7.557322382926940918e-01
-8.828143775463104248e-02
-7.299090623855590820e-01
1.818855643272399902e+00
8.709600567817687988e-01
1.241870522499084473e+00
1.868872642517089844e+00
1.315822124481201172e+00
