5.168696641921997070e-01
9.172134995460510254e-01
1.126919984817504883e+00
1.060499906539916992e+00
1.054362177848815918e+00
5.576719716191291809e-02
6.185063123703002930e-01
7.399128675460815430e-01
6.060196757316589355e-01
8.133955001831054688e-01
-1.817441135644912720e-01
6.226632595062255859e-01
8.938146233558654785e-01
-8.065606355667114258e-01
8.400739431381225586e-01
3.527237474918365479e-01
-8.311703205108642578e-01
-6.054449677467346191e-01
6.841493844985961914e-01
-4.687668085098266602e-01
-7.731202840805053711e-01
3.184731721878051758e+00
1.927159540355205536e-02
-4.262589663267135620e-02
2.552180767059326172e+00
-1.147671461105346680e+00
6.613683104515075684e-01
2.976814508438110352e-01
-4.235158562660217285e-01
-1.521042943000793457e+00
-1.152886271476745605e+00
7.637472748756408691e-01
-6.193881630897521973e-01
-4.426157772541046143e-01
-2.712465763092041016e+00
1.512861013412475586e+00
1.611229658126831055e+00
2.388174295425415039e+00
-4.734294414520263672e-01
-2.017228126525878906e+00
-1.319356709718704224e-01
-2.148379087448120117e+00
6.481139659881591797e-01
-5.801451802253723145e-01
-1.401624798774719238e+00
3.288226604461669922e+00
-8.328444957733154297e-01
3.479390144348144531e-01
1.279246449470520020e+00
-1.403586983680725098e+00
-2.246700525283813477e+00
-6.060237288475036621e-01
-8.852689266204833984e-01
-1.276599287986755371e+00
-2.036182641983032227e+00
1.249647140502929688e+00
1.311718106269836426e+00
-3.765494346618652344e+00
1.247631907463073730e+00
-2.394002914428710938e+00
1.222335100173950195e+00
