-1.071242213249206543e+00
-9.762001037597656250e-01
9.061390757560729980e-01
-1.181365251541137695e+00
-1.081933617591857910e+00
8.055345416069030762e-01
5.927136540412902832e-01
-5.776634812355041504e-01
-9.568386077880859375e-01
-4.816513657569885254e-01
1.237407445907592773e+00
-5.783432126045227051e-01
-9.739462733268737793e-01
1.041018247604370117e+00
5.319930315017700195e-01
8.351952433586120605e-01
9.454488754272460938e-01
8.291276097297668457e-01
-3.030903041362762451e-01
-7.535657882690429688e-01
2.295743942260742188e+00
2.997151613235473633e+00
3.191268920898437500e+00
7.139353752136230469e-01
1.316658973693847656e+00
-5.149161815643310547e-02
7.965751886367797852e-01
-2.365479230880737305e+00
4.619792699813842773e-01
2.029677152633666992e+00
-1.101025223731994629e+00
-6.309752464294433594e-01
-5.192064642906188965e-01
-8.570348024368286133e-01
2.405646562576293945e+00
1.237724274396896362e-01
2.284134864807128906e+00
5.161277651786804199e-01
-8.601706027984619141e-01
5.015941262245178223e-01
1.546952009201049805e+00
1.630931854248046875e+00
-2.406351089477539062e+00
-1.810016632080078125e-01
7.579575181007385254e-01
6.603268980979919434e-01
-8.876439929008483887e-02
-1.912599325180053711e+00
1.200948432087898254e-01
-4.331725120544433594e+00
-2.014952003955841064e-01
3.922363221645355225e-01
-9.304688572883605957e-01
7.726262211799621582e-01
2.366876602172851562e+00
8.163793087005615234e-01
-2.052120685577392578e+00
-1.335317790508270264e-01
-9.308439493179321289e-01
5.677096247673034668e-01
3.414138257503509521e-01
