8.944677710533142090e-01
-2.391290217638015747e-01
-1.236024975776672363e+00
-9.402735233306884766e-01
9.395211935043334961e-01
-6.997660994529724121e-01
1.676508784294128418e-01
-1.782277524471282959e-01
-1.219190239906311035e+00
-4.509223401546478271e-01
9.110223650932312012e-01
-6.915392279624938965e-01
-9.024150371551513672e-01
-8.154848814010620117e-01
-1.006955623626708984e+00
-2.834515571594238281e-01
8.934557437896728516e-01
1.079593300819396973e-01
-9.377472996711730957e-01
-1.199281811714172363e+00
1.998558521270751953e+00
2.026661634445190430e+00
1.813279390335083008e+00
5.429074764251708984e-01
3.259631872177124023e+00
-9.126055836677551270e-01
2.076648771762847900e-01
1.008524745702743530e-01
6.434359550476074219e-01
1.136680603027343750e+00
6.917614936828613281e-01
-1.340644001960754395e+00
2.896488904953002930e+00
-2.367729902267456055e+00
-2.760862112045288086e+00
-1.095969676971435547e+00
7.444109320640563965e-01
-3.410397768020629883e-01
2.449108362197875977e-01
2.749296426773071289e+00
-1.160273075103759766e+00
-1.852348089218139648e+00
1.199256420135498047e+00
6.400068402290344238e-01
-2.234177827835083008e+00
3.691860735416412354e-01
3.145916461944580078e+00
-1.535217165946960449e+00
3.158154189586639404e-01
-4.285890579223632812e+00
5.333145856857299805e-01
1.149525642395019531e+00
2.611578702926635742e+00
-2.840095520019531250e+00
1.930054783821105957e+00
-2.723480224609375000e+00
-5.407261252403259277e-01
1.135021448135375977e+00
-4.907832741737365723e-01
1.610241532325744629e+00
1.220491647720336914e+00
