8.635617494583129883e-01
8.418658375740051270e-01
-1.073028683662414551e+00
4.187141656875610352e-01
-7.000639289617538452e-02
7.166200280189514160e-01
8.719775080680847168e-01
1.460557579994201660e+00
2.663818597793579102e-01
6.904982924461364746e-01
4.096511602401733398e-01
-9.964670538902282715e-01
9.613416194915771484e-01
-4.971013367176055908e-01
-8.488940000534057617e-01
-8.614746928215026855e-01
-3.651922643184661865e-01
1.519349813461303711e-01
-9.535750150680541992e-01
-9.722568988800048828e-01
-1.405607223510742188e+00
-2.837265729904174805e+00
-5.991177260875701904e-02
1.583916187286376953e+00
1.373191773891448975e-01
-8.216228336095809937e-02
2.032815694808959961e+00
8.079139590263366699e-01
1.059245586395263672e+00
2.040273904800415039e+00
2.288054466247558594e+00
1.587766170501708984e+00
1.474590897560119629e+00
1.388521432876586914e+00
2.555053234100341797e-01
9.429584145545959473e-01
1.980114340782165527e+00
-3.488881289958953857e-01
2.416109889745712280e-01
2.228326797485351562e+00
1.094047665596008301e+00
-1.974288225173950195e+00
2.260337211191654205e-02
8.828569054603576660e-01
-3.217492103576660156e-01
5.923289060592651367e-01
-7.168168425559997559e-01
7.407023757696151733e-02
3.731296062469482422e-01
-2.105454444885253906e+00
2.754969358444213867e+00
7.680349946022033691e-01
-3.673118054866790771e-01
-7.948010563850402832e-01
-1.661487966775894165e-01
4.277344942092895508e-01
-2.926339149475097656e+00
1.870700120925903320e+00
-3.786419034004211426e-01
1.476437449455261230e+00
-3.127631172537803650e-02
