1.273281931877136230e+00
-1.135523080825805664e+00
6.987460255622863770e-01
8.842597007751464844e-01
6.530373692512512207e-01
8.044537901878356934e-01
1.259526908397674561e-01
-9.314121007919311523e-01
-7.986059784889221191e-01
-1.005039334297180176e+00
-4.235427975654602051e-01
1.322302073240280151e-01
7.967925667762756348e-01
1.035252451896667480e+00
6.987530589103698730e-01
4.086226820945739746e-01
-3.301331102848052979e-01
7.916944026947021484e-01
7.664088606834411621e-01
-7.055628299713134766e-01
-4.407054185867309570e-01
2.258638143539428711e-01
-1.182576775550842285e+00
-4.977018237113952637e-01
6.536684632301330566e-01
-2.665261030197143555e+00
7.802261114120483398e-01
7.864871621131896973e-01
-1.612338066101074219e+00
-6.442918777465820312e-01
1.971358537673950195e+00
-1.441443264484405518e-01
-1.823815703392028809e+00
-2.529669702053070068e-01
3.685509860515594482e-01
1.784990668296813965e+00
1.171826720237731934e+00
2.345908164978027344e+00
-1.210154533386230469e+00
1.176619887351989746e+00
-1.624427288770675659e-01
-1.042558789253234863e+00
-8.640320897102355957e-01
-3.357348740100860596e-01
-6.128247976303100586e-01
-1.793867945671081543e+00
1.763212442398071289e+00
-8.967201709747314453e-01
1.215101599693298340e+00
-7.638007402420043945e-01
-2.511721849441528320e+00
6.715821027755737305e-01
-1.241308450698852539e+00
-2.452381402254104614e-01
-2.456067204475402832e-01
3.153726816177368164e+00
-1.599082946777343750e+00
-1.747185826301574707e+00
1.198275804519653320e+00
1.201366186141967773e+00
-7.539986371994018555e-01
