8.769764900207519531e-01
7.843778133392333984e-01
-6.099305152893066406e-01
-7.549471855163574219e-01
6.622095108032226562e-01
5.556538105010986328e-01
7.023757696151733398e-01
6.039381623268127441e-01
-3.337996602058410645e-01
6.890991330146789551e-01
2.740702331066131592e-01
-1.031457334756851196e-01
-7.970430850982666016e-01
-8.344050645828247070e-01
-1.652810871601104736e-01
3.593553006649017334e-01
1.106212019920349121e+00
6.024329066276550293e-01
7.919296622276306152e-01
-6.893942952156066895e-01
-6.925169825553894043e-01
-4.888837039470672607e-01
-7.663265466690063477e-01
3.016151487827301025e-01
1.468869000673294067e-01
-7.003562450408935547e-01
1.737389087677001953e+00
-7.245710492134094238e-01
1.496640086174011230e+00
-4.677674174308776855e-02
-1.299059510231018066e+00
-3.631814718246459961e-01
2.547533035278320312e+00
6.799020767211914062e-01
-1.476934552192687988e-02
1.914296030998229980e+00
4.245260655879974365e-01
-1.065538287162780762e+00
-5.107387900352478027e-01
-2.515008747577667236e-01
3.491570055484771729e-01
4.678952693939208984e-01
6.096931099891662598e-01
2.360642105340957642e-01
-1.154457256197929382e-01
-5.342113971710205078e-01
-1.813511013984680176e+00
-4.863617420196533203e-01
-8.446188569068908691e-01
-6.782247126102447510e-02
1.620971322059631348e+00
-1.267308354377746582e+00
1.660153388977050781e+00
-4.735648930072784424e-01
-1.402082443237304688e+00
2.458736896514892578e+00
4.766656160354614258e-01
-7.930404543876647949e-01
4.965159893035888672e-01
1.426433622837066650e-01
-1.009492278099060059e+00
