-4.601296782493591309e-01
2.455174773931503296e-01
-5.962708592414855957e-01
-6.726474314928054810e-02
2.192189246416091919e-01
-7.840350270271301270e-01
6.486707180738449097e-02
7.883058786392211914e-01
-5.371675640344619751e-02
4.828085303306579590e-01
-1.367089033126831055e+00
2.436117231845855713e-01
1.564163565635681152e-01
-1.017559409141540527e+00
2.509339451789855957e-01
-3.754797279834747314e-01
1.206590056419372559e+00
8.213213682174682617e-01
3.802730143070220947e-01
-5.816817879676818848e-01
-1.738901138305664062e-01
-1.082489609718322754e+00
1.605278611183166504e+00
-7.947846055030822754e-01
-1.061764717102050781e+00
4.715315997600555420e-01
-1.171239256858825684e+00
2.243977308273315430e+00
-4.426189959049224854e-01
-3.337678909301757812e-01
-4.472921192646026611e-01
-1.928687810897827148e+00
-1.153132915496826172e+00
-2.717788219451904297e-01
7.547402381896972656e-01
-2.449728250503540039e+00
4.939634799957275391e-01
1.770443916320800781e+00
1.296918243169784546e-01
-1.012369632720947266e+00
1.602154970169067383e-01
1.630507826805114746e+00
3.383432865142822266e+00
-2.342369079589843750e+00
2.890994787216186523e+00
-9.263778924942016602e-01
-1.011908292770385742e+00
-1.071399331092834473e+00
8.530991077423095703e-01
-5.518540740013122559e-01
4.983357340097427368e-02
2.150189161300659180e+00
1.128916501998901367e+00
-7.444492578506469727e-01
4.540045857429504395e-01
-3.784382343292236328e+00
-9.910620003938674927e-02
-8.794308900833129883e-01
-2.445290982723236084e-01
1.767804101109504700e-02
-6.400326490402221680e-01
