7.753859162330627441e-01
-7.555887103080749512e-01
8.671685457229614258e-01
9.788281321525573730e-01
6.388654112815856934e-01
-7.561759948730468750e-01
-5.927162766456604004e-01
-7.749130725860595703e-01
7.489016056060791016e-01
-5.328343510627746582e-01
2.190471887588500977e-01
5.794141888618469238e-01
-6.084451675415039062e-01
-8.087081313133239746e-01
-5.908105373382568359e-01
1.268474936485290527e+00
6.729071587324142456e-02
7.291423082351684570e-01
-3.927641510963439941e-01
-6.543099880218505859e-01
1.625957727432250977e+00
6.127369031310081482e-02
-1.822250336408615112e-01
1.291763067245483398e+00
-1.591569185256958008e+00
-2.678348302841186523e+00
3.380803585052490234e+00
5.381362047046422958e-03
-3.519788086414337158e-01
2.710004329681396484e+00
7.040058374404907227e-01
8.198047280311584473e-01
-6.857020854949951172e-01
-1.477469921112060547e+00
-2.716345787048339844e+00
1.617549300193786621e+00
5.088954567909240723e-01
2.781920731067657471e-01
3.124825358390808105e-01
-3.529890179634094238e-01
-1.060619235038757324e+00
-3.571065366268157959e-01
3.485822975635528564e-01
2.686225175857543945e+00
-2.522855281829833984e+00
1.567223548889160156e+00
1.738545536994934082e+00
-3.993718326091766357e-01
4.838916659355163574e-01
-4.479754447937011719e+00
6.046808958053588867e-01
-1.163214564323425293e+00
4.277268350124359131e-01
7.512142062187194824e-01
-2.923167943954467773e+00
-9.632028341293334961e-01
-2.027251482009887695e+00
2.979179918766021729e-01
2.748394012451171875e-01
-5.649688243865966797e-01
9.350883364677429199e-01
