1.511207967996597290e-01
9.008353203535079956e-02
1.478739529848098755e-01
-1.154670000076293945e+00
-1.006126761436462402e+00
-1.040996551513671875e+00
-4.091496169567108154e-01
2.524208128452301025e-01
9.359058737754821777e-01
5.226022601127624512e-01
-8.755622506141662598e-01
1.434577584266662598e+00
-6.642478704452514648e-01
-9.633012115955352783e-02
8.586102724075317383e-01
-9.252688884735107422e-01
-1.174313545227050781e+00
1.084757566452026367e+00
-2.560811340808868408e-01
8.503984212875366211e-01
8.008689880371093750e-01
-2.117435038089752197e-01
-4.115290343761444092e-01
-1.700628638267517090e+00
1.165350556373596191e+00
-9.145772457122802734e-01
2.007467269897460938e+00
-1.054417133331298828e+00
2.090146780014038086e+00
6.151897311210632324e-01
3.080847978591918945e+00
1.261207222938537598e+00
-8.903706073760986328e-02
3.087373375892639160e-01
2.603225946426391602e+00
2.226589679718017578e+00
6.042740345001220703e-01
-1.320303440093994141e+00
-1.058673024177551270e+00
-6.894900202751159668e-01
1.149905085563659668e+00
6.295527815818786621e-01
5.889578461647033691e-01
6.548633575439453125e-01
-1.231687143445014954e-02
-4.534114301204681396e-01
-1.730361700057983398e+00
1.245382428169250488e+00
-1.356875538825988770e+00
-9.170746430754661560e-03
1.686366796493530273e+00
-3.255036771297454834e-01
2.466948777437210083e-01
-7.118163108825683594e-01
-1.269752144813537598e+00
1.379050612449645996e+00
-3.484292421489953995e-03
-4.284881949424743652e-01
-4.279298782348632812e+00
1.011234045028686523e+00
-8.973318338394165039e-01
