5.231539011001586914e-01
3.301797509193420410e-01
-6.553066372871398926e-01
8.505162596702575684e-01
-4.865934252738952637e-01
4.797204434871673584e-01
9.220660924911499023e-01
6.661084294319152832e-01
-9.480170607566833496e-01
-7.202280163764953613e-01
5.288766026496887207e-01
-7.378775477409362793e-01
-4.913601577281951904e-01
9.487653970718383789e-01
5.366343855857849121e-01
-5.882044434547424316e-01
4.176823496818542480e-01
-7.907389998435974121e-01
-2.148676812648773193e-01
8.698092103004455566e-01
2.164726018905639648e+00
-5.534946918487548828e-01
-3.483224809169769287e-01
-3.342733085155487061e-01
1.682304859161376953e+00
-2.680191278457641602e+00
-8.510784506797790527e-01
1.762716174125671387e+00
-1.239624433219432831e-02
2.193501710891723633e+00
5.929266810417175293e-01
1.778948187828063965e+00
-6.406657099723815918e-01
5.030373334884643555e-01
-5.968523025512695312e-01
2.130259752273559570e+00
-1.464241981506347656e+00
-1.719621270895004272e-01
-1.766742348670959473e+00
-4.517655670642852783e-01
2.818083524703979492e+00
-7.253171205520629883e-01
6.474699378013610840e-01
3.793953955173492432e-01
-2.173858165740966797e+00
2.495999574661254883e+00
1.140154674649238586e-01
-2.501556873321533203e+00
4.208899438381195068e-01
1.695431113243103027e+00
-5.549998879432678223e-01
1.386145830154418945e+00
6.865363121032714844e-01
6.650452017784118652e-01
-2.790358960628509521e-01
1.553745031356811523e+00
1.691523909568786621e+00
-1.455118417739868164e+00
-2.439614534378051758e+00
9.222711324691772461e-01
-9.274983406066894531e-01
