1.020445346832275391e+00
-4.524163007736206055e-01
-9.906494021415710449e-01
1.444852471351623535e+00
-9.965515136718750000e-01
-9.435108900070190430e-01
1.848582506179809570e+00
3.117027878761291504e-01
3.646097779273986816e-01
4.470895826816558838e-01
-9.283381104469299316e-01
-4.514221847057342529e-01
-8.204879760742187500e-01
-1.008329868316650391e+00
3.678644001483917236e-01
-9.576083421707153320e-01
-1.085676550865173340e-01
-9.752099514007568359e-01
-1.127194166183471680e+00
3.542468845844268799e-01
3.315913200378417969e+00
-1.866069078445434570e+00
-2.234826803207397461e+00
-8.207543492317199707e-01
8.511499166488647461e-01
2.438409805297851562e+00
3.985370695590972900e-01
-1.423090815544128418e+00
-1.754476904869079590e+00
2.272298097610473633e+00
2.627281844615936279e-02
1.048568129539489746e+00
1.205532550811767578e+00
1.620610952377319336e+00
-2.278358042240142822e-01
3.478381395339965820e+00
-2.037030905485153198e-01
-5.266290307044982910e-01
-1.511522531509399414e+00
-1.670354604721069336e+00
-1.413765907287597656e+00
-2.897278547286987305e+00
2.256945133209228516e+00
3.339870274066925049e-01
-3.947910964488983154e-01
2.877842187881469727e+00
1.434523910284042358e-01
1.535299777984619141e+00
1.630789160728454590e+00
1.521345615386962891e+00
-2.211267501115798950e-01
-1.532751083374023438e+00
4.949908554553985596e-01
4.512859284877777100e-01
5.347334146499633789e-01
2.171402454376220703e+00
-1.995721936225891113e+00
-2.997604310512542725e-01
6.843873262405395508e-01
2.365193605422973633e+00
3.322574496269226074e-02
