-1.289026737213134766e+00
3.889864683151245117e-01
-1.338262319564819336e+00
1.169746160507202148e+00
-1.091609239578247070e+00
6.845564842224121094e-01
-7.881897091865539551e-01
5.628660917282104492e-01
1.368667960166931152e+00
-8.403557538986206055e-01
1.194848418235778809e+00
-1.279361963272094727e+00
1.515196681022644043e+00
1.077406287193298340e+00
2.063054144382476807e-01
8.624624609947204590e-01
-3.352326154708862305e-01
1.328402012586593628e-01
2.543113827705383301e-01
-9.512400031089782715e-01
1.501104682683944702e-01
-1.940493226051330566e+00
-3.235105574131011963e-01
-2.938441336154937744e-01
-6.824827790260314941e-01
-1.155362606048583984e+00
-1.616710983216762543e-02
-1.329860836267471313e-01
3.345116376876831055e-01
1.756352543830871582e+00
-7.704476714134216309e-01
-3.259851336479187012e-01
3.235463201999664307e-01
2.116516590118408203e+00
8.673845976591110229e-02
-2.738206148147583008e+00
-7.290407419204711914e-01
-2.192482724785804749e-02
1.413372993469238281e+00
-2.893068790435791016e+00
2.522933483123779297e-01
1.923658728599548340e+00
-6.006902456283569336e-01
4.208537191152572632e-02
7.932910919189453125e-01
-7.851105332374572754e-01
7.123393416404724121e-01
-1.163117066025733948e-01
5.356860756874084473e-01
1.133069276809692383e+00
5.106220245361328125e-01
-2.428545504808425903e-01
-3.945581018924713135e-01
-1.479526042938232422e+00
3.236885070800781250e+00
-1.756902813911437988e+00
-6.036010980606079102e-01
3.805380344390869141e+00
2.229037761688232422e+00
1.784653663635253906e+00
-6.386039853096008301e-01
