2.325314581394195557e-01
-4.620274603366851807e-01
7.421884536743164062e-01
3.788216412067413330e-01
-3.325771987438201904e-01
-9.090681672096252441e-01
1.037019252777099609e+00
-1.538052558898925781e+00
7.189011573791503906e-01
-9.329693317413330078e-01
7.695567011833190918e-01
-2.642443776130676270e-01
-1.139705538749694824e+00
-1.000755071640014648e+00
-9.324262738227844238e-01
7.824559807777404785e-01
-5.129780173301696777e-01
1.321732878684997559e+00
1.465829014778137207e+00
-8.920533657073974609e-01
-7.305524945259094238e-01
2.103039741516113281e+00
2.083913564682006836e+00
1.784173965454101562e+00
-1.499619603157043457e+00
-1.772358536720275879e+00
8.310277462005615234e-01
6.211054921150207520e-01
3.155081570148468018e-01
-5.582286715507507324e-01
2.087229728698730469e+00
-1.101739406585693359e+00
2.259206056594848633e+00
2.982235670089721680e+00
7.001345753669738770e-01
2.276721477508544922e+00
-1.915090382099151611e-01
5.720470547676086426e-01
-1.614239335060119629e+00
-2.311685085296630859e+00
4.288648128509521484e+00
-1.607361793518066406e+00
-2.040855884552001953e+00
1.555925130844116211e+00
-2.151327371597290039e+00
1.423985362052917480e+00
-5.070182085037231445e-01
3.885303139686584473e-01
8.347158432006835938e-01
-5.793742537498474121e-01
-1.578137993812561035e+00
-2.302015304565429688e+00
1.770076036453247070e+00
1.796771764755249023e+00
-8.259779214859008789e-01
-1.517807364463806152e+00
-7.839385867118835449e-01
-2.266686707735061646e-01
-7.708820700645446777e-01
-1.700466752052307129e+00
-3.397976756095886230e-01
