-2.517065405845642090e-01
1.374308705329895020e+00
9.316917657852172852e-01
1.013886451721191406e+00
1.093852043151855469e+00
8.490455746650695801e-01
1.163836568593978882e-01
-1.609805583953857422e+00
6.884257793426513672e-01
-9.143388867378234863e-01
-1.487253904342651367e+00
-2.175041288137435913e-01
-7.099475264549255371e-01
-1.784727931022644043e+00
-5.668472051620483398e-01
9.789214730262756348e-01
8.391329050064086914e-01
-1.269456863403320312e+00
8.602292537689208984e-01
1.672269552946090698e-01
-9.536357522010803223e-01
-4.919579327106475830e-01
-2.094913482666015625e+00
-2.247002571821212769e-01
8.560233712196350098e-01
1.793325304985046387e+00
-6.015806794166564941e-01
-8.140960931777954102e-01
2.818369567394256592e-01
-2.782286643981933594e+00
2.022110670804977417e-01
-1.156041622161865234e+00
-2.605879545211791992e+00
-1.326352171599864960e-02
2.729689598083496094e+00
-7.473456263542175293e-01
3.125299930572509766e+00
-1.379017382860183716e-01
-2.837780714035034180e+00
4.932537078857421875e-01
-2.095534086227416992e+00
-1.070868223905563354e-01
-1.447174906730651855e+00
1.373017907142639160e+00
-5.826957523822784424e-02
-2.059887409210205078e+00
1.959209799766540527e+00
2.321673631668090820e-01
-2.327723056077957153e-01
1.564559221267700195e+00
2.047632932662963867e-01
-2.778222084045410156e+00
-2.093292474746704102e+00
4.814212322235107422e-01
-2.074760198593139648e+00
-6.054664850234985352e-01
-2.020706892013549805e+00
-1.062717199325561523e+00
-1.401956796646118164e+00
1.984499335289001465e+00
-1.031601071357727051e+00
