7.801846265792846680e-01
-9.622170925140380859e-01
-1.028811573982238770e+00
1.071728825569152832e+00
3.654248118400573730e-01
8.559765219688415527e-01
-1.207254052162170410e+00
-8.661432266235351562e-01
-3.869723081588745117e-01
9.067093133926391602e-01
-1.187630221247673035e-01
-8.600029349327087402e-01
-6.293430924415588379e-01
2.612038850784301758e-01
-3.245648741722106934e-01
-1.077674746513366699e+00
-9.148055315017700195e-01
-8.475242853164672852e-01
1.362519711256027222e-01
9.464193582534790039e-01
2.751501560211181641e+00
3.462520837783813477e+00
-2.825030088424682617e-01
-6.748547554016113281e-01
-7.997540831565856934e-01
2.042077541351318359e+00
1.969071745872497559e+00
-1.628788471221923828e+00
1.933594942092895508e+00
2.220060527324676514e-01
-1.711263656616210938e-01
-2.124494791030883789e+00
-2.465424537658691406e+00
-6.718689799308776855e-01
-1.693725824356079102e+00
2.790689229965209961e+00
-1.672042250633239746e+00
-5.034731626510620117e-01
4.997471868991851807e-01
3.143503665924072266e-01
-2.780651569366455078e+00
1.735235691070556641e+00
-1.054815530776977539e+00
-4.916995018720626831e-02
2.046591281890869141e+00
-7.712352871894836426e-01
1.020597457885742188e+00
-8.964267373085021973e-01
-2.308601617813110352e+00
-3.910928368568420410e-01
-2.950941324234008789e+00
1.093753576278686523e+00
-1.913683414459228516e+00
1.291823148727416992e+00
-2.267157316207885742e+00
1.998914480209350586e+00
1.318694472312927246e+00
4.726823568344116211e-01
1.949634671211242676e+00
-5.114249140024185181e-02
-8.608291149139404297e-01
