7.910060882568359375e-01
-6.201038956642150879e-01
-7.917729020118713379e-01
-6.939358711242675781e-01
-8.262492418289184570e-01
-3.079202771186828613e-01
-1.153471320867538452e-01
2.777720093727111816e-01
2.145831435918807983e-01
-1.831270009279251099e-01
1.305002093315124512e+00
2.373020648956298828e-01
5.737334489822387695e-01
5.517914891242980957e-01
-1.517311573028564453e+00
8.240857720375061035e-01
-8.066114187240600586e-01
6.763854026794433594e-01
-8.009160757064819336e-01
-7.800526618957519531e-01
1.788322776556015015e-01
3.841123580932617188e-01
1.379288196563720703e+00
-5.138254761695861816e-01
-2.646334409713745117e+00
-9.754412770271301270e-01
8.454353213310241699e-01
8.995159864425659180e-01
-8.060383796691894531e-01
-7.637656927108764648e-01
1.662558168172836304e-01
-9.599851965904235840e-01
8.594568967819213867e-01
-2.373389959335327148e+00
-5.425374507904052734e-01
3.550729155540466309e-01
1.914292573928833008e+00
-2.292800426483154297e+00
-1.725216865539550781e+00
4.040909409523010254e-01
2.129969447851181030e-01
1.268016993999481201e-01
5.369908809661865234e-01
-3.759008944034576416e-01
1.360789060592651367e+00
-1.714807033538818359e+00
-9.669631719589233398e-01
1.838074207305908203e+00
-5.940871834754943848e-01
-2.423756122589111328e+00
1.629268676042556763e-01
1.831915259361267090e+00
-9.009765386581420898e-01
2.110068321228027344e+00
-2.187570556998252869e-02
-3.652039170265197754e-01
9.473195672035217285e-01
-2.079646587371826172e+00
1.702059149742126465e+00
-5.524354577064514160e-01
-3.375451862812042236e-01
