8.188485503196716309e-01
1.086788296699523926e+00
-8.792905807495117188e-01
-9.063089489936828613e-01
1.379610896110534668e+00
-1.180856585502624512e+00
1.001520633697509766e+00
-8.969562053680419922e-01
-6.990195512771606445e-01
-8.946152329444885254e-01
9.798439592123031616e-02
-1.086832761764526367e+00
8.603016138076782227e-01
-4.007687568664550781e-01
1.175426721572875977e+00
2.913706600666046143e-01
7.161726355552673340e-01
-5.005208849906921387e-01
-5.003815293312072754e-01
7.535042166709899902e-01
3.237569093704223633e+00
-8.317822813987731934e-01
-1.146376729011535645e+00
1.014578267931938171e-01
1.457881927490234375e-01
1.503486633300781250e+00
9.887211918830871582e-01
-6.080491542816162109e-01
-3.041766643524169922e+00
-5.274078249931335449e-01
8.528642058372497559e-01
1.345898151397705078e+00
2.152208566665649414e+00
2.057275533676147461e+00
-9.110761433839797974e-02
-1.394519567489624023e+00
-2.316309690475463867e+00
3.563922941684722900e-01
1.200926661491394043e+00
-1.605790376663208008e+00
-1.789153337478637695e+00
1.314675658941268921e-01
4.881726205348968506e-01
-8.185513019561767578e-01
-8.469317108392715454e-02
1.162160873413085938e+00
-4.351146221160888672e-01
-7.706385850906372070e-01
-3.464882612228393555e+00
-3.774533569812774658e-01
1.554856419563293457e+00
-1.778534531593322754e+00
-1.759139299392700195e+00
-3.170373439788818359e+00
1.167818903923034668e-01
1.754920959472656250e+00
-2.179563999176025391e+00
2.551154494285583496e-01
7.370726466178894043e-01
-1.045012593269348145e+00
3.669042289257049561e-01
