7.935842871665954590e-01
-4.192572236061096191e-01
1.115565538406372070e+00
3.066162765026092529e-01
-8.865272998809814453e-01
4.868717491626739502e-01
-5.717195197939872742e-02
1.030111074447631836e+00
-9.465153217315673828e-01
1.095739245414733887e+00
-6.503745317459106445e-01
9.439035654067993164e-01
7.198861837387084961e-01
1.433352112770080566e+00
-1.152509570121765137e+00
1.333986878395080566e+00
9.495889544486999512e-01
-8.122870922088623047e-01
6.530941128730773926e-01
1.400252580642700195e+00
1.446489453315734863e+00
-1.603469014167785645e+00
5.718289613723754883e-01
-1.348398685455322266e+00
-1.364088892936706543e+00
2.145009756088256836e+00
-5.150902867317199707e-01
1.212802290916442871e+00
2.140390396118164062e+00
6.874948143959045410e-01
-1.048794627189636230e+00
-3.075294733047485352e+00
1.920891642570495605e+00
2.819145917892456055e-01
8.903905153274536133e-01
-6.000844836235046387e-01
1.109151363372802734e+00
2.573729515075683594e+00
2.196184158325195312e+00
-2.865612804889678955e-01
-1.123515605926513672e+00
-2.619290113449096680e+00
-8.619468659162521362e-02
3.431336879730224609e+00
8.596618175506591797e-01
1.763005495071411133e+00
-1.983974218368530273e+00
1.785044670104980469e+00
1.878839373588562012e+00
-2.172715067863464355e-01
-1.760725855827331543e+00
-2.546490192413330078e+00
-1.161265373229980469e+00
7.117691040039062500e-01
7.091413736343383789e-01
1.295047521591186523e+00
-1.274221301078796387e+00
-2.202564001083374023e+00
-2.867021799087524414e+00
-8.399899601936340332e-01
-3.227013051509857178e-01
