-6.209394708275794983e-02
9.100276231765747070e-01
6.993315368890762329e-02
8.466499447822570801e-01
-9.586852192878723145e-01
-8.081587553024291992e-01
3.044928610324859619e-01
-8.417439460754394531e-01
-5.729902535676956177e-02
3.557587862014770508e-01
9.788871407508850098e-01
-3.272491097450256348e-01
1.117089629173278809e+00
1.195064663887023926e+00
1.261716127395629883e+00
-3.140153288841247559e-01
-1.110570073127746582e+00
-9.900985360145568848e-01
-1.099195599555969238e+00
-1.032978534698486328e+00
-3.784494400024414062e-01
-6.763615012168884277e-01
-3.596685826778411865e-01
-1.178439736366271973e+00
-3.114738464355468750e+00
-5.678729414939880371e-01
1.512201905250549316e+00
2.788932800292968750e+00
-9.772380441427230835e-02
-1.821569800376892090e+00
-7.574675083160400391e-01
1.595405578613281250e+00
6.289920806884765625e-01
-6.970232129096984863e-01
1.023326754570007324e+00
-1.673469066619873047e+00
-2.438231945037841797e+00
2.323593139648437500e+00
-9.006142616271972656e-01
1.009286522865295410e+00
-2.474454164505004883e+00
1.003732919692993164e+00
1.424450397491455078e+00
-8.287425637245178223e-01
1.772954940795898438e+00
6.112493872642517090e-01
2.593774318695068359e+00
1.996970057487487793e+00
-1.297498822212219238e+00
2.026588678359985352e+00
6.803475618362426758e-01
-2.302656888961791992e+00
1.379667639732360840e+00
-1.819668337702751160e-02
-3.594667017459869385e-01
-1.658936023712158203e+00
1.324911117553710938e+00
1.215029478073120117e+00
3.342012763023376465e-01
6.432549953460693359e-01
-5.933251976966857910e-01
