-2.591029703617095947e-01
7.621275782585144043e-01
7.704068422317504883e-01
-3.028412461280822754e-01
-7.151892781257629395e-01
-7.442729473114013672e-01
7.806336879730224609e-01
7.456099987030029297e-01
7.378796339035034180e-01
1.040281772613525391e+00
-8.979038596153259277e-01
2.288859784603118896e-01
2.607790231704711914e-01
-3.214475512504577637e-01
8.566322326660156250e-01
-7.242466807365417480e-01
-6.939488649368286133e-01
7.383642792701721191e-01
-8.346654176712036133e-01
-8.557952642440795898e-01
-1.448998332023620605e+00
1.038036271929740906e-01
-6.424714922904968262e-01
-1.873240351676940918e+00
-5.143163204193115234e-01
-3.597055375576019287e-01
2.131012439727783203e+00
-3.538301885128021240e-01
2.226378619670867920e-01
1.665813475847244263e-01
5.761693716049194336e-01
-1.002314925193786621e+00
-1.186760783195495605e+00
1.555494308471679688e+00
1.423611283302307129e+00
-3.721472024917602539e-01
7.290938403457403183e-03
2.545361816883087158e-01
2.804844856262207031e+00
1.917066812515258789e+00
-2.032096147537231445e+00
-3.220100402832031250e-01
-1.412916183471679688e-01
-2.356675148010253906e+00
-1.447384238243103027e+00
7.540424466133117676e-01
-1.584660410881042480e+00
-1.694356948137283325e-01
-2.036277055740356445e-01
6.711870431900024414e-01
-8.003894686698913574e-01
1.362752914428710938e+00
1.311621546745300293e+00
-1.533759832382202148e+00
-8.568663001060485840e-01
5.004592612385749817e-02
-2.890711650252342224e-02
-3.057767450809478760e-01
1.492395877838134766e+00
1.197513699531555176e+00
-1.159237861633300781e+00
