4.080829322338104248e-01
-1.801100969314575195e-01
1.344284772872924805e+00
-6.708982586860656738e-01
9.461134672164916992e-01
4.997048079967498779e-01
-1.164160728454589844e+00
4.363757073879241943e-01
4.453870952129364014e-01
-9.438909292221069336e-01
7.538840770721435547e-01
7.294657826423645020e-01
-9.368717074394226074e-01
-9.130581617355346680e-01
1.000733256340026855e+00
-1.690834760665893555e-01
1.009915471076965332e+00
-1.032197713851928711e+00
-1.559088975191116333e-01
-1.656421124935150146e-01
-1.938556790351867676e+00
1.841777861118316650e-01
5.045292973518371582e-01
-5.843021273612976074e-01
-2.735553123056888580e-02
-7.891804575920104980e-01
5.445937514305114746e-01
2.300568103790283203e+00
-3.415791094303131104e-01
3.153589487075805664e+00
-1.360771358013153076e-01
-6.649305820465087891e-01
1.692854046821594238e+00
-2.785825967788696289e+00
2.080208063125610352e+00
4.002001285552978516e-01
-1.464390754699707031e+00
2.529713869094848633e+00
4.088180661201477051e-01
6.962746381759643555e-01
1.395406723022460938e+00
-9.002307057380676270e-01
2.491090148687362671e-01
1.008476018905639648e+00
6.350877881050109863e-01
7.006664276123046875e-01
1.379234343767166138e-01
3.240963459014892578e+00
7.459548115730285645e-01
1.880460023880004883e+00
-5.681295990943908691e-01
8.326021432876586914e-01
8.036385178565979004e-01
1.739313602447509766e+00
-1.416167020797729492e+00
-2.239865303039550781e+00
-1.113651871681213379e+00
1.698831677436828613e+00
-2.974041938781738281e+00
-2.218706846237182617e+00
8.980785012245178223e-01
