-5.910223126411437988e-01
-4.764547944068908691e-01
-1.027131795883178711e+00
-3.461279273033142090e-01
8.543005585670471191e-01
-1.005750656127929688e+00
6.053052544593811035e-01
8.885907530784606934e-01
-4.463912844657897949e-01
4.250725507736206055e-01
-8.979250788688659668e-01
-6.297284960746765137e-01
5.274544954299926758e-01
-9.905811399221420288e-02
8.798978924751281738e-01
9.690412282943725586e-01
8.233504295349121094e-01
8.038256764411926270e-01
9.841486215591430664e-01
9.207125306129455566e-01
2.722488045692443848e-01
2.206997871398925781e+00
1.125468969345092773e+00
-6.214182972908020020e-01
-3.338434457778930664e+00
-2.070327520370483398e+00
-1.126407459378242493e-01
-1.746794283390045166e-01
1.678959369659423828e+00
2.370628595352172852e+00
-1.065945148468017578e+00
-1.522581219673156738e+00
-2.054473161697387695e+00
1.393661275506019592e-02
-2.521162033081054688e+00
7.819229364395141602e-02
1.635875344276428223e+00
-1.392195582389831543e+00
-1.103581786155700684e+00
2.755707979202270508e+00
-3.497442603111267090e-01
-1.828187465667724609e+00
-5.135555863380432129e-01
-6.224125027656555176e-01
-2.230157136917114258e+00
8.952659368515014648e-01
1.742753088474273682e-01
3.767156600952148438e-01
-1.316119790077209473e+00
3.169620990753173828e+00
4.776005446910858154e-01
-1.055838108062744141e+00
1.754002213478088379e+00
-1.264270186424255371e+00
-2.104968547821044922e+00
3.802875578403472900e-01
-8.054616451263427734e-01
-1.082018971443176270e+00
-1.834237016737461090e-02
-1.575724482536315918e+00
-1.221101880073547363e+00
