-1.237859964370727539e+00
9.888063669204711914e-01
-1.086209535598754883e+00
3.664685189723968506e-01
8.861541152000427246e-01
7.908747792243957520e-01
-9.517190456390380859e-01
-5.749671459197998047e-01
2.493791878223419189e-01
-2.326378673315048218e-01
-8.110429048538208008e-01
1.136579751968383789e+00
-9.623276591300964355e-01
4.774213731288909912e-01
-7.106304168701171875e-01
9.133198112249374390e-02
-8.276100158691406250e-01
-7.023336291313171387e-01
7.546221017837524414e-01
7.228513360023498535e-01
9.106762409210205078e-01
3.553151369094848633e+00
5.948082208633422852e-01
1.702095985412597656e+00
2.343550920486450195e+00
2.779235601425170898e+00
1.834282428026199341e-01
3.352367401123046875e+00
-2.190304994583129883e+00
-1.264375805854797363e+00
1.068112850189208984e+00
-1.945685893297195435e-01
-3.604277074337005615e-01
-2.328039169311523438e+00
1.233041405677795410e+00
-1.303888201713562012e+00
4.116402566432952881e-02
-1.275647401809692383e+00
-1.359965205192565918e+00
-2.261837244033813477e+00
5.273584723472595215e-01
-2.000024318695068359e+00
-1.270571231842041016e+00
1.607067823410034180e+00
-1.944143295288085938e+00
2.290741682052612305e+00
2.200479954481124878e-01
3.002688884735107422e+00
4.563206195831298828e+00
-1.938999414443969727e+00
-1.156940937042236328e+00
-5.557637661695480347e-02
-1.236315011978149414e+00
4.568065643310546875e+00
8.051363229751586914e-01
1.067663908004760742e+00
5.585483312606811523e-01
6.514956951141357422e-01
-1.581022024154663086e+00
-1.681343555450439453e+00
3.032181978225708008e+00
