-8.035772442817687988e-01
-8.407186865806579590e-01
9.358255267143249512e-01
-2.501334846019744873e-01
-4.515917301177978516e-01
9.461017847061157227e-01
8.347241878509521484e-01
-9.906932115554809570e-01
5.767671465873718262e-01
1.224180459976196289e+00
9.026222825050354004e-01
-7.931816577911376953e-01
-5.500745773315429688e-01
-8.622822761535644531e-01
-8.762539625167846680e-01
-5.661862492561340332e-01
-8.187392354011535645e-01
8.418312668800354004e-01
4.296766817569732666e-01
-7.811090350151062012e-01
-1.709066748619079590e+00
-3.085622787475585938e+00
-1.538841605186462402e+00
-7.874174118041992188e-01
2.182248353958129883e+00
6.460832953453063965e-01
-3.570149242877960205e-01
6.167439222335815430e-01
1.307987570762634277e+00
-5.101268291473388672e-01
-2.516080141067504883e+00
1.076286911964416504e+00
-2.504787683486938477e+00
-2.819856861606240273e-03
8.485571146011352539e-01
-4.012703597545623779e-01
-1.042869806289672852e+00
2.287157773971557617e+00
-2.105566263198852539e+00
-1.795304059982299805e+00
1.007420778274536133e+00
1.774018764495849609e+00
-9.134891629219055176e-01
-1.570420503616333008e+00
1.211832880973815918e+00
3.805310726165771484e-01
6.437035202980041504e-01
-6.788057088851928711e-01
2.748931884765625000e+00
-5.463922619819641113e-01
-1.538507938385009766e+00
4.443774223327636719e-01
-2.531524896621704102e+00
-8.000925183296203613e-01
1.654640436172485352e-01
3.510932624340057373e-01
3.314705491065979004e-01
-1.589523673057556152e+00
4.538745880126953125e+00
1.106176853179931641e+00
5.780990123748779297e-01
