1.016496062278747559e+00
-1.066671609878540039e+00
-1.568123817443847656e+00
3.052572607994079590e-01
1.047631859779357910e+00
-3.470276892185211182e-01
9.174530506134033203e-01
2.131703495979309082e-01
-1.242297887802124023e-01
1.451017141342163086e+00
-8.077194094657897949e-01
-1.172232776880264282e-01
1.472274303436279297e+00
-9.659543037414550781e-01
-1.168700903654098511e-01
-1.189429879188537598e+00
1.050654530525207520e+00
-3.980932235717773438e-01
-1.883983314037322998e-01
-8.548204898834228516e-01
1.827725172042846680e+00
-2.774285793304443359e+00
1.949246376752853394e-01
1.352998018264770508e+00
-2.355609416961669922e+00
5.257096886634826660e-01
3.071631908416748047e+00
7.231228351593017578e-01
1.188830807805061340e-01
2.029202431440353394e-01
-1.252038598060607910e+00
-1.500207334756851196e-01
-6.285701990127563477e-01
-2.525771379470825195e+00
7.688152045011520386e-02
1.666306614875793457e+00
3.550722897052764893e-01
2.052536249160766602e+00
5.348529219627380371e-01
2.770059823989868164e+00
-1.118993282318115234e+00
2.204434633255004883e+00
1.382935140281915665e-02
3.240547657012939453e+00
-1.442980885505676270e+00
-7.505320310592651367e-01
-1.698357224464416504e+00
1.142264366149902344e+00
-1.425323486328125000e+00
1.237137615680694580e-01
5.850564837455749512e-01
-7.704551219940185547e-01
3.266199678182601929e-02
-1.407220482826232910e+00
-7.383862733840942383e-01
5.597096681594848633e-01
1.112712826579809189e-02
-1.698259353637695312e+00
-3.604137182235717773e+00
2.202065944671630859e+00
2.455593943595886230e-01
