3.240208029747009277e-01
-8.712619543075561523e-01
-3.678930997848510742e-01
-2.386083751916885376e-01
-9.984293580055236816e-01
1.028064012527465820e+00
1.010508894920349121e+00
-5.537804365158081055e-01
2.356397360563278198e-01
8.783240318298339844e-01
8.118785023689270020e-01
-7.254741191864013672e-01
-5.741899609565734863e-01
5.298823714256286621e-01
3.740782141685485840e-01
8.258726000785827637e-01
1.187638998031616211e+00
-6.048479676246643066e-01
-2.507907152175903320e-01
-7.809957265853881836e-01
1.715914130210876465e+00
-6.334085464477539062e-01
1.910163521766662598e+00
1.298688650131225586e+00
-6.992745995521545410e-01
1.892418622970581055e+00
-3.059346675872802734e+00
-1.049280762672424316e+00
-1.516813874244689941e+00
-1.735033869743347168e+00
2.544967412948608398e+00
-1.905581712722778320e+00
-6.722327470779418945e-01
5.767084360122680664e-01
2.011110305786132812e+00
5.809697508811950684e-01
1.003008604049682617e+00
-6.478134989738464355e-01
-9.318171143531799316e-01
-1.389438390731811523e+00
1.710333943367004395e+00
-5.467182397842407227e-01
-3.308758735656738281e+00
-4.809647798538208008e-01
-9.557797014713287354e-02
-1.268261432647705078e+00
-1.116824865341186523e+00
5.971758365631103516e-01
9.415633678436279297e-01
-1.864748597145080566e+00
-1.960202097892761230e+00
1.079059004783630371e+00
-1.766993522644042969e+00
3.598241806030273438e-01
2.055612564086914062e+00
5.098533257842063904e-02
-9.293948411941528320e-01
-1.790269255638122559e+00
-1.727064251899719238e+00
6.944475173950195312e-01
2.778481841087341309e-01
