8.498052358627319336e-01
-7.207036763429641724e-02
-1.078487157821655273e+00
-2.946555316448211670e-01
2.764681540429592133e-02
1.011090397834777832e+00
9.972259998321533203e-01
-5.943936109542846680e-01
-1.012731313705444336e+00
-9.893441796302795410e-01
-1.441267728805541992e-01
6.137687563896179199e-01
9.510130882263183594e-01
1.473109960556030273e+00
1.259337186813354492e+00
-1.389991044998168945e+00
-1.851860135793685913e-01
4.126583337783813477e-01
6.650862693786621094e-01
-1.039748311042785645e+00
5.340453982353210449e-01
-9.703263640403747559e-01
-2.783973455429077148e+00
4.727006852626800537e-01
-1.627067208290100098e+00
-1.540482759475708008e+00
1.559484601020812988e+00
3.972122967243194580e-01
2.644575357437133789e+00
-3.490979433059692383e+00
-2.590457201004028320e-01
-2.270439863204956055e+00
-3.505414247512817383e+00
-7.069149017333984375e-01
-7.386875152587890625e-01
-9.939483553171157837e-02
-4.146098494529724121e-01
1.627241134643554688e+00
1.474724054336547852e+00
-1.865410804748535156e+00
-3.615663945674896240e-01
9.554394483566284180e-01
1.990203857421875000e+00
-1.096084117889404297e+00
1.915080904960632324e+00
-1.395198822021484375e+00
-8.882980346679687500e-01
-1.357779383659362793e+00
2.199917554855346680e+00
1.630402088165283203e+00
-9.298602938652038574e-01
4.132956027984619141e+00
-2.573584318161010742e+00
-1.317729335278272629e-02
-1.994771957397460938e-01
1.961187086999416351e-02
-3.381508350372314453e+00
1.947523593902587891e+00
1.974615216255187988e+00
9.061858654022216797e-01
1.722252011299133301e+00
