1.301931619644165039e+00
1.028716921806335449e+00
5.764577984809875488e-01
1.805783152580261230e+00
4.207283556461334229e-01
-3.954628109931945801e-01
9.293574094772338867e-01
-1.224353075027465820e+00
-4.738405942916870117e-01
-3.376246392726898193e-01
9.960317015647888184e-01
1.130331277847290039e+00
1.620415896177291870e-01
1.182590007781982422e+00
3.080812692642211914e-01
-1.014267444610595703e+00
9.967416524887084961e-01
2.086543589830398560e-01
6.135253310203552246e-01
2.596443593502044678e-01
-1.039454221725463867e+00
-1.692921161651611328e+00
-1.381513953208923340e+00
-3.339528739452362061e-01
2.266762733459472656e+00
-1.915320873260498047e+00
2.983495712280273438e+00
-1.924197793006896973e+00
1.806429505348205566e+00
1.528569459915161133e+00
-4.266291260719299316e-01
-1.009950041770935059e+00
3.072013556957244873e-01
2.895978450775146484e+00
1.105157375335693359e+00
2.602931737899780273e+00
-3.542119026184082031e+00
-1.265343129634857178e-01
-9.433528408408164978e-03
-1.351274967193603516e+00
-4.293008744716644287e-01
-9.770997762680053711e-01
3.751872777938842773e-01
8.848788589239120483e-02
1.219797015190124512e+00
-7.692102789878845215e-01
-1.532105922698974609e+00
1.082000613212585449e+00
-1.025913953781127930e+00
-1.210013151168823242e+00
4.461498260498046875e-01
6.191133856773376465e-01
2.800630331039428711e-01
-1.231636047363281250e+00
2.832128286361694336e+00
1.984019756317138672e+00
-1.703617095947265625e+00
1.866313099861145020e+00
-2.415225282311439514e-02
2.741010904312133789e+00
4.393200576305389404e-02
