-9.601871967315673828e-01
1.134089469909667969e+00
-1.331058859825134277e+00
1.043720960617065430e+00
-1.108637928962707520e+00
-1.330354094505310059e+00
5.701521635055541992e-01
-7.617923617362976074e-01
3.521700575947761536e-02
8.334414958953857422e-01
1.192000508308410645e+00
1.383239030838012695e+00
-1.021227121353149414e+00
-8.136379122734069824e-01
4.851080179214477539e-01
-1.257376670837402344e+00
-9.572237133979797363e-01
2.328919917345046997e-01
-9.071007370948791504e-01
1.246895790100097656e+00
2.357330799102783203e+00
8.026130199432373047e-01
8.577290773391723633e-01
2.644537925720214844e+00
2.350686192512512207e-01
7.026413083076477051e-01
2.331581830978393555e+00
-2.252254486083984375e-01
6.370165348052978516e-01
3.040208339691162109e+00
-1.300565242767333984e+00
2.285090446472167969e+00
3.287461996078491211e+00
-1.729826092720031738e+00
-2.277323961257934570e+00
1.083584785461425781e+00
3.645865678787231445e+00
-6.467388868331909180e-01
3.139734745025634766e+00
-1.015291333198547363e+00
1.778837084770202637e+00
-1.766015291213989258e-01
6.551800370216369629e-01
-2.347760915756225586e+00
-1.396355390548706055e+00
3.836738467216491699e-01
4.985464572906494141e+00
-5.902874469757080078e-02
2.258521080017089844e+00
-2.450132608413696289e+00
-1.057665228843688965e+00
-8.679897785186767578e-01
2.182744741439819336e+00
-8.806442618370056152e-01
3.415312290191650391e+00
-2.620601177215576172e+00
2.451860666275024414e+00
1.731791138648986816e+00
-2.528759956359863281e+00
-7.892730832099914551e-01
-9.858397245407104492e-01
