9.036731719970703125e-01
7.611417770385742188e-01
2.537090778350830078e-01
-2.666374742984771729e-01
8.205329775810241699e-01
3.448294103145599365e-01
-9.191030263900756836e-01
5.104658752679824829e-02
8.133553266525268555e-01
8.607571125030517578e-01
1.928309500217437744e-01
5.319047570228576660e-01
9.409648776054382324e-01
-3.290614187717437744e-01
-7.611408829689025879e-01
-7.733891606330871582e-01
-8.215476274490356445e-01
-9.390986710786819458e-02
2.589410841464996338e-01
8.640222549438476562e-01
1.886472664773464203e-02
2.398473501205444336e+00
9.363091588020324707e-01
-1.040749549865722656e+00
-7.848426699638366699e-01
-1.714850783348083496e+00
1.913111567497253418e+00
2.451434731483459473e-01
-1.048520505428314209e-01
-2.687923669815063477e+00
-6.334006786346435547e-02
1.121423602104187012e+00
1.222326159477233887e-01
-1.538336038589477539e+00
4.624211788177490234e-01
3.039154410362243652e-01
5.558589845895767212e-02
6.085882782936096191e-01
-8.434651494026184082e-01
1.739641189575195312e+00
-2.773039937019348145e-01
-2.243334054946899414e+00
1.504683256149291992e+00
-2.160135746002197266e+00
-6.829876899719238281e-01
1.933267593383789062e+00
1.565671920776367188e+00
8.691027164459228516e-01
1.216140747070312500e+00
-1.814852237701416016e+00
1.786916017532348633e+00
-1.117477774620056152e+00
-3.984883427619934082e-01
-1.733773469924926758e+00
2.041758149862289429e-01
3.280657231807708740e-01
-8.374686837196350098e-01
-1.173862695693969727e+00
2.025061368942260742e+00
-1.287193179130554199e+00
1.877523213624954224e-02
