-5.076514482498168945e-01
5.739285349845886230e-01
1.058641552925109863e+00
8.190805315971374512e-01
-9.569250345230102539e-01
1.033010601997375488e+00
-8.626974821090698242e-01
8.201909661293029785e-01
-7.304056882858276367e-01
8.193007707595825195e-01
3.174499571323394775e-01
-1.077792406082153320e+00
3.497185707092285156e-01
8.011528253555297852e-01
7.911041378974914551e-01
2.189934700727462769e-01
-9.205856323242187500e-01
-8.995316624641418457e-01
-8.881859183311462402e-01
4.017928540706634521e-01
2.450802087783813477e+00
1.081276178359985352e+00
-2.367261350154876709e-01
1.658872246742248535e+00
7.365212589502334595e-02
1.033613383769989014e-01
2.315281391143798828e+00
-1.737904101610183716e-01
-3.342814743518829346e-02
-1.840779423713684082e+00
-1.593618631362915039e+00
2.940187454223632812e-01
1.750313162803649902e+00
-1.923465967178344727e+00
2.389894723892211914e+00
1.115743368864059448e-01
5.179319381713867188e-01
-4.382806718349456787e-01
3.257578611373901367e+00
2.408105134963989258e+00
-2.177708387374877930e+00
-5.219638943672180176e-01
-7.245884276926517487e-03
-1.169890761375427246e+00
9.185892343521118164e-02
1.394804567098617554e-01
9.238163232803344727e-01
9.609262347221374512e-01
-1.938270963728427887e-02
-5.092603564262390137e-01
1.493690490722656250e+00
1.709606684744358063e-02
2.850516557693481445e+00
-6.641293168067932129e-01
-1.746418595314025879e+00
1.107372522354125977e+00
-2.556647062301635742e-01
-3.321954011917114258e-01
1.308282613754272461e+00
1.695193529129028320e+00
-1.150695443153381348e+00
