-3.572935760021209717e-01
9.276465177536010742e-01
-5.484406352043151855e-01
-3.479790389537811279e-01
-7.679156064987182617e-01
9.084048271179199219e-01
-6.969116926193237305e-01
-8.403980135917663574e-01
-4.782358556985855103e-02
8.927762508392333984e-03
-7.245163917541503906e-01
-3.582936823368072510e-01
3.655758500099182129e-01
-8.288583755493164062e-01
7.830284833908081055e-01
6.019665002822875977e-01
-7.403509020805358887e-01
-8.743711113929748535e-01
-7.061336040496826172e-01
-5.064679384231567383e-01
1.461427450180053711e+00
-2.526019573211669922e+00
-2.949061393737792969e+00
1.277391076087951660e+00
-9.606778621673583984e-01
-3.325220584869384766e+00
-2.154836177825927734e+00
-1.717404127120971680e+00
5.172563195228576660e-01
-1.308668136596679688e+00
3.886709734797477722e-02
9.173107743263244629e-01
-1.580827713012695312e+00
8.780947923660278320e-01
-3.665254712104797363e-01
2.800789594650268555e+00
1.672703176736831665e-01
1.804805994033813477e+00
1.613762080669403076e-01
-5.851058363914489746e-01
-1.299009203910827637e+00
-1.469112277030944824e+00
1.764790534973144531e+00
-1.209184288978576660e+00
2.942736744880676270e-01
-1.770629763603210449e+00
1.275807857513427734e+00
1.173424243927001953e+00
1.040280342102050781e+00
-2.521236181259155273e+00
-6.482926607131958008e-01
-9.290946125984191895e-01
2.146835565567016602e+00
1.017770022153854370e-01
1.277987062931060791e-01
4.031932830810546875e+00
-6.688606739044189453e-01
1.058367967605590820e+00
-1.602392196655273438e-01
1.130652800202369690e-01
-1.876199960708618164e+00
