-1.098167061805725098e+00
-1.746081560850143433e-01
9.564837813377380371e-01
-1.045945048332214355e+00
-5.412259697914123535e-01
5.596319437026977539e-01
-2.268282473087310791e-01
-1.002220749855041504e+00
1.338421821594238281e+00
-8.713076114654541016e-01
-5.620368719100952148e-01
-1.192954063415527344e+00
1.586105108261108398e+00
4.238453507423400879e-01
-1.036604523658752441e+00
7.161746025085449219e-01
1.022906422615051270e+00
-7.816178351640701294e-02
1.051745653152465820e+00
1.004234552383422852e+00
-2.566549539566040039e+00
1.823719263076782227e+00
-3.277637004852294922e+00
7.322207689285278320e-01
2.068939924240112305e+00
5.948019623756408691e-01
-5.774779319763183594e-01
-3.314200401306152344e+00
-1.059493541717529297e+00
1.179697513580322266e+00
-1.861248850822448730e+00
8.086922764778137207e-01
6.442002952098846436e-02
2.139303207397460938e+00
-1.396375894546508789e+00
-4.396510776132345200e-03
-2.448541879653930664e+00
5.986880660057067871e-01
6.237572431564331055e-01
-3.438004255294799805e-01
1.524626612663269043e+00
-1.070081233978271484e+00
-1.835536599159240723e+00
-7.224135398864746094e-01
-3.960667371749877930e+00
5.903680324554443359e-01
-4.836910367012023926e-01
1.698063492774963379e+00
-5.019951462745666504e-01
1.061156988143920898e+00
-1.391808390617370605e+00
-5.209950208663940430e-01
-2.136196941137313843e-03
2.595903396606445312e+00
7.855665087699890137e-01
4.835388809442520142e-02
-1.666862368583679199e+00
-1.160417675971984863e+00
6.704108715057373047e-01
1.897456943988800049e-01
7.842206358909606934e-01
