-6.026613339781761169e-02
9.355134963989257812e-01
7.342242598533630371e-01
1.009034991264343262e+00
-1.730539083480834961e+00
-8.975267410278320312e-01
-1.011896967887878418e+00
2.157594412565231323e-01
-9.670541286468505859e-01
6.886324882507324219e-01
6.588798165321350098e-01
9.656040668487548828e-01
1.250513553619384766e+00
1.681257188320159912e-01
1.812401562929153442e-01
-1.221205353736877441e+00
7.499595284461975098e-01
1.074761509895324707e+00
2.615200877189636230e-01
-3.243632316589355469e-01
-1.888289488852024078e-02
2.611425876617431641e+00
3.086491584777832031e+00
-3.521954774856567383e+00
-1.422537267208099365e-01
-1.793254762887954712e-01
1.216424465179443359e+00
6.858355402946472168e-01
-1.785159826278686523e+00
2.989273309707641602e+00
2.385628700256347656e+00
-2.317619562149047852e+00
-1.104818820953369141e+00
5.099472403526306152e-01
1.064485073089599609e+00
1.641208529472351074e+00
7.176536321640014648e-01
1.334224194288253784e-01
-1.109889507293701172e+00
1.495479345321655273e+00
-2.549980282783508301e-01
-1.297881126403808594e+00
-1.958170890808105469e+00
-1.587717652320861816e+00
-9.918782114982604980e-02
-1.705143749713897705e-01
-1.740574240684509277e+00
2.269769430160522461e+00
1.287284016609191895e+00
3.532817840576171875e+00
-1.041798233985900879e+00
-1.894531130790710449e+00
-1.122372001409530640e-01
1.975244522094726562e+00
3.503709137439727783e-01
1.198563337326049805e+00
-3.813962042331695557e-01
1.593221276998519897e-01
1.958619713783264160e+00
-2.007839441299438477e+00
-5.635814070701599121e-01
