1.453009247779846191e+00
1.006776928901672363e+00
-3.727799057960510254e-01
-3.798489868640899658e-01
-9.440686702728271484e-01
-2.210155725479125977e-01
-4.045541286468505859e-01
-8.865571022033691406e-01
1.067718148231506348e+00
-2.598167359828948975e-01
-8.909110426902770996e-01
-9.471459984779357910e-01
1.319723725318908691e+00
-2.834802567958831787e-01
8.015846014022827148e-01
-1.243225812911987305e+00
-1.599175691604614258e+00
-1.352631926536560059e+00
9.938214421272277832e-01
3.396936953067779541e-01
6.696868538856506348e-01
2.182654857635498047e+00
-8.307132720947265625e-01
1.834525942802429199e+00
-1.832100600004196167e-01
-3.656597733497619629e-01
-1.865951418876647949e+00
4.162146747112274170e-01
-3.310532093048095703e+00
-7.881060242652893066e-01
-3.184861421585083008e+00
-2.955096483230590820e+00
-2.862783670425415039e+00
1.955424070358276367e+00
-1.547279119491577148e+00
-1.329378008842468262e+00
2.153246641159057617e+00
2.688585519790649414e-01
2.239129543304443359e+00
1.418213248252868652e+00
2.715120613574981689e-01
-1.146994471549987793e+00
-1.522144913673400879e+00
-3.802635431289672852e+00
-5.032525658607482910e-01
-1.311191320419311523e+00
-1.831839323043823242e+00
-9.143356233835220337e-02
-1.936741828918457031e+00
-1.336513757705688477e+00
1.583543300628662109e+00
1.553841471672058105e+00
-1.812380909919738770e+00
-1.633353710174560547e+00
1.010666489601135254e+00
3.645029664039611816e-01
7.735323309898376465e-01
9.058698266744613647e-02
-1.241404891014099121e+00
2.557263374328613281e+00
1.017506837844848633e+00
