-9.785565733909606934e-01
-1.766949333250522614e-02
7.553310990333557129e-01
-2.794570624828338623e-01
9.237550497055053711e-01
-9.418999552726745605e-01
2.679038047790527344e-01
5.902305245399475098e-01
-5.911675095558166504e-02
-8.945772051811218262e-01
-5.267018079757690430e-01
-4.913125634193420410e-01
-4.285296201705932617e-01
-5.323439836502075195e-01
6.270905733108520508e-01
4.851526021957397461e-01
-5.477867722511291504e-01
-7.131879329681396484e-01
9.295271039009094238e-01
8.681061863899230957e-02
1.268825232982635498e-01
2.713701128959655762e-01
1.559177517890930176e+00
-1.216392874717712402e+00
-3.178606271743774414e+00
6.150333881378173828e-01
6.507990360260009766e-01
5.351374149322509766e-01
8.747830986976623535e-01
-8.685872554779052734e-01
-1.217603802680969238e+00
-8.251492977142333984e-01
-2.127417325973510742e+00
5.801672488451004028e-02
-2.469978332519531250e+00
7.417752742767333984e-01
7.166553735733032227e-01
-2.262470245361328125e+00
-2.066320657730102539e+00
-2.000504545867443085e-02
-1.759294509887695312e+00
-2.388629198074340820e+00
-1.063357114791870117e+00
-1.553536415100097656e+00
-2.105465412139892578e+00
3.401164114475250244e-01
2.554706573486328125e+00
-6.128410100936889648e-01
-2.094659328460693359e+00
-1.618788599967956543e+00
7.550284266471862793e-01
7.335085272789001465e-01
-2.785687446594238281e+00
1.223074793815612793e+00
3.639186382293701172e+00
-7.531901001930236816e-01
-2.259563207626342773e-01
2.714981317520141602e+00
-2.207010507583618164e+00
2.099961996078491211e+00
7.569175958633422852e-01
