2.327972203493118286e-01
1.328533172607421875e+00
7.681524157524108887e-01
-6.844727993011474609e-01
1.205927968025207520e+00
-1.012639999389648438e+00
-8.101527690887451172e-01
9.084200263023376465e-01
-8.020907044410705566e-01
-9.525928497314453125e-01
4.474416673183441162e-01
-1.131118774414062500e+00
9.047278761863708496e-01
3.126991391181945801e-01
-1.029091954231262207e+00
-2.217012941837310791e-01
3.762804865837097168e-01
8.485251069068908691e-01
2.933120727539062500e-01
8.561041951179504395e-01
-2.948562502861022949e-01
-7.872442603111267090e-01
-6.450302004814147949e-01
6.932488679885864258e-01
5.228168368339538574e-01
2.156586050987243652e-01
2.482236385345458984e+00
-1.201802730560302734e+00
5.609323978424072266e-01
-1.991114616394042969e+00
1.700430989265441895e+00
-7.820317149162292480e-01
-1.888123869895935059e+00
-1.523742318153381348e+00
1.402792215347290039e+00
9.624143242835998535e-01
9.328773617744445801e-01
2.052740901708602905e-01
1.549908161163330078e+00
2.719491004943847656e+00
3.697199225425720215e-01
-1.519955992698669434e-01
8.034756183624267578e-01
3.026377558708190918e-01
2.996013462543487549e-01
-2.911682128906250000e-01
1.718045711517333984e+00
9.424363970756530762e-01
1.007509827613830566e-01
1.332636237144470215e+00
1.551710128784179688e+00
2.571318745613098145e-01
-1.166521906852722168e+00
2.801024436950683594e+00
1.000460863113403320e+00
-1.769669413566589355e+00
3.236364126205444336e-01
7.608455419540405273e-02
2.296250581741333008e+00
-1.688359498977661133e+00
4.201686084270477295e-01
