6.615951657295227051e-01
1.314941406250000000e+00
-1.065265059471130371e+00
8.762667775154113770e-01
8.121942281723022461e-01
7.224738597869873047e-01
-1.292339086532592773e+00
1.122752308845520020e+00
4.706453680992126465e-01
-1.187828063964843750e+00
-1.271994590759277344e+00
9.531106948852539062e-01
1.181159496307373047e+00
-8.324117660522460938e-01
-4.589948952198028564e-01
1.014102458953857422e+00
-6.597954034805297852e-01
-1.051311343908309937e-01
2.022290080785751343e-01
-6.460855603218078613e-01
-5.380058288574218750e-01
1.997633576393127441e-01
1.045144677162170410e+00
-2.589011192321777344e+00
1.731156826019287109e+00
1.207810044288635254e+00
8.260495066642761230e-01
-1.273656249046325684e+00
2.203922510147094727e+00
8.530472517013549805e-01
3.927029967308044434e-01
8.965659141540527344e-01
-5.861911177635192871e-01
-2.617796659469604492e+00
2.445986270904541016e+00
-2.100420475006103516e+00
-5.564270615577697754e-01
2.050678133964538574e-01
1.150871992111206055e+00
1.445625305175781250e+00
6.739557981491088867e-01
4.570030570030212402e-01
-6.082634925842285156e-01
-1.831670880317687988e+00
-9.916169643402099609e-01
-4.646179080009460449e-01
4.588405489921569824e-01
-9.792135953903198242e-01
2.896438360214233398e+00
-9.722051024436950684e-01
-3.845669925212860107e-01
1.303405761718750000e+00
-4.258659780025482178e-01
1.524188399314880371e+00
-3.097064971923828125e+00
-1.268914341926574707e+00
1.231405496597290039e+00
-7.766462564468383789e-01
8.529163002967834473e-01
-1.051517605781555176e+00
2.547956705093383789e-01
