-1.007420420646667480e+00
9.372078776359558105e-01
5.099886655807495117e-01
-5.229716897010803223e-01
4.898171722888946533e-01
7.052653431892395020e-01
2.680859863758087158e-01
-8.437693715095520020e-01
-9.815148711204528809e-01
7.520509362220764160e-01
-8.532821536064147949e-01
9.621692299842834473e-01
8.952512145042419434e-01
7.294956445693969727e-01
7.175482511520385742e-01
7.563963532447814941e-01
-8.682174682617187500e-01
4.989987313747406006e-01
9.522005915641784668e-01
-8.042497634887695312e-01
-7.102507948875427246e-01
3.570933938026428223e-01
-2.692227125167846680e+00
1.000938296318054199e+00
2.176506996154785156e+00
1.729151904582977295e-01
7.327306866645812988e-01
-6.853132247924804688e-01
-9.291750192642211914e-01
9.176940321922302246e-01
-7.426887750625610352e-01
7.497256994247436523e-01
2.087322473526000977e+00
2.359723150730133057e-01
-1.904314517974853516e+00
4.656800329685211182e-01
4.247862398624420166e-01
3.272934854030609131e-01
-2.157505899667739868e-01
-2.750416517257690430e+00
-8.120875358581542969e-01
8.046779036521911621e-01
3.115250587463378906e+00
5.605618357658386230e-01
2.950751781463623047e+00
-4.736806750297546387e-01
1.859179377555847168e+00
6.219103336334228516e-01
4.376206398010253906e-01
8.677107095718383789e-01
7.582443356513977051e-01
8.920435905456542969e-01
-1.559658885002136230e+00
-1.342843025922775269e-01
-2.030822753906250000e+00
-6.060897707939147949e-01
-1.001061201095581055e+00
-7.911311984062194824e-01
5.592468976974487305e-01
1.848440170288085938e+00
3.529964387416839600e-01
