1.201511263847351074e+00
1.174612522125244141e+00
-1.203834772109985352e+00
-8.994089961051940918e-01
-6.716183573007583618e-02
-8.469303250312805176e-01
-9.224987030029296875e-01
-2.057141512632369995e-01
4.141094088554382324e-01
9.864262342453002930e-01
9.543330073356628418e-01
-6.162736415863037109e-01
2.421674579381942749e-01
-2.621545791625976562e-01
1.171980977058410645e+00
2.166968584060668945e-01
-8.413476943969726562e-01
-1.082311868667602539e+00
9.509540200233459473e-01
2.628174722194671631e-01
-5.475131273269653320e-01
2.283301055431365967e-01
-1.032267734408378601e-01
2.986784934997558594e+00
5.794054642319679260e-02
-1.638036489486694336e+00
-3.731873631477355957e-01
1.104156970977783203e+00
2.002099514007568359e+00
-1.732246398925781250e+00
-2.451958894729614258e+00
-2.161598354578018188e-01
9.286485314369201660e-01
-1.032073855400085449e+00
6.500714421272277832e-01
-8.751742839813232422e-01
-1.881630301475524902e+00
-5.963714718818664551e-01
3.152623176574707031e+00
-1.545194745063781738e+00
-2.017236351966857910e-01
-6.880693882703781128e-02
-2.870060801506042480e-01
1.153825283050537109e+00
-3.023343563079833984e+00
9.245554208755493164e-01
-6.575921773910522461e-01
-7.413384318351745605e-01
1.394664406776428223e+00
-1.073961377143859863e+00
-1.237826704978942871e+00
-1.008479356765747070e+00
1.424257278442382812e+00
-1.397278666496276855e+00
-3.365108668804168701e-01
1.787874460220336914e+00
1.494697213172912598e+00
3.203434944152832031e-01
-1.370132684707641602e+00
3.148550510406494141e+00
1.560135841369628906e+00
