1.037693023681640625e+00
-9.050830602645874023e-01
-2.442123144865036011e-01
1.585337221622467041e-01
-8.323498964309692383e-01
-9.381946921348571777e-01
-1.855887323617935181e-01
-1.223810464143753052e-01
7.772513628005981445e-01
-9.116169810295104980e-01
1.995460540056228638e-01
8.609945774078369141e-01
-4.301407635211944580e-01
1.039974570274353027e+00
9.766554832458496094e-01
-8.956938982009887695e-01
9.158641099929809570e-01
8.506942987442016602e-01
9.090919494628906250e-01
-2.784563601016998291e-01
2.060182571411132812e+00
-3.445159196853637695e-01
-1.677193284034729004e+00
-3.050877749919891357e-01
-7.944919466972351074e-01
-2.824916362762451172e+00
8.139013051986694336e-01
7.051933407783508301e-01
-3.752302825450897217e-01
5.355165898799896240e-02
3.886342942714691162e-01
-1.819050669670104980e+00
2.517663478851318359e+00
8.408194184303283691e-01
8.069423437118530273e-01
2.837160587310791016e+00
6.741751730442047119e-02
1.102820411324501038e-01
1.108194664120674133e-01
-1.769325375556945801e+00
-1.424108624458312988e+00
-3.098399639129638672e-01
-1.550947785377502441e+00
2.188383579254150391e+00
4.237901270389556885e-01
1.821207880973815918e+00
-1.120620250701904297e+00
-1.463226318359375000e+00
-5.381865426898002625e-02
-4.171920120716094971e-01
2.462880134582519531e+00
-1.913140892982482910e+00
-2.268636941909790039e+00
-1.500454694032669067e-01
-1.194727048277854919e-01
1.565542817115783691e+00
3.088227212429046631e-01
1.241896897554397583e-01
-1.723999083042144775e-01
-3.025036096572875977e+00
-6.040425896644592285e-01
