-1.032415270805358887e+00
-1.036661267280578613e+00
1.260879516601562500e+00
1.270064115524291992e-01
7.252200841903686523e-01
-8.905302882194519043e-01
-3.214966356754302979e-01
1.448394358158111572e-01
-8.288763761520385742e-01
-7.113982439041137695e-01
-1.385718941688537598e+00
8.142005801200866699e-01
8.257139921188354492e-01
-2.311237007379531860e-01
5.919560194015502930e-01
1.265809983015060425e-01
-1.722550094127655029e-01
1.031184792518615723e+00
2.258277386426925659e-01
4.270924329757690430e-01
2.259514570236206055e+00
-4.810184985399246216e-02
-5.992686748504638672e-01
1.506151407957077026e-01
2.183904170989990234e+00
6.676345318555831909e-02
-1.562402963638305664e+00
5.227215886116027832e-01
-1.351303815841674805e+00
-1.702978014945983887e+00
-3.585589230060577393e-01
5.347199440002441406e-01
-2.721104383468627930e+00
4.758918881416320801e-01
-3.786336481571197510e-01
-1.508366465568542480e-01
-9.875770211219787598e-01
-8.126252889633178711e-01
-1.105243206024169922e+00
-2.167067527770996094e+00
9.865825176239013672e-01
-4.004244208335876465e-01
1.566654443740844727e-01
5.844212770462036133e-01
-1.864141583442687988e+00
-1.410626024007797241e-01
-3.192466735839843750e+00
7.500781416893005371e-01
9.270277023315429688e-01
7.801619172096252441e-01
1.554563343524932861e-01
4.944699108600616455e-01
-1.814614176750183105e+00
-3.551248908042907715e-01
-5.015536397695541382e-02
1.526317596435546875e+00
-6.340798735618591309e-01
-1.871494352817535400e-01
1.163157343864440918e+00
1.787998557090759277e+00
-5.832133293151855469e-01
