9.569979906082153320e-01
-3.063993752002716064e-01
-6.953943371772766113e-01
7.640855908393859863e-01
9.913122057914733887e-01
1.079333066940307617e+00
-2.979637682437896729e-01
8.666420578956604004e-01
9.352472424507141113e-01
3.935957252979278564e-01
6.926051974296569824e-01
-9.704140424728393555e-01
4.439041316509246826e-01
-5.803598836064338684e-02
4.293768703937530518e-01
-1.049897789955139160e+00
-1.143574476242065430e+00
3.454268574714660645e-01
1.823000907897949219e-01
-1.074330568313598633e+00
3.091462373733520508e+00
1.352227687835693359e+00
2.202964544296264648e+00
-2.027525663375854492e+00
1.059825778007507324e+00
4.372120797634124756e-01
-1.347660422325134277e+00
-3.397337496280670166e-01
-5.236194729804992676e-01
2.104323863983154297e+00
-2.081215381622314453e+00
1.679822921752929688e+00
-1.674451947212219238e+00
1.031592607498168945e+00
-1.482576847076416016e+00
-2.324576139450073242e+00
-7.889247536659240723e-01
9.182480573654174805e-01
-7.231698036193847656e-01
6.388440728187561035e-01
-1.616811037063598633e+00
-1.948567152023315430e+00
1.120968103408813477e+00
-1.692082881927490234e+00
-3.420460820198059082e-01
6.692740321159362793e-01
-1.176006793975830078e+00
4.198337793350219727e-01
4.493716955184936523e-01
2.421239614486694336e+00
-1.105746984481811523e+00
9.571517705917358398e-01
2.448933362960815430e+00
-2.777988195419311523e+00
9.114417433738708496e-01
1.394579529762268066e+00
6.532201915979385376e-02
1.012120246887207031e+00
6.084750890731811523e-01
3.032999038696289062e-01
1.834070205688476562e+00
