-8.592115640640258789e-01
-4.212554395198822021e-01
9.201264977455139160e-01
-1.624228954315185547e-01
2.326335310935974121e-01
6.078344210982322693e-02
-8.460741043090820312e-01
4.328405261039733887e-01
-8.902568221092224121e-01
7.848785519599914551e-01
-1.352311730384826660e+00
9.266941547393798828e-01
-8.773964643478393555e-01
9.876744151115417480e-01
8.607490062713623047e-01
-1.341530442237854004e+00
1.355934619903564453e+00
1.134588479995727539e+00
-2.330866158008575439e-01
-5.371740460395812988e-01
2.983978390693664551e-01
-1.827589869499206543e+00
2.340838909149169922e+00
-1.055230498313903809e+00
-1.052380561828613281e+00
-2.004880830645561218e-02
-1.453444600105285645e+00
1.681742787361145020e+00
2.962934732437133789e+00
2.727278232574462891e+00
1.235159277915954590e+00
-2.182589769363403320e+00
-1.459661245346069336e+00
3.406216800212860107e-01
-1.084162950515747070e+00
-4.391318857669830322e-01
8.367492258548736572e-02
-9.759765267372131348e-01
5.202642083168029785e-01
2.158913850784301758e+00
-8.995773792266845703e-01
-2.908940553665161133e+00
-1.567068934440612793e+00
-1.062216162681579590e+00
3.446400642395019531e+00
7.349793910980224609e-01
4.003119468688964844e-01
1.398313999176025391e+00
1.624509453773498535e+00
-2.048618793487548828e+00
-4.979200959205627441e-01
-1.801903367042541504e+00
5.695928335189819336e-01
5.892269015312194824e-01
-1.090698719024658203e+00
9.029248356819152832e-02
-1.358382217586040497e-02
-5.942459702491760254e-01
-1.742343425750732422e+00
-1.283579468727111816e+00
2.917985022068023682e-01
