8.337655067443847656e-01
-8.458974957466125488e-01
-4.962629377841949463e-01
-1.169385910034179688e+00
8.867639303207397461e-01
8.205059766769409180e-01
8.232694864273071289e-01
6.492066979408264160e-01
1.200713276863098145e+00
-2.842768132686614990e-01
3.189469575881958008e-01
-1.082788348197937012e+00
-3.812149465084075928e-01
1.115962624549865723e+00
-9.024456739425659180e-01
9.541067481040954590e-01
-1.055402636528015137e+00
3.009780943393707275e-01
-1.687364280223846436e-01
1.136879548430442810e-01
1.860640048980712891e+00
-2.842675447463989258e+00
3.276812434196472168e-01
1.548883438110351562e+00
1.164871811866760254e+00
1.091860651969909668e+00
4.810851812362670898e-01
-6.261225342750549316e-01
-7.029328942298889160e-01
-1.441713213920593262e+00
-1.516926169395446777e+00
2.254639863967895508e+00
-1.864654660224914551e+00
3.600084781646728516e-01
6.002628803253173828e-01
-2.872996568679809570e+00
-3.210883736610412598e-01
6.600421071052551270e-01
-1.640776842832565308e-01
-5.550679564476013184e-01
-2.352558374404907227e+00
1.911250114440917969e+00
-1.033105373382568359e+00
9.206673502922058105e-01
-8.164992928504943848e-01
1.148512959480285645e+00
-5.582733154296875000e-01
1.079802393913269043e+00
-3.485385179519653320e-01
-1.133033514022827148e+00
3.338473081588745117e+00
1.522431254386901855e+00
-2.588103771209716797e+00
-4.652652516961097717e-02
1.284899711608886719e-01
-1.751085042953491211e+00
-5.129966139793395996e-01
1.428535819053649902e+00
-3.593326508998870850e-01
3.280005455017089844e+00
1.139345526695251465e+00
