-9.465069174766540527e-01
-9.699981212615966797e-01
1.640035986900329590e+00
8.450525403022766113e-01
1.126549959182739258e+00
5.902857184410095215e-01
-1.066519856452941895e+00
1.396762281656265259e-01
1.268436670303344727e+00
-1.050583124160766602e+00
-9.369157254695892334e-02
-8.604232668876647949e-01
-4.629890024662017822e-01
9.423473477363586426e-01
1.141714692115783691e+00
3.615905046463012695e-01
6.526034474372863770e-01
-4.154158830642700195e-01
-1.134104251861572266e+00
-2.194158434867858887e-01
-1.287856251001358032e-01
2.897768616676330566e-01
-4.003812968730926514e-01
2.691973209381103516e+00
1.206035986542701721e-01
-2.904450595378875732e-01
-4.762560129165649414e-01
-2.041716098785400391e+00
-3.246978998184204102e+00
1.802925109863281250e+00
1.899050176143646240e-01
-1.865568995475769043e+00
2.356760978698730469e+00
6.379072070121765137e-01
7.599287033081054688e-01
-1.087112069129943848e+00
1.274095177650451660e+00
-2.161340236663818359e+00
3.889149904251098633e+00
-1.158417344093322754e+00
-1.419865339994430542e-02
1.017130166292190552e-01
5.508666858077049255e-02
-2.086488962173461914e+00
4.560298100113868713e-02
1.271943654865026474e-02
-8.918566107749938965e-01
6.188079714775085449e-01
-1.595772266387939453e+00
2.007260084152221680e+00
-3.792139768600463867e+00
1.493495821952819824e+00
-9.073464274406433105e-01
1.070170044898986816e+00
-9.337379336357116699e-01
4.602639198303222656e+00
-1.114875912666320801e+00
-2.135774374008178711e+00
1.639272689819335938e+00
-4.256096363067626953e+00
-6.906188130378723145e-01
