-9.148374795913696289e-01
3.482511937618255615e-01
-1.763325214385986328e+00
-9.476028084754943848e-01
9.600461125373840332e-01
1.474911928176879883e+00
-8.726400732994079590e-01
6.213233470916748047e-01
-7.649922966957092285e-01
1.641825914382934570e+00
5.011817216873168945e-01
-7.067280411720275879e-01
-3.124326765537261963e-01
3.019471764564514160e-01
-2.799986302852630615e-01
-1.148455381393432617e+00
-1.645437240600585938e+00
1.047819852828979492e+00
-1.175184011459350586e+00
1.035585641860961914e+00
4.794517755508422852e-01
1.885013341903686523e+00
8.678510785102844238e-01
-4.129587709903717041e-01
1.168898567557334900e-01
-5.162030458450317383e-01
-6.455054879188537598e-01
-6.704504489898681641e-01
-3.616030216217041016e-01
-7.858073711395263672e-01
-2.377530097961425781e+00
2.499583721160888672e+00
9.441723674535751343e-02
-8.848221898078918457e-01
9.164405465126037598e-01
-3.365991592407226562e+00
2.730997800827026367e-01
2.363699674606323242e+00
-3.544193983078002930e+00
-2.634304761886596680e+00
-8.043173551559448242e-01
3.251192092895507812e+00
-1.156601756811141968e-01
-6.704202294349670410e-01
1.098896145820617676e+00
3.196388483047485352e-01
1.864354968070983887e+00
-2.059940338134765625e+00
-4.150048196315765381e-01
-1.596352010965347290e-01
2.567873954772949219e+00
2.230534076690673828e+00
-1.943707704544067383e+00
7.109819054603576660e-01
-1.329052448272705078e+00
-2.206766366958618164e+00
4.625018835067749023e-01
-1.590299844741821289e+00
2.595407485961914062e+00
-9.790713191032409668e-01
-6.272294521331787109e-01
