-7.098130583763122559e-01
2.634465992450714111e-01
-2.860310971736907959e-01
-1.173146128654479980e+00
3.347423672676086426e-01
-7.401501536369323730e-01
-8.824375271797180176e-01
-9.519323706626892090e-01
-1.062520503997802734e+00
5.936732292175292969e-01
1.016853094100952148e+00
6.060693860054016113e-01
9.074761271476745605e-01
-3.362533748149871826e-01
-7.847812175750732422e-01
-3.892919719219207764e-01
9.859942197799682617e-01
6.614728569984436035e-01
1.878381222486495972e-01
-7.717133760452270508e-01
2.474120855331420898e+00
-4.747152626514434814e-01
8.374069929122924805e-01
-8.669853210449218750e-01
1.613827705383300781e+00
4.395224153995513916e-01
-2.298359632492065430e+00
-6.446917653083801270e-01
-8.276128172874450684e-01
2.457893341779708862e-01
1.446695327758789062e+00
-1.695673614740371704e-01
5.698233246803283691e-01
1.526183605194091797e+00
1.763914346694946289e+00
1.968566417694091797e+00
5.946642160415649414e-01
1.128705620765686035e+00
-3.163924813270568848e-01
-5.154267549514770508e-01
2.505836963653564453e+00
1.643083810806274414e+00
-1.257735252380371094e+00
-2.675702273845672607e-01
2.789836883544921875e+00
-3.327925801277160645e-01
1.387319922447204590e+00
7.804341316223144531e-01
-2.526065409183502197e-01
2.861369550228118896e-01
-8.143039345741271973e-01
3.874821066856384277e-01
-1.429610848426818848e-01
-7.384608983993530273e-01
1.051180720329284668e+00
-9.849296212196350098e-01
-2.024125307798385620e-02
-1.463623344898223877e-01
3.563096225261688232e-01
3.286698460578918457e-02
-6.270570158958435059e-01
