4.573591947555541992e-01
6.850372552871704102e-01
-7.046430110931396484e-01
-5.181176066398620605e-01
-6.834347844123840332e-01
7.857714593410491943e-02
7.835102081298828125e-01
4.749048948287963867e-01
-4.329341650009155273e-01
-5.484675765037536621e-01
7.836340665817260742e-01
-9.543535299599170685e-03
-5.061182379722595215e-01
-4.674046933650970459e-01
-7.999088168144226074e-01
7.316803932189941406e-01
3.306426107883453369e-01
2.971777617931365967e-01
8.792921304702758789e-01
-3.877574503421783447e-01
-2.152227163314819336e+00
-1.711897253990173340e+00
-4.251326620578765869e-01
-6.669940352439880371e-01
1.085189133882522583e-01
3.331440687179565430e-01
1.771769523620605469e+00
-4.403445720672607422e-01
9.196147322654724121e-01
1.595353603363037109e+00
-1.300218980759382248e-02
-1.006547093391418457e+00
-4.050947725772857666e-01
-5.039550065994262695e-01
4.666323959827423096e-01
2.411222934722900391e+00
1.345346570014953613e+00
1.147048592567443848e+00
-5.390161275863647461e-01
-1.826456427574157715e+00
3.281107664108276367e+00
-1.685669779777526855e+00
-1.506368070840835571e-02
4.591089785099029541e-01
-6.291963458061218262e-01
7.612785696983337402e-01
-1.706398367881774902e+00
-1.221435889601707458e-01
6.415677666664123535e-01
8.809914588928222656e-01
9.997472167015075684e-01
1.426917791366577148e+00
3.400853872299194336e-01
-9.444573521614074707e-01
1.692768484354019165e-01
-1.937889218330383301e+00
1.433715462684631348e+00
1.539186596870422363e+00
6.055739521980285645e-02
-1.699838399887084961e+00
6.078708767890930176e-01
