1.177788496017456055e+00
9.830568730831146240e-02
8.051791787147521973e-01
7.939315587282180786e-02
1.092696666717529297e+00
2.647578120231628418e-01
-2.707441747188568115e-01
7.052760720252990723e-01
1.198905944824218750e+00
1.316361129283905029e-01
-5.814024209976196289e-01
1.183821082115173340e+00
-8.032911419868469238e-01
-6.889933347702026367e-01
-4.762556850910186768e-01
-2.201815247535705566e-01
8.009936213493347168e-01
9.681818485260009766e-01
1.373386144638061523e+00
-4.629284143447875977e-01
9.272757917642593384e-02
9.790284037590026855e-01
-2.615278244018554688e+00
-3.172496259212493896e-01
-5.846945643424987793e-01
-2.530072331428527832e-01
1.754082441329956055e+00
-1.737854361534118652e+00
7.163980603218078613e-01
1.300387620925903320e+00
-2.715947628021240234e+00
-7.415534555912017822e-02
-1.730041027069091797e+00
-1.100565671920776367e+00
-1.928743124008178711e+00
-4.474172890186309814e-01
2.560626745223999023e+00
5.882171392440795898e-01
2.179456949234008789e-01
2.779300928115844727e+00
1.371701993048191071e-02
4.027801990509033203e+00
-9.128526449203491211e-01
1.357444882392883301e+00
6.175585389137268066e-01
8.570593595504760742e-01
-2.080938100814819336e+00
-2.501007556915283203e+00
2.988093793392181396e-01
6.583566069602966309e-01
-2.403045654296875000e+00
2.043155729770660400e-01
1.631749987602233887e+00
2.093709558248519897e-01
5.158889889717102051e-01
-5.214303135871887207e-01
-1.568056702613830566e+00
1.678940802812576294e-01
4.580824822187423706e-02
-2.773252487182617188e+00
-4.087976813316345215e-01
