7.749853134155273438e-01
-5.812748670578002930e-01
-6.050509810447692871e-01
5.809726715087890625e-01
6.592866182327270508e-01
-4.321660697460174561e-01
5.926416516304016113e-01
6.304852366447448730e-01
7.242354750633239746e-01
-9.557378888130187988e-01
1.171241760253906250e+00
6.759975552558898926e-01
6.893833875656127930e-01
-9.717699885368347168e-01
6.434243917465209961e-01
-8.048264384269714355e-01
-7.948355674743652344e-01
1.190375924110412598e+00
1.029960751533508301e+00
1.119119286537170410e+00
2.014862060546875000e+00
5.598542094230651855e-01
6.156058311462402344e-01
-1.789846718311309814e-01
-9.739738106727600098e-01
-5.323703885078430176e-01
-7.514988183975219727e-01
-2.874995708465576172e+00
3.494782686233520508e+00
9.148550033569335938e-02
-1.851069033145904541e-01
-1.065255761146545410e+00
-1.058376073837280273e+00
6.045389771461486816e-01
-1.109918236732482910e+00
3.029130697250366211e+00
1.772062420845031738e+00
8.413288593292236328e-01
-1.965536594390869141e+00
-1.301637530326843262e+00
-2.037517309188842773e+00
7.532758712768554688e-01
6.279876232147216797e-01
-5.222792029380798340e-01
-7.717137336730957031e-01
7.050965428352355957e-01
-8.883156180381774902e-01
3.984823465347290039e+00
2.571169853210449219e+00
-3.225014209747314453e-01
1.418334484100341797e+00
-8.039810657501220703e-01
-7.068343758583068848e-01
-1.310392618179321289e+00
-1.198106765747070312e+00
1.880343675613403320e+00
1.233678221702575684e+00
1.021880507469177246e+00
1.741807103157043457e+00
1.833128809928894043e+00
-1.188374832272529602e-01
