-1.058608770370483398e+00
-1.043233990669250488e+00
-4.166485369205474854e-01
8.180524706840515137e-01
-3.685873150825500488e-01
-1.204739212989807129e+00
-7.766023278236389160e-01
8.095291256904602051e-01
-3.282045125961303711e-01
-7.709122896194458008e-01
8.769226074218750000e-01
1.165910959243774414e+00
-8.313421010971069336e-01
9.191523790359497070e-01
-6.772592067718505859e-01
-8.774018883705139160e-01
-8.492539525032043457e-01
-2.638057172298431396e-01
-4.099810719490051270e-01
1.236988082528114319e-01
-5.746371746063232422e-01
-3.706262409687042236e-01
1.646868467330932617e+00
-2.442867755889892578e+00
-1.983017802238464355e+00
-4.287481606006622314e-01
-2.533079385757446289e+00
-4.416643679141998291e-01
2.934320569038391113e-01
-4.534393846988677979e-01
1.719583153724670410e+00
8.041564822196960449e-01
-1.086355924606323242e+00
-1.713543057441711426e+00
1.024367570877075195e+00
-6.845910549163818359e-01
1.890463232994079590e-01
-1.094627976417541504e+00
1.014927148818969727e+00
-7.472698688507080078e-01
1.603991836309432983e-01
-1.931096240878105164e-02
-2.014948606491088867e+00
-1.711876630783081055e+00
-1.658739328384399414e+00
-4.919719696044921875e-01
1.914714574813842773e+00
-3.620245456695556641e-01
-1.871806383132934570e-01
-5.287870168685913086e-01
-1.460837483406066895e+00
-2.755095064640045166e-01
-1.048997879028320312e+00
-1.379009842872619629e+00
-2.289648205041885376e-01
4.882263541221618652e-01
-2.039927244186401367e-01
-2.083118915557861328e+00
-3.325047791004180908e-01
3.070278406143188477e+00
7.356070280075073242e-01
