-2.387102127075195312e+00
-2.205352187156677246e-01
-1.016591668128967285e+00
1.777579665184020996e+00
8.170440196990966797e-01
2.501966655254364014e-01
9.700504541397094727e-01
1.553811907768249512e+00
-1.588084936141967773e+00
8.495568633079528809e-01
-1.815221458673477173e-01
2.846127450466156006e-01
8.046140670776367188e-01
-1.481325149536132812e+00
-1.117205977439880371e+00
-1.540264487266540527e+00
-1.839955002069473267e-01
-1.573669195175170898e+00
9.714688062667846680e-01
1.091912388801574707e+00
-6.292081475257873535e-01
-8.310461044311523438e-01
3.481893777847290039e+00
2.419791221618652344e-01
2.922727823257446289e+00
9.968047738075256348e-01
-2.487921714782714844e+00
1.279489994049072266e+00
-1.234405562281608582e-01
-1.266179442405700684e+00
-4.849380850791931152e-01
-1.603789806365966797e+00
-2.656528711318969727e+00
3.962749838829040527e-01
1.770675539970397949e+00
-8.675705194473266602e-01
5.838340520858764648e-01
5.972137451171875000e-01
2.424048423767089844e+00
3.939634561538696289e+00
3.575256168842315674e-01
-8.435372710227966309e-01
1.742609977722167969e+00
3.236736655235290527e-01
2.694874048233032227e+00
1.476233243942260742e+00
-2.081542968750000000e+00
-5.894782543182373047e-01
-6.338516622781753540e-02
8.520984053611755371e-01
-1.294739842414855957e+00
2.907606601715087891e+00
2.228344678878784180e+00
-5.581499636173248291e-02
1.199327111244201660e+00
-8.563913702964782715e-01
-7.477762699127197266e-01
1.289263665676116943e-01
-2.293045043945312500e+00
-2.376676082611083984e+00
8.984531760215759277e-01
