7.915176153182983398e-01
-2.197393327951431274e-01
-1.046242475509643555e+00
4.048766493797302246e-01
-9.342322349548339844e-01
-8.529231548309326172e-01
9.963432550430297852e-01
-2.542801499366760254e-01
1.003336310386657715e+00
1.154964923858642578e+00
-4.651779830455780029e-01
-8.444404006004333496e-01
9.218183755874633789e-01
4.034986197948455811e-01
4.207098782062530518e-01
1.073444962501525879e+00
1.007278323173522949e+00
9.877049326896667480e-01
1.030979394912719727e+00
1.184927225112915039e+00
-1.811468482017517090e+00
-6.142437458038330078e-01
-2.322760820388793945e+00
-2.092949390411376953e+00
-8.594398200511932373e-02
2.776811122894287109e+00
-2.249787807464599609e+00
7.497248649597167969e-01
-8.975762724876403809e-01
1.078336536884307861e-01
-1.755250334739685059e+00
-3.133117854595184326e-01
-5.594923496246337891e-01
-1.971433639526367188e+00
2.256214380264282227e+00
1.461818218231201172e-01
7.874102145433425903e-02
3.175186634063720703e+00
1.460088968276977539e+00
-1.445321559906005859e+00
-5.866412520408630371e-01
-6.161335706710815430e-01
1.342357635498046875e+00
2.057182550430297852e+00
1.679183542728424072e-01
1.671211600303649902e+00
-9.359916448593139648e-01
-9.661921262741088867e-01
7.836863994598388672e-01
2.349023669958114624e-01
-1.154969573020935059e+00
-5.203635692596435547e-01
5.588710308074951172e-02
1.666183710098266602e+00
2.546459436416625977e+00
3.679925799369812012e-01
-6.624032557010650635e-02
-1.425151348114013672e+00
-3.532714247703552246e-01
-4.543147087097167969e-01
1.119836345314979553e-01
