-8.090057969093322754e-01
2.745558619499206543e-01
2.366721332073211670e-01
-8.603996038436889648e-01
7.597948908805847168e-01
-7.530204653739929199e-01
-3.724710941314697266e-01
-8.700557947158813477e-01
1.877534389495849609e-01
8.608534336090087891e-01
8.653134107589721680e-01
1.022935986518859863e+00
-1.032475113868713379e+00
1.211156129837036133e+00
1.611741185188293457e-01
7.314708828926086426e-01
7.926090955734252930e-01
3.580825328826904297e-01
-3.214851617813110352e-01
7.346878051757812500e-01
3.024635553359985352e+00
-7.049005031585693359e-01
-5.145371556282043457e-01
-6.570405364036560059e-01
-2.209291934967041016e+00
-3.349236845970153809e-01
1.950892329216003418e+00
-2.502648591995239258e+00
-1.481367945671081543e-01
1.186175346374511719e+00
1.045747756958007812e+00
-9.060636162757873535e-01
-1.966107487678527832e+00
1.013254165649414062e+00
3.063145652413368225e-02
8.963835835456848145e-01
-1.856558203697204590e+00
1.757615566253662109e+00
1.147371768951416016e+00
6.584723591804504395e-01
1.857763171195983887e+00
5.920655131340026855e-01
7.484617829322814941e-01
-1.292891800403594971e-01
-1.235707640647888184e+00
-3.691500723361968994e-01
-1.418339252471923828e+00
1.607295036315917969e+00
5.929204225540161133e-01
-4.226724207401275635e-01
-3.108848333358764648e-01
3.673526942729949951e-01
1.042698860168457031e+00
-4.480415582656860352e-01
2.253524303436279297e+00
-1.501978188753128052e-01
-9.313652515411376953e-01
3.170732259750366211e+00
-1.215862989425659180e+00
4.107489585876464844e-01
-9.763163924217224121e-01
