8.154149055480957031e-01
8.369755148887634277e-01
-9.390586614608764648e-01
-2.213269472122192383e-01
4.481927454471588135e-01
-8.383400440216064453e-01
1.051581025123596191e+00
-8.612729310989379883e-01
-1.131483241915702820e-01
-1.276016235351562500e+00
-8.581219315528869629e-01
1.063098534941673279e-01
3.023440241813659668e-01
1.000590205192565918e+00
-7.663695812225341797e-01
-8.786520957946777344e-01
6.295847892761230469e-01
1.200856924057006836e+00
1.766711175441741943e-01
2.365399897098541260e-01
-2.677797794342041016e+00
6.267610937356948853e-02
-3.026078462600708008e+00
-8.420791029930114746e-01
-2.001427412033081055e+00
1.285837292671203613e-01
2.320978403091430664e+00
-1.075839698314666748e-01
-4.299764335155487061e-01
-4.341948330402374268e-01
-1.100570917129516602e+00
-1.158205270767211914e+00
1.626488089561462402e+00
-1.208447575569152832e+00
-9.598027169704437256e-02
1.868048310279846191e+00
-1.084942698478698730e+00
-7.344861626625061035e-01
1.434449434280395508e+00
6.957082748413085938e-01
-1.688627123832702637e+00
-1.883731186389923096e-01
1.424954175949096680e+00
-3.589170694351196289e+00
2.202906608581542969e+00
-4.166946709156036377e-01
-1.096933245658874512e+00
-1.771324127912521362e-01
-3.584080338478088379e-01
-1.208701170980930328e-02
7.395266294479370117e-01
3.388862848281860352e+00
4.808206260204315186e-01
-3.083005249500274658e-01
-2.975899279117584229e-01
1.806359767913818359e+00
1.014914870262145996e+00
-9.948301315307617188e-02
4.302749037742614746e-01
8.136978745460510254e-01
1.125802993774414062e+00
