-9.309213161468505859e-01
-9.190124273300170898e-01
-1.011579036712646484e+00
-1.157549262046813965e+00
6.400883793830871582e-01
-6.443269848823547363e-01
-6.441795825958251953e-01
-1.109495520591735840e+00
8.964896202087402344e-01
7.280788421630859375e-01
-9.557122588157653809e-01
5.294585824012756348e-01
6.565695405006408691e-01
6.940037608146667480e-01
-9.286204576492309570e-01
1.182604312896728516e+00
7.967069149017333984e-01
1.124187111854553223e+00
6.112082600593566895e-01
8.653963804244995117e-01
3.679499924182891846e-01
5.484249591827392578e-01
5.288348197937011719e-01
-4.324544370174407959e-01
-1.847145080566406250e+00
1.708661675453186035e+00
1.851355671882629395e+00
8.984463810920715332e-01
-2.654973506927490234e+00
-1.239631414413452148e+00
1.628302454948425293e+00
2.369731903076171875e+00
-2.964895963668823242e+00
-2.403558015823364258e+00
-4.934785962104797363e-01
4.660697579383850098e-01
-7.032310962677001953e-01
-9.533935040235519409e-02
2.032533884048461914e+00
1.990328311920166016e+00
-1.781171113252639771e-01
1.622237265110015869e-01
-2.840894460678100586e-01
1.200883239507675171e-01
-1.343644976615905762e+00
1.334900140762329102e+00
1.382122635841369629e+00
-1.054378271102905273e+00
1.791506767272949219e+00
-7.686881422996520996e-01
-1.321959972381591797e+00
3.575349330902099609e+00
3.241191864013671875e+00
-1.934768319129943848e+00
3.488570451736450195e-01
8.295696377754211426e-01
-5.852600932121276855e-01
4.820611476898193359e-01
-1.655473828315734863e+00
-1.333990573883056641e+00
-7.310551404953002930e-01
