1.161498308181762695e+00
1.047407865524291992e+00
9.947286248207092285e-01
-1.137914299964904785e+00
9.447870850563049316e-01
-5.201809406280517578e-01
7.177693843841552734e-01
-1.306441903114318848e+00
9.416726827621459961e-01
-1.255002737045288086e+00
2.038939446210861206e-01
-1.040405988693237305e+00
8.546411246061325073e-02
-1.507271230220794678e-01
-1.751985996961593628e-01
-1.219926476478576660e+00
-1.058199286460876465e+00
1.955707669258117676e-01
-9.639089703559875488e-01
-4.166043102741241455e-01
4.805388748645782471e-01
2.434697389602661133e+00
-1.146810531616210938e+00
-1.104078888893127441e+00
-3.096676588058471680e+00
-2.615230083465576172e+00
5.304490327835083008e-01
-5.653959512710571289e-01
3.070293188095092773e+00
5.052063465118408203e-01
-8.934223055839538574e-01
-4.771668016910552979e-01
-5.856935381889343262e-01
5.483192801475524902e-01
-1.134947419166564941e+00
-1.396452784538269043e+00
-1.634079217910766602e-01
-7.632039189338684082e-01
2.147789716720581055e+00
2.099513530731201172e+00
-1.220355257391929626e-01
-1.251036524772644043e+00
-1.607446372509002686e-01
-1.080086350440979004e+00
-1.515221118927001953e+00
-1.778944849967956543e+00
-1.078852653503417969e+00
-1.084262058138847351e-01
-1.253762006759643555e+00
-5.200422406196594238e-01
1.080276846885681152e+00
-4.944008886814117432e-01
3.910028934478759766e-01
-2.092965841293334961e+00
-3.063921213150024414e+00
8.312923908233642578e-01
-2.322521954774856567e-01
8.961383700370788574e-01
1.650799751281738281e+00
-1.965038537979125977e+00
-1.670393496751785278e-01
