-1.307215332984924316e+00
-7.622827291488647461e-01
3.707239031791687012e-01
8.177465796470642090e-01
9.550295472145080566e-01
-8.076996803283691406e-01
4.356798231601715088e-01
8.432862758636474609e-01
7.702055573463439941e-01
-8.558150529861450195e-01
-3.934322297573089600e-01
3.622692227363586426e-01
9.101209044456481934e-01
1.056442707777023315e-01
1.170934364199638367e-01
8.460571169853210449e-01
-4.230195879936218262e-01
-1.893910169601440430e-01
-3.221239447593688965e-01
9.556826949119567871e-01
-7.284917235374450684e-01
-2.681193351745605469e-01
-1.841602802276611328e+00
1.223109841346740723e+00
-2.131845474243164062e+00
-1.995598226785659790e-01
-2.442571520805358887e-01
2.531871318817138672e+00
5.595538616180419922e-01
-1.857736349105834961e+00
-1.880229592323303223e+00
-1.293027758598327637e+00
-3.056281566619873047e+00
-3.058159053325653076e-01
-2.194072157144546509e-01
1.039338946342468262e+00
2.889820337295532227e-01
-6.104584336280822754e-01
1.151991486549377441e+00
3.061584569513797760e-02
2.533281147480010986e-01
2.731074392795562744e-01
1.668017148971557617e+00
-8.316642045974731445e-01
-1.722196817398071289e+00
-7.803818583488464355e-01
-1.542698405683040619e-02
-1.363549113273620605e+00
8.949073553085327148e-01
1.163355112075805664e+00
-3.136019229888916016e+00
1.436227560043334961e+00
-1.934916377067565918e+00
1.384773373603820801e+00
4.917595386505126953e-01
-4.194692075252532959e-01
-7.692664861679077148e-02
-1.016830921173095703e+00
-9.385328292846679688e-01
3.166010975837707520e-01
-1.755706667900085449e-01
