-3.265624642372131348e-01
-3.582859039306640625e-01
-5.211943984031677246e-01
-8.119668364524841309e-01
-8.612216711044311523e-01
5.147708654403686523e-01
6.562829017639160156e-01
5.573077201843261719e-01
-9.352395534515380859e-01
3.911714851856231689e-01
6.646779775619506836e-01
2.303766906261444092e-01
-7.609964609146118164e-01
4.470940828323364258e-01
7.274650931358337402e-01
1.051578879356384277e+00
-5.104090571403503418e-01
-8.292001485824584961e-01
8.110809922218322754e-01
6.808567643165588379e-01
-2.303298711776733398e+00
-5.451977849006652832e-01
-2.605075836181640625e+00
1.363862395286560059e+00
-6.746094822883605957e-01
-3.358279466629028320e-01
1.880978345870971680e+00
-5.589705705642700195e-02
8.994157910346984863e-01
4.473865926265716553e-01
-3.443082273006439209e-01
-1.865979790687561035e+00
6.188726425170898438e-01
-2.130335807800292969e+00
-6.345387101173400879e-01
-7.951748371124267578e-02
-4.115104377269744873e-01
-5.768314003944396973e-01
-2.354135513305664062e+00
-5.400450825691223145e-01
-1.986374139785766602e+00
5.234632492065429688e-01
-2.186379909515380859e+00
1.065351366996765137e+00
-7.179217934608459473e-01
-2.262012809514999390e-01
-2.173892021179199219e+00
-4.104044735431671143e-01
-9.481220841407775879e-01
-4.984409213066101074e-01
-8.230784907937049866e-03
2.191216707229614258e+00
4.250926673412322998e-01
2.454975128173828125e+00
-5.440016984939575195e-01
7.823026180267333984e-01
3.090634047985076904e-01
-7.413213253021240234e-01
-1.587959527969360352e+00
9.894776344299316406e-01
4.640283286571502686e-01
