3.045631647109985352e-01
2.674185633659362793e-01
-6.501043587923049927e-02
-1.361796736717224121e+00
-3.635393381118774414e-01
1.647397577762603760e-01
8.789524435997009277e-01
1.112909317016601562e+00
4.497268795967102051e-01
-8.768928050994873047e-01
-9.160114526748657227e-01
-8.385244011878967285e-01
5.025401711463928223e-01
1.094279527664184570e+00
-1.339974403381347656e-01
8.591018319129943848e-01
2.601964175701141357e-01
8.591445088386535645e-01
9.076805710792541504e-01
1.053378343582153320e+00
-1.246410012245178223e+00
-9.755533337593078613e-01
-2.722961306571960449e-01
-6.404383778572082520e-01
-2.397832125425338745e-01
-6.945766210556030273e-01
-2.990166902542114258e+00
-1.518782824277877808e-01
-1.446647882461547852e+00
1.215859532356262207e+00
-1.980651855468750000e+00
5.665634870529174805e-01
2.669586181640625000e+00
-8.790896087884902954e-02
6.854161620140075684e-01
-1.949302911758422852e+00
-1.326516866683959961e+00
-2.068044900894165039e+00
-1.249895453453063965e+00
3.356679201126098633e+00
7.838316559791564941e-01
3.223564386367797852e+00
-1.132710576057434082e+00
-1.973554193973541260e-01
4.243412613868713379e-02
1.053685665130615234e+00
-1.768622159957885742e+00
2.699992060661315918e-01
7.463747859001159668e-01
1.800865978002548218e-01
1.543397665023803711e+00
-4.893661737442016602e-01
2.590274572372436523e+00
8.826456964015960693e-02
-6.679067611694335938e-01
-9.512910246849060059e-01
8.080518841743469238e-01
-1.373213410377502441e+00
-4.216490685939788818e-01
-8.897337317466735840e-01
6.237225532531738281e-01
