2.274830341339111328e-01
-7.906609773635864258e-01
1.038791656494140625e+00
7.597031444311141968e-02
-8.854714632034301758e-01
1.264370322227478027e+00
-8.535866737365722656e-01
2.417656481266021729e-01
-4.681193828582763672e-01
2.045996636152267456e-01
1.630739212036132812e+00
9.092336297035217285e-01
-1.118411183357238770e+00
6.845483183860778809e-01
1.906658113002777100e-01
1.008855938911437988e+00
-1.056562781333923340e+00
-2.144710868597030640e-01
-2.380422800779342651e-01
-1.115013599395751953e+00
3.420016169548034668e-01
1.795382618904113770e+00
-2.658195018768310547e+00
-1.268861770629882812e+00
-3.003612518310546875e+00
-6.657888889312744141e-01
4.844933450222015381e-01
-1.024659514427185059e+00
-2.086999654769897461e+00
-2.173532843589782715e-01
-2.697002142667770386e-02
-3.228147745132446289e+00
-2.121747493743896484e+00
-2.402657747268676758e+00
4.596677124500274658e-01
-1.579645037651062012e+00
-2.897469997406005859e+00
-8.010884374380111694e-02
5.572626590728759766e-01
-1.024798750877380371e+00
4.848879873752593994e-01
8.465564250946044922e-01
-1.374247550964355469e+00
3.966584503650665283e-01
1.259966850280761719e+00
4.115978255867958069e-02
8.772555738687515259e-02
1.494591236114501953e+00
-1.484418272972106934e+00
9.459526538848876953e-01
6.999509781599044800e-02
-2.842479467391967773e+00
1.295722961425781250e+00
2.291692018508911133e+00
3.493396759033203125e+00
-7.026016116142272949e-01
9.587113261222839355e-01
-2.305006235837936401e-01
-2.419878244400024414e+00
4.573926627635955811e-01
6.469196174293756485e-03
