3.268195390701293945e-01
-1.269713640213012695e+00
1.167854666709899902e+00
6.910415291786193848e-01
9.030406475067138672e-01
7.743285298347473145e-01
2.389013022184371948e-01
-1.109909057617187500e+00
1.122484922409057617e+00
-8.996034264564514160e-01
9.408857226371765137e-01
-8.127469420433044434e-01
9.635887145996093750e-01
-2.701391279697418213e-01
-3.526139259338378906e-01
-5.086528658866882324e-01
2.785927951335906982e-01
9.677160382270812988e-01
-7.342204451560974121e-01
4.209285378456115723e-01
-7.000931501388549805e-01
5.257102847099304199e-01
-2.637225389480590820e-01
2.774366140365600586e-01
-2.862640380859375000e+00
2.566927671432495117e+00
-5.029500722885131836e-01
-2.549840882420539856e-02
-2.250088937580585480e-02
1.248466014862060547e+00
-2.002029180526733398e+00
-1.856230854988098145e+00
-1.815992891788482666e-01
6.335721015930175781e-01
5.292536616325378418e-01
-2.498763084411621094e+00
1.411190152168273926e+00
1.595397293567657471e-01
-2.414680480957031250e+00
-2.045994281768798828e+00
1.282642364501953125e+00
9.463143348693847656e-02
-5.394194647669792175e-02
-1.077872440218925476e-01
-1.790116071701049805e+00
-3.028444766998291016e+00
1.206569671630859375e+00
-1.132505089044570923e-01
6.924096494913101196e-02
6.305666565895080566e-01
-1.694041848182678223e+00
1.886433482170104980e+00
2.086796313524246216e-01
-1.220023751258850098e+00
-6.268401145935058594e-01
-1.346180558204650879e+00
2.856525421142578125e+00
3.742798268795013428e-01
-1.662982463836669922e+00
1.907661080360412598e+00
-4.430779814720153809e-01
