-8.270482420921325684e-01
-9.210470914840698242e-01
-5.628700852394104004e-01
8.465374708175659180e-01
-6.569962501525878906e-01
1.052644133567810059e+00
-1.048325538635253906e+00
2.196924835443496704e-01
8.057934641838073730e-01
-5.182220935821533203e-01
2.751206159591674805e-01
9.104516506195068359e-01
8.844385147094726562e-01
4.354961514472961426e-01
1.589856296777725220e-01
-8.902752995491027832e-01
-8.246257901191711426e-01
-7.968487143516540527e-01
-9.012923240661621094e-01
-9.397071599960327148e-01
1.928073525428771973e+00
-1.893762946128845215e+00
-1.540655374526977539e+00
-7.282484322786331177e-02
1.558062553405761719e+00
-5.568953156471252441e-01
-4.773081094026565552e-02
8.474085330963134766e-01
-2.833767652511596680e+00
-2.442084312438964844e+00
-1.295633792877197266e+00
-6.676695346832275391e-01
-4.715856611728668213e-01
-1.780363559722900391e+00
4.548336863517761230e-01
-2.822531938552856445e+00
7.843608856201171875e-01
5.275357961654663086e-01
5.593339204788208008e-01
5.137373208999633789e-01
1.490660190582275391e+00
1.308844447135925293e+00
7.320853471755981445e-01
-5.201159790158271790e-02
9.667433500289916992e-01
1.072096899151802063e-01
-4.980265796184539795e-01
1.812070846557617188e+00
-2.128011465072631836e+00
-1.927232265472412109e+00
1.687578201293945312e+00
-1.744273155927658081e-01
-5.386818945407867432e-02
3.365427732467651367e+00
1.292998790740966797e+00
1.205066919326782227e+00
2.927318811416625977e-01
-1.495931982994079590e+00
1.540970206260681152e-01
1.842963844537734985e-01
-2.936835885047912598e-01
