8.830494880676269531e-01
1.276712268590927124e-01
9.347480535507202148e-01
4.638545811176300049e-01
1.524463295936584473e-01
-7.916570901870727539e-01
-7.301405072212219238e-01
8.801329135894775391e-01
8.979744315147399902e-01
7.692950963973999023e-01
-2.777110636234283447e-01
-9.393663406372070312e-01
-7.854294776916503906e-01
-9.091556668281555176e-01
3.299020528793334961e-01
-3.543729782104492188e-01
-5.441358089447021484e-01
8.647208213806152344e-01
9.372176527976989746e-01
-8.618587255477905273e-01
4.147846102714538574e-01
2.216937094926834106e-01
1.524290442466735840e-01
-2.351877927780151367e+00
-4.979661107063293457e-01
1.656641960144042969e-01
-1.137530207633972168e+00
-2.641499042510986328e-01
3.007534503936767578e+00
3.954342305660247803e-01
-1.642340660095214844e+00
2.244037389755249023e+00
4.541078954935073853e-02
3.218295574188232422e+00
-1.049572825431823730e+00
-1.503229379653930664e+00
-1.196815013885498047e+00
8.500335812568664551e-01
2.170409202575683594e+00
2.490793913602828979e-01
-5.266433209180831909e-02
3.828265666961669922e-01
3.729139566421508789e-01
2.014438152313232422e+00
1.287141919136047363e+00
2.401223480701446533e-01
1.114021897315979004e+00
7.516596466302871704e-02
-1.584880232810974121e+00
4.211099445819854736e-01
-2.316678285598754883e+00
1.342676281929016113e+00
3.232260644435882568e-01
1.560294389724731445e+00
5.012412071228027344e-01
-2.086552381515502930e+00
-9.957230687141418457e-01
-1.399237215518951416e-01
-1.530792832374572754e+00
-9.830380678176879883e-01
-1.014031767845153809e+00
