-1.108520150184631348e+00
-9.829273819923400879e-01
-8.114758729934692383e-01
-8.414356708526611328e-01
9.694185256958007812e-01
-9.789612889289855957e-01
5.737952589988708496e-01
1.074005842208862305e+00
-3.871053457260131836e-01
-8.985646367073059082e-01
-9.253141283988952637e-01
-8.340997695922851562e-01
-9.188193678855895996e-01
-4.360402226448059082e-01
-9.581806063652038574e-01
-2.918939888477325439e-01
-3.376690149307250977e-01
3.444851934909820557e-01
1.028445720672607422e+00
-9.386635422706604004e-01
-8.381679058074951172e-01
4.862684905529022217e-01
1.889108777046203613e+00
-2.658086061477661133e+00
-9.392470717430114746e-01
9.671099185943603516e-01
-1.714850217103958130e-01
-3.961343169212341309e-01
1.857796907424926758e+00
3.846251368522644043e-01
9.950398653745651245e-02
2.844617366790771484e+00
-2.082612752914428711e+00
-1.525952577590942383e+00
4.873645901679992676e-01
1.491549372673034668e+00
1.463586807250976562e+00
1.719364643096923828e+00
2.792215943336486816e-01
-9.863008260726928711e-01
-4.704674482345581055e-01
7.983654737472534180e-02
1.666081786155700684e+00
1.343756794929504395e+00
8.874565958976745605e-01
6.168618202209472656e-01
-1.408741325139999390e-01
1.680787093937397003e-02
-1.993061184883117676e+00
-5.874970555305480957e-01
-4.705889821052551270e-01
1.672508835792541504e+00
1.377363681793212891e+00
-7.832821011543273926e-01
7.685127854347229004e-02
-1.198483347892761230e+00
-1.260893583297729492e+00
3.674878358840942383e+00
1.871495097875595093e-01
7.889645099639892578e-01
-2.469588667154312134e-01
