-6.297577023506164551e-01
4.753850400447845459e-01
5.091236233711242676e-01
2.817698009312152863e-02
7.059390544891357422e-01
8.787724971771240234e-01
9.373340010643005371e-01
-7.920601367950439453e-01
7.498548626899719238e-01
8.862437605857849121e-01
-3.898066580295562744e-01
-8.809416890144348145e-01
-7.043728232383728027e-01
-4.663455113768577576e-02
5.794021487236022949e-01
1.245388746261596680e+00
7.296270728111267090e-01
-8.602910637855529785e-01
6.118606925010681152e-01
4.408196508884429932e-01
-1.056770682334899902e+00
1.918043851852416992e+00
5.775210261344909668e-02
-2.254829108715057373e-01
1.060833334922790527e+00
3.243785858154296875e+00
-1.543828010559082031e+00
1.957566022872924805e+00
-2.306997537612915039e+00
2.265702724456787109e+00
2.858455181121826172e-01
-2.318709045648574829e-01
2.841184854507446289e+00
1.065897464752197266e+00
6.381353735923767090e-01
-9.037206321954727173e-02
-2.118513345718383789e+00
-6.315984129905700684e-01
-6.356850862503051758e-01
1.936966776847839355e+00
-2.831908226013183594e+00
2.691695928573608398e+00
-1.376131474971771240e-01
4.173025190830230713e-01
-1.443241119384765625e+00
-2.907027006149291992e+00
-9.299265146255493164e-01
1.779416561126708984e+00
-2.005354881286621094e+00
-2.458697557449340820e+00
-2.087251469492912292e-02
-9.648579359054565430e-01
-2.662112474441528320e+00
-1.034553408622741699e+00
-5.952405929565429688e-01
4.554935172200202942e-02
2.237310171127319336e+00
-9.207407832145690918e-01
-5.356139540672302246e-01
2.138931274414062500e+00
8.954055905342102051e-01
