-1.054206848144531250e+00
-8.270924687385559082e-01
1.210356473922729492e+00
1.016561627388000488e+00
-8.341245651245117188e-01
-5.043378472328186035e-01
6.145406961441040039e-01
-3.945676088333129883e-01
7.577657103538513184e-01
8.207783699035644531e-01
-3.884074985980987549e-01
-4.625678360462188721e-01
8.880781531333923340e-01
9.002087712287902832e-01
7.242571115493774414e-01
-6.746833920478820801e-01
-6.662667393684387207e-01
2.898761034011840820e-01
6.056770086288452148e-01
-1.119281172752380371e+00
-1.126586124300956726e-01
-1.651304244995117188e+00
2.542432844638824463e-01
6.398718953132629395e-01
5.994052290916442871e-01
-1.562999129295349121e+00
-1.180974841117858887e+00
-4.214105606079101562e-01
1.284588456153869629e+00
2.445929050445556641e+00
-2.280925035476684570e+00
2.203010082244873047e+00
-4.882124960422515869e-01
3.843813538551330566e-01
-2.190135955810546875e+00
-1.766063809394836426e+00
1.319016933441162109e+00
-1.634651422500610352e+00
6.451953053474426270e-01
-6.353472471237182617e-01
-5.862562060356140137e-01
8.531261682510375977e-01
-2.973234653472900391e-01
-2.515060007572174072e-01
-1.393173217773437500e+00
-1.561400055885314941e+00
-1.232496023178100586e+00
-1.246548414230346680e+00
-7.304521203041076660e-01
-1.710291266441345215e+00
-3.623789787292480469e+00
-2.610530614852905273e+00
-4.259235262870788574e-01
7.979707717895507812e-01
-1.905743360519409180e+00
8.513745069503784180e-01
6.900307536125183105e-01
1.750925421714782715e+00
-1.509099733084440231e-02
-6.994026154279708862e-02
-5.602350831031799316e-01
