7.705378532409667969e-01
1.068529605865478516e+00
7.375496625900268555e-01
8.189115524291992188e-01
-1.033580422401428223e+00
-1.666137278079986572e-01
-1.090823173522949219e+00
-8.424758911132812500e-01
1.481048226356506348e+00
-9.087619781494140625e-01
2.690879106521606445e-01
-9.669434428215026855e-01
-7.995159029960632324e-01
-4.530911445617675781e-01
7.553325891494750977e-01
-1.116981029510498047e+00
8.554021120071411133e-01
4.661161601543426514e-01
8.842603564262390137e-01
2.673268616199493408e-01
-7.766076922416687012e-01
-7.249246835708618164e-01
3.023855015635490417e-02
3.651068508625030518e-01
-2.082956552505493164e+00
-6.557103991508483887e-01
-4.196779057383537292e-02
1.898704767227172852e+00
3.782484233379364014e-01
4.114786982536315918e-01
-1.191355705261230469e+00
-3.028357028961181641e+00
7.237297296524047852e-01
2.309005260467529297e+00
-2.391081571578979492e+00
-6.805949807167053223e-01
3.050029873847961426e-01
1.764596700668334961e+00
-6.777817606925964355e-01
-3.551739454269409180e-01
-3.910342156887054443e-01
1.046327590942382812e+00
8.291063457727432251e-02
-1.023630648851394653e-01
1.800246953964233398e+00
-4.337340354919433594e+00
2.066293954849243164e-01
1.250406622886657715e+00
4.776861965656280518e-01
1.414800584316253662e-01
1.583230137825012207e+00
1.818554759025573730e+00
3.391892910003662109e-01
-2.308450460433959961e+00
-2.177682161331176758e+00
6.393693685531616211e-01
6.244446039199829102e-01
2.042585611343383789e+00
-1.800462007522583008e-01
9.455043673515319824e-01
-3.965934216976165771e-01
