-5.026502609252929688e-01
7.537904977798461914e-01
1.020230889320373535e+00
7.980017662048339844e-01
-8.060435652732849121e-01
-9.381368756294250488e-01
1.307070732116699219e+00
-2.625879943370819092e-01
-1.913257129490375519e-02
5.826519131660461426e-01
-8.005225062370300293e-01
8.657528162002563477e-01
-8.813948035240173340e-01
-8.000782132148742676e-01
6.312076449394226074e-01
3.335711061954498291e-01
-7.677268385887145996e-01
-6.762569770216941833e-03
-3.294941782951354980e-01
-8.862381577491760254e-01
-2.387391567230224609e+00
2.569254875183105469e+00
-1.493232250213623047e+00
-2.245710611343383789e+00
1.969616770744323730e+00
7.499204874038696289e-01
2.144769430160522461e-01
-1.513722538948059082e+00
7.873421311378479004e-01
1.338485836982727051e+00
-1.994863629341125488e+00
-4.303356111049652100e-01
-4.232363104820251465e-01
-2.526370882987976074e-01
3.740008473396301270e-01
-1.119610428810119629e+00
-3.462643623352050781e-01
-2.282712459564208984e-01
1.254683375358581543e+00
-5.447744131088256836e-01
-2.424054622650146484e+00
-1.484374284744262695e+00
-1.195220589637756348e+00
-1.634121298789978027e+00
1.672960877418518066e+00
-6.561998128890991211e-01
2.730528116226196289e-01
-2.466082096099853516e+00
-2.591850757598876953e+00
-8.957822918891906738e-01
1.374526619911193848e+00
-3.104234635829925537e-01
1.199664920568466187e-01
2.082209289073944092e-01
2.265231907367706299e-01
2.849599838256835938e+00
1.079745683819055557e-02
1.394845247268676758e+00
-2.958191871643066406e+00
-1.094342589378356934e+00
1.563558101654052734e+00
