7.992947101593017578e-01
-8.240293264389038086e-01
2.909682393074035645e-01
-6.371964216232299805e-01
-3.921234905719757080e-01
-4.948213398456573486e-01
4.016456902027130127e-01
-8.010705709457397461e-01
-7.749604582786560059e-01
-7.211146354675292969e-01
-4.665150344371795654e-01
-7.600436806678771973e-01
-7.764520645141601562e-01
-6.072010099887847900e-02
8.604386448860168457e-01
6.579858660697937012e-01
8.733071684837341309e-01
-4.120534062385559082e-01
-9.109017252922058105e-01
-9.115515351295471191e-01
3.204702734947204590e-01
2.397890090942382812e+00
8.087303638458251953e-01
-6.485680937767028809e-01
2.684129178524017334e-01
-2.090494148433208466e-02
-1.772139072418212891e+00
-1.266266554594039917e-01
6.242727637290954590e-01
-8.153120875358581543e-01
-2.371970891952514648e+00
-2.449128627777099609e+00
5.876570194959640503e-02
3.847728669643402100e-01
2.033512115478515625e+00
4.728350341320037842e-01
1.229361176490783691e+00
1.969533205032348633e+00
1.705256104469299316e+00
-5.556620955467224121e-01
4.552395641803741455e-01
1.866622686386108398e+00
1.009855866432189941e+00
9.349248558282852173e-02
9.220564970746636391e-04
2.560303173959255219e-02
-5.737327337265014648e-01
-4.044585824012756348e-01
-2.000125050544738770e-01
2.290581017732620239e-01
-3.122315883636474609e+00
1.869773983955383301e+00
-4.092191457748413086e-01
-1.958952665328979492e+00
-1.194791197776794434e+00
8.082444220781326294e-02
-2.822868227958679199e-01
-4.124327659606933594e+00
1.231729388236999512e+00
-4.038531482219696045e-01
6.863286495208740234e-01
