-1.055222630500793457e+00
-3.264686167240142822e-01
-3.020327985286712646e-01
7.281348854303359985e-02
-1.061747908592224121e+00
2.251169085502624512e-01
1.089215517044067383e+00
-3.905044496059417725e-01
-2.197527140378952026e-01
8.701859116554260254e-01
9.250978231430053711e-01
-1.265081286430358887e+00
9.447777271270751953e-01
9.545135498046875000e-02
-1.380035996437072754e+00
7.566280364990234375e-01
5.333395004272460938e-01
9.464769363403320312e-01
1.019775629043579102e+00
-4.877004772424697876e-02
1.681642293930053711e+00
-1.495543718338012695e+00
-1.181182503700256348e+00
2.809255011379718781e-02
2.632230043411254883e+00
9.602826833724975586e-01
-3.043904304504394531e-01
1.421015858650207520e+00
6.236188411712646484e-01
5.542461872100830078e-01
1.954928040504455566e+00
-4.298928752541542053e-02
3.013221979141235352e+00
1.134840324521064758e-01
6.549743413925170898e-01
-5.517671108245849609e-01
-2.088547348976135254e-01
-3.174736499786376953e+00
-6.330196261405944824e-01
5.477770566940307617e-01
1.278491735458374023e+00
-1.496788620948791504e+00
-1.329072713851928711e+00
1.037754535675048828e+00
1.611549973487854004e+00
1.880432128906250000e+00
3.880999088287353516e-01
-3.827863216400146484e+00
-7.707059979438781738e-01
-1.425264328718185425e-01
-2.156361341476440430e+00
-3.506060242652893066e-01
-1.679290056228637695e+00
2.622995376586914062e+00
5.570962429046630859e-01
-9.057286381721496582e-02
-4.109163880348205566e-01
-1.807963013648986816e+00
7.782433032989501953e-01
-3.001126050949096680e+00
4.544390439987182617e-01
