8.443098068237304688e-01
1.028555512428283691e+00
8.612379431724548340e-01
2.865740954875946045e-01
-4.369077384471893311e-01
-3.265329897403717041e-01
-9.368860721588134766e-01
-2.816073000431060791e-01
-9.804645180702209473e-01
3.718031048774719238e-01
8.915545940399169922e-01
-1.321428179740905762e+00
3.631861507892608643e-01
8.849201798439025879e-01
9.286189079284667969e-01
9.075775146484375000e-01
-7.905830740928649902e-01
8.404941558837890625e-01
-1.180146262049674988e-01
9.091647267341613770e-01
-1.820942759513854980e+00
-3.118068277835845947e-01
-2.195999771356582642e-01
-1.018064498901367188e+00
-2.030269145965576172e+00
1.521672725677490234e+00
1.756554961204528809e+00
7.105774283409118652e-01
-1.656008362770080566e+00
-1.862443447113037109e+00
-1.938826799392700195e+00
-1.304974555969238281e+00
1.356601357460021973e+00
8.927824497222900391e-01
-1.593506693840026855e+00
-2.911291718482971191e-01
-2.418412923812866211e+00
-2.783879041671752930e+00
-2.605237066745758057e-01
2.116101980209350586e+00
-1.174258351325988770e+00
2.005206048488616943e-01
2.589200250804424286e-02
9.426772594451904297e-01
-2.222809553146362305e+00
-1.749183177947998047e+00
-1.496168732643127441e+00
-1.108809471130371094e+00
1.082780122756958008e+00
1.378787755966186523e+00
-1.402132034301757812e+00
2.478573173284530640e-01
1.179633378982543945e+00
7.196928262710571289e-01
-1.058722972869873047e+00
3.925991356372833252e-01
2.038300752639770508e+00
-1.944657206535339355e+00
-2.800011634826660156e+00
-7.973453998565673828e-01
1.319793052971363068e-02
