1.549700736999511719e+00
-1.035142421722412109e+00
-5.355073139071464539e-02
8.143171668052673340e-01
2.389843016862869263e-01
-1.106236100196838379e+00
8.322321772575378418e-01
-9.728798270225524902e-01
-3.359506428241729736e-01
1.345323681831359863e+00
-1.198836088180541992e+00
5.065936446189880371e-01
-8.585430979728698730e-01
-1.268998980522155762e+00
-1.916544556617736816e+00
1.087796211242675781e+00
-2.723467946052551270e-01
8.304648995399475098e-01
-5.259596705436706543e-01
-1.003758788108825684e+00
1.104506850242614746e+00
4.089049994945526123e-02
-8.583432435989379883e-02
2.046375036239624023e+00
7.106779813766479492e-01
2.518122911453247070e+00
1.697476625442504883e+00
-6.286991387605667114e-02
-1.326831340789794922e+00
-1.327857851982116699e+00
1.421609044075012207e+00
2.002745389938354492e+00
-2.883153676986694336e+00
1.906498551368713379e+00
3.694721162319183350e-01
-3.187555968761444092e-01
1.128849744796752930e+00
2.062624692916870117e+00
2.345945596694946289e+00
3.193700790405273438e+00
2.460680715739727020e-02
-4.975600838661193848e-01
-3.324774026870727539e+00
-1.362195730209350586e+00
1.330941915512084961e+00
1.539577603340148926e+00
-1.536988496780395508e+00
-2.012572586536407471e-01
-3.261008739471435547e+00
-1.027152776718139648e+00
-1.250355362892150879e+00
1.843283176422119141e+00
1.961867213249206543e+00
1.030294060707092285e+00
2.872851192951202393e-01
8.478377461433410645e-01
-2.286401033401489258e+00
-4.482126832008361816e-01
-2.053927898406982422e+00
1.606151342391967773e+00
-3.432275354862213135e-01
