-9.046325087547302246e-01
8.361797332763671875e-01
-1.958755850791931152e-01
1.184001445770263672e+00
1.072006702423095703e+00
-8.714833259582519531e-01
-1.040520191192626953e+00
-4.033541977405548096e-01
1.096405863761901855e+00
1.023581266403198242e+00
7.683910131454467773e-01
8.717576861381530762e-01
4.106885790824890137e-01
4.841762781143188477e-01
-4.779650568962097168e-01
1.230464339256286621e+00
1.092094898223876953e+00
-5.240669846534729004e-01
-1.044456481933593750e+00
9.254804253578186035e-01
1.914318084716796875e+00
-2.707294523715972900e-01
-1.603614926338195801e+00
6.542085409164428711e-01
1.233552694320678711e-01
-1.829663276672363281e+00
1.019563972949981689e-01
-2.013809680938720703e+00
-6.507167816162109375e-01
-3.896640300750732422e+00
2.137693613767623901e-01
-3.003016412258148193e-01
-1.385859012603759766e+00
3.900262415409088135e-01
1.601830720901489258e+00
-1.021816849708557129e+00
4.620789289474487305e-01
2.341191291809082031e+00
2.974016904830932617e+00
2.813500642776489258e+00
1.282345414161682129e+00
1.996840238571166992e-01
-1.981230080127716064e-01
2.173564732074737549e-01
4.224438220262527466e-02
1.610290884971618652e+00
-2.742245495319366455e-01
-4.532844066619873047e+00
2.764117419719696045e-01
-1.870813727378845215e+00
-1.733838170766830444e-01
7.294720411300659180e-01
1.305428624153137207e+00
-7.158294916152954102e-01
-1.202215194702148438e+00
1.117973029613494873e-01
3.567613959312438965e-01
-2.738885641098022461e+00
1.743906974792480469e+00
-1.299820065498352051e+00
-1.454069733619689941e+00
