-8.854123950004577637e-01
8.399486541748046875e-01
8.981032967567443848e-01
1.101230502128601074e+00
5.851815342903137207e-01
2.310803234577178955e-01
-2.715351283550262451e-01
9.541998505592346191e-01
2.485568076372146606e-01
1.111693263053894043e+00
-9.226928353309631348e-01
1.272456347942352295e-01
-1.017106294631958008e+00
6.952104568481445312e-01
-8.877775073051452637e-02
-1.110871791839599609e+00
9.006876349449157715e-01
-9.146288037300109863e-01
1.082140922546386719e+00
-3.228683173656463623e-01
1.837686777114868164e+00
-2.651612274348735809e-02
-2.848134756088256836e+00
-1.515811085700988770e-01
4.746827483177185059e-01
-7.760380506515502930e-01
1.376057744026184082e+00
2.482866287231445312e+00
-7.913370132446289062e-01
1.365474760532379150e-01
-1.515198230743408203e+00
2.141805589199066162e-01
4.967330098152160645e-01
2.856173038482666016e+00
-8.183555603027343750e-01
-1.331437677145004272e-01
3.377032756805419922e+00
-3.228719234466552734e-01
-2.427419126033782959e-01
-8.635729551315307617e-02
2.141943693161010742e+00
-3.365418016910552979e-01
-1.946074128150939941e+00
2.650731801986694336e-01
3.566454946994781494e-01
4.488813400268554688e+00
-1.813359141349792480e+00
-1.615928053855895996e+00
7.551966309547424316e-01
-1.878027021884918213e-01
1.111431479454040527e+00
4.340812265872955322e-01
1.158731728792190552e-01
3.271094560623168945e+00
-2.261362552642822266e+00
-6.866297125816345215e-02
-1.861078858375549316e+00
-5.279591679573059082e-01
3.746776580810546875e-01
1.234077662229537964e-01
3.025423884391784668e-01
