1.346774339675903320e+00
9.776291847229003906e-01
-1.105923056602478027e+00
-4.843283817172050476e-02
-9.073040485382080078e-01
-1.025279045104980469e+00
8.557364940643310547e-01
3.643430173397064209e-01
-1.093875527381896973e+00
-1.311798095703125000e-01
5.479639172554016113e-01
-4.135944843292236328e-01
-1.370041131973266602e+00
-2.777964174747467041e-01
4.925009310245513916e-01
1.911533921957015991e-01
1.235848903656005859e+00
1.078666925430297852e+00
-1.220398426055908203e+00
-1.578316807746887207e+00
-9.313737750053405762e-01
3.173882246017456055e+00
-1.594849467277526855e+00
9.799806028604507446e-02
1.812490671873092651e-01
2.445898532867431641e+00
-2.968139171600341797e+00
-1.743661403656005859e+00
1.965938359498977661e-01
3.253360092639923096e-01
2.506349802017211914e+00
-3.433012366294860840e-01
6.801409721374511719e-01
-1.477151393890380859e+00
-2.293033123016357422e+00
-9.475221633911132812e-01
1.048423171043395996e+00
2.505762577056884766e+00
-4.333380758762359619e-01
-3.899819254875183105e-01
5.075914412736892700e-02
-1.059325218200683594e+00
5.795781016349792480e-01
-8.969944119453430176e-01
-4.607602357864379883e-01
1.222780942916870117e+00
-2.121339559555053711e+00
1.416147112846374512e+00
2.728796899318695068e-01
-9.994965791702270508e-01
2.078829288482666016e+00
-5.092335492372512817e-02
-4.830579757690429688e-01
-1.196381807327270508e+00
1.937929868698120117e+00
3.977110385894775391e-01
4.986312612891197205e-02
-1.199726939201354980e+00
-3.499022722244262695e-01
-7.268127799034118652e-02
1.051777228713035583e-01
