3.403100967407226562e-01
9.609796404838562012e-01
-7.937016487121582031e-01
7.064616680145263672e-01
-1.127778410911560059e+00
7.658935189247131348e-01
1.102553248405456543e+00
-8.617038726806640625e-01
-9.519446492195129395e-01
-1.410623311996459961e+00
4.189397022128105164e-02
-1.076781988143920898e+00
-1.231445431709289551e+00
-2.762449383735656738e-01
-9.001370072364807129e-01
4.472002387046813965e-01
2.772287726402282715e-01
-4.108621180057525635e-01
-9.000149369239807129e-01
1.030447244644165039e+00
1.558975100517272949e+00
2.392856121063232422e+00
8.879521489143371582e-01
-8.300547003746032715e-01
3.472967445850372314e-01
-1.199970483779907227e+00
1.636308193206787109e+00
2.637932777404785156e+00
-1.194027900695800781e+00
9.450686573982238770e-01
8.514591455459594727e-01
2.362573862075805664e+00
1.810961127281188965e+00
1.398218125104904175e-01
-3.126637220382690430e+00
-1.874271512031555176e+00
6.646682024002075195e-01
-1.537090182304382324e+00
-2.170788869261741638e-02
1.310237646102905273e+00
3.095130681991577148e+00
-2.049091815948486328e+00
-2.939394861459732056e-02
9.259498715400695801e-01
-1.145556941628456116e-01
1.113610386848449707e+00
-1.107237935066223145e+00
2.171909809112548828e+00
9.525325894355773926e-01
4.755922853946685791e-01
-3.249441862106323242e+00
1.585922002792358398e+00
1.317927837371826172e+00
-9.327487945556640625e-01
1.922670722007751465e+00
3.922686338424682617e+00
1.456174492835998535e+00
-1.844298362731933594e+00
-4.580137729644775391e-01
1.500557184219360352e+00
1.717524409294128418e+00
