8.166652917861938477e-01
4.685493707656860352e-01
2.380081117153167725e-01
3.369896113872528076e-01
1.275131464004516602e+00
-6.868785023689270020e-01
6.067099571228027344e-01
1.145868778228759766e+00
7.030957937240600586e-01
9.520438313484191895e-01
6.334928274154663086e-01
1.184952497482299805e+00
-4.139871001243591309e-01
-2.566543519496917725e-01
7.329087257385253906e-01
-9.104541540145874023e-01
-9.310845136642456055e-01
8.966985940933227539e-01
7.432110309600830078e-01
-8.127739429473876953e-01
3.626342117786407471e-01
-2.368899583816528320e+00
1.144232630729675293e+00
-2.068241119384765625e+00
-4.305443167686462402e-02
-4.621622264385223389e-01
-1.045355677604675293e+00
6.139845252037048340e-01
1.554692268371582031e+00
2.280076146125793457e-01
8.863160610198974609e-01
-9.608502984046936035e-01
-2.208887577056884766e+00
-1.457478284835815430e+00
3.578060865402221680e-01
-1.736358255147933960e-01
-6.240391135215759277e-01
4.306022822856903076e-01
2.188812971115112305e+00
2.356429576873779297e+00
-7.456745207309722900e-02
2.080496788024902344e+00
1.469921350479125977e+00
2.420233249664306641e+00
7.511642575263977051e-01
3.960083425045013428e-01
-1.419124245643615723e+00
2.026814222335815430e-01
-1.011127710342407227e+00
-3.600616939365863800e-03
-4.533188343048095703e-01
8.496368527412414551e-01
-2.622847080230712891e+00
-1.556108832359313965e+00
-3.367712795734405518e-01
2.948783934116363525e-01
-1.702069520950317383e+00
-1.895229816436767578e-01
-2.073260068893432617e+00
1.814000248908996582e+00
-3.036320507526397705e-01
