7.789885401725769043e-01
-3.023371100425720215e-01
-9.031340479850769043e-01
3.950664997100830078e-01
-1.027088522911071777e+00
-2.954460978507995605e-01
9.359384775161743164e-01
1.014925718307495117e+00
1.136280536651611328e+00
-7.013651728630065918e-01
3.392853736877441406e-01
-3.135582804679870605e-01
7.969642877578735352e-01
-8.027876615524291992e-01
8.324653506278991699e-01
-1.165165424346923828e+00
-1.331536769866943359e+00
3.728964626789093018e-01
1.015272974967956543e+00
1.685485094785690308e-01
2.688520908355712891e+00
-1.167857170104980469e+00
2.550280570983886719e+00
-3.992550075054168701e-02
4.565040767192840576e-01
-1.254201531410217285e+00
3.935580551624298096e-01
-1.796849370002746582e+00
7.375189661979675293e-01
-2.651417851448059082e-01
1.483301758766174316e+00
-1.264879465103149414e+00
1.056872010231018066e+00
-2.165701627731323242e+00
1.329756975173950195e+00
-3.011997938156127930e-01
-7.505199313163757324e-01
-1.904541373252868652e+00
7.085564136505126953e-01
2.339017242193222046e-01
-1.475684642791748047e+00
-1.060811400413513184e+00
1.545050501823425293e+00
1.578188240528106689e-01
1.852727122604846954e-02
-1.126416683197021484e+00
5.540629625320434570e-01
-9.654748439788818359e-01
-1.309745199978351593e-02
-3.187635838985443115e-01
9.994108080863952637e-01
-1.975671648979187012e+00
-5.275505185127258301e-01
1.771548032760620117e+00
-8.366398215293884277e-01
-9.768611192703247070e-02
5.994281768798828125e-01
3.366034984588623047e+00
1.066811800003051758e+00
8.020730018615722656e-01
1.254570633172988892e-01
