-8.186509013175964355e-01
-1.104101538658142090e+00
7.939646244049072266e-01
9.220625162124633789e-01
7.373455166816711426e-01
2.080048918724060059e-01
-7.676322460174560547e-01
8.036635518074035645e-01
-8.044943213462829590e-01
-1.186975613236427307e-01
5.497491955757141113e-01
1.374246329069137573e-01
-9.975267648696899414e-01
3.092619776725769043e-01
-8.410266041755676270e-01
7.592172026634216309e-01
7.297006249427795410e-01
1.094169467687606812e-01
1.041422128677368164e+00
7.115032076835632324e-01
-2.799796819686889648e+00
3.153832852840423584e-01
1.241719648241996765e-01
-2.110641479492187500e+00
-4.630756974220275879e-01
-9.112516045570373535e-01
-9.029785990715026855e-01
1.800315618515014648e+00
-1.804023742675781250e+00
-1.859312206506729126e-01
2.000285387039184570e+00
5.765658617019653320e-01
3.045824468135833740e-01
1.014025092124938965e+00
4.585353657603263855e-02
1.734330773353576660e+00
-2.693158626556396484e+00
-3.142998516559600830e-01
-2.729450166225433350e-01
-3.118591785430908203e+00
2.278646230697631836e+00
-7.537622004747390747e-02
2.109396606683731079e-01
-1.378480911254882812e+00
-4.555841684341430664e-01
1.326997995376586914e+00
3.896618187427520752e-01
-1.287035584449768066e+00
6.588713526725769043e-01
-9.768829345703125000e-01
1.315884947776794434e+00
2.187315464019775391e+00
1.116335093975067139e-01
3.661748647689819336e+00
-5.452784299850463867e-01
-7.530037760734558105e-01
-2.736056566238403320e+00
7.508379817008972168e-01
3.154315054416656494e-01
2.494668722152709961e+00
-8.137779831886291504e-01
