-3.116421699523925781e-01
4.662980437278747559e-01
1.221488952636718750e+00
-4.210413992404937744e-01
9.993124008178710938e-01
-7.694018483161926270e-01
7.922807931900024414e-01
7.996349930763244629e-01
-2.357576340436935425e-01
-5.303120613098144531e-02
-5.920253992080688477e-01
-1.048177957534790039e+00
4.208211600780487061e-01
1.429467201232910156e+00
2.197091281414031982e-01
7.888515591621398926e-01
8.609077930450439453e-01
-8.646176457405090332e-01
9.653475284576416016e-01
-1.997436136007308960e-01
-1.025869607925415039e+00
1.277188181877136230e+00
-5.356073752045631409e-02
1.287640094757080078e+00
3.671160936355590820e-01
1.994988560676574707e+00
4.025464355945587158e-01
1.845249056816101074e+00
-8.395743966102600098e-01
5.815058946609497070e-01
-9.436751604080200195e-01
5.699501037597656250e-01
-1.691014170646667480e+00
4.943909347057342529e-01
7.841688394546508789e-01
2.639573812484741211e+00
-2.442228794097900391e-01
1.083988428115844727e+00
-5.658028721809387207e-01
-4.932412803173065186e-01
-1.483534097671508789e+00
1.058494806289672852e+00
-1.572267264127731323e-01
7.975224256515502930e-01
7.953084707260131836e-01
2.016488552093505859e+00
-4.635378345847129822e-02
-1.633323550224304199e+00
-1.238389730453491211e+00
-2.056680917739868164e+00
9.976697564125061035e-01
-1.074071764945983887e+00
2.963562011718750000e+00
-3.201157227158546448e-02
1.573623776435852051e+00
-2.145242691040039062e+00
-3.616450428962707520e-01
8.642786741256713867e-01
-5.423334240913391113e-01
-1.692308545112609863e+00
4.257869124412536621e-01
