-1.169645190238952637e-01
9.571657180786132812e-01
9.284971356391906738e-01
-5.263521671295166016e-01
-5.869287848472595215e-01
-1.588162630796432495e-01
9.584454298019409180e-01
-1.059510707855224609e+00
1.437508583068847656e+00
-2.185472846031188965e-01
9.772157669067382812e-01
-8.965998888015747070e-01
-4.579667747020721436e-01
6.715114116668701172e-01
9.276456832885742188e-01
1.566235423088073730e-01
-7.938978075981140137e-01
9.582582116127014160e-01
-2.862234711647033691e-01
-9.036189913749694824e-01
4.199725687503814697e-01
-1.425646692514419556e-01
-2.831574201583862305e+00
-2.811948537826538086e+00
3.156552553176879883e+00
-1.931849122047424316e-01
9.198023676872253418e-01
2.179749011993408203e+00
-2.197573520243167877e-02
1.023008823394775391e+00
3.101302623748779297e+00
-3.552517592906951904e-01
-1.089947819709777832e+00
-2.361275911331176758e+00
2.146599292755126953e+00
2.729342579841613770e-01
-5.442432761192321777e-01
-7.261400669813156128e-02
-5.217869281768798828e-01
-1.637055635452270508e+00
-1.141266226768493652e+00
4.774831533432006836e-01
-1.703523159027099609e+00
-2.403788089752197266e+00
-2.730964422225952148e+00
-8.427785038948059082e-01
-4.862631261348724365e-01
1.159399390220642090e+00
-2.928392402827739716e-02
-5.149538516998291016e-01
-1.498525857925415039e+00
-1.439446359872817993e-01
-1.258815407752990723e+00
-3.542539179325103760e-01
-1.595898985862731934e+00
1.071486115455627441e+00
-4.031851589679718018e-01
4.043381214141845703e-01
-1.437198996543884277e+00
1.218572258949279785e+00
5.620950460433959961e-02
