-1.837630271911621094e-01
-8.629214167594909668e-01
-4.201345443725585938e-01
-9.205795526504516602e-01
-1.509352445602416992e+00
-8.056424856185913086e-01
-8.225396275520324707e-01
-6.558478474617004395e-01
-2.096967548131942749e-01
4.453936219215393066e-01
1.021798849105834961e+00
7.630284428596496582e-01
9.382839798927307129e-01
1.444857597351074219e+00
1.310716629028320312e+00
-1.487730264663696289e+00
-9.613617658615112305e-01
6.632476449012756348e-01
1.067384243011474609e+00
-8.752838969230651855e-01
-3.112325966358184814e-01
1.658332824707031250e+00
-1.817664623260498047e+00
1.734101891517639160e+00
-1.083629250526428223e+00
2.531382083892822266e+00
2.422461360692977905e-01
1.644144505262374878e-01
-4.802860915660858154e-01
-2.240781307220458984e+00
-1.103611350059509277e+00
-7.134522199630737305e-01
-7.074485421180725098e-01
1.091545820236206055e+00
4.372006356716156006e-01
-1.195550084114074707e+00
2.134637594223022461e+00
-1.429257392883300781e+00
2.273546218872070312e+00
-2.815512895584106445e+00
-7.848087549209594727e-01
-1.848237752914428711e+00
-3.408532857894897461e+00
1.261414051055908203e+00
-1.631011009216308594e+00
1.630805969238281250e+00
-2.200209945440292358e-01
-1.244035243988037109e+00
-8.670268058776855469e-01
3.396733999252319336e+00
-8.809086680412292480e-01
8.068304508924484253e-02
6.120187044143676758e-01
-6.812702417373657227e-01
-2.029365599155426025e-01
9.927207231521606445e-01
1.220720171928405762e+00
-5.361700654029846191e-01
-1.390963435173034668e+00
2.003125429153442383e+00
1.437430232763290405e-01
