1.152933478355407715e+00
-4.626624286174774170e-01
-1.551466733217239380e-01
1.219496726989746094e+00
-9.781973958015441895e-01
1.496220350265502930e+00
1.716318428516387939e-01
-1.353611707687377930e+00
1.213502287864685059e+00
-1.528852880001068115e-01
1.111804604530334473e+00
1.994222402572631836e-01
4.526033699512481689e-01
-6.678076982498168945e-01
-1.223404169082641602e+00
-9.082733392715454102e-01
9.531216025352478027e-01
9.480239152908325195e-01
3.239219188690185547e-01
-8.525382280349731445e-01
6.892606019973754883e-01
1.871123462915420532e-01
2.297958359122276306e-02
1.173271775245666504e+00
2.274031162261962891e+00
-2.089301943778991699e-01
8.210263848304748535e-01
-9.995882511138916016e-01
9.033021330833435059e-01
-2.144013196229934692e-01
2.179461479187011719e+00
-4.517877399921417236e-01
-2.069749355316162109e+00
1.270368695259094238e+00
9.322246164083480835e-02
-2.658677339553833008e+00
-3.223755657672882080e-01
-1.304797768592834473e+00
-1.162206679582595825e-01
2.855061054229736328e+00
-7.478164434432983398e-01
9.032020717859268188e-02
-1.727741599082946777e+00
-1.093401193618774414e+00
1.827577590942382812e+00
1.726020872592926025e-02
3.711515426635742188e+00
-5.177978873252868652e-01
4.674289226531982422e-01
-3.489294528961181641e+00
-1.323280453681945801e+00
3.076686620712280273e+00
1.196402668952941895e+00
-6.627379059791564941e-01
-4.186721518635749817e-03
1.959730744361877441e+00
2.791433781385421753e-02
-1.096114397048950195e+00
4.864899814128875732e-01
2.051689863204956055e+00
-1.246485352516174316e+00
