-8.882522583007812500e-01
1.171377897262573242e+00
-5.223659276962280273e-01
-4.945518672466278076e-01
-1.328303456306457520e+00
-1.126016378402709961e+00
-8.742904663085937500e-01
-7.916527390480041504e-01
1.943641006946563721e-01
9.768794178962707520e-01
-2.358340620994567871e-01
-9.931861758232116699e-01
-1.597378253936767578e-01
-1.307091355323791504e+00
8.493719696998596191e-01
9.178929328918457031e-01
2.658445239067077637e-01
-1.003488659858703613e+00
-2.866273820400238037e-01
-3.560949265956878662e-01
1.680511474609375000e+00
1.358458399772644043e+00
2.578809022903442383e+00
7.182173728942871094e-01
-8.017687797546386719e-01
-2.300157070159912109e+00
-8.185573667287826538e-02
1.784669876098632812e+00
-3.552646338939666748e-01
2.956213235855102539e+00
6.621966361999511719e-01
9.093909263610839844e-01
-3.030542866326868534e-04
-4.259817302227020264e-01
-2.945721864700317383e+00
-2.333789110183715820e+00
1.046978473663330078e+00
6.139305830001831055e-01
9.404367804527282715e-01
-1.991382241249084473e+00
6.526207923889160156e-01
-4.678696095943450928e-01
-2.338361740112304688e+00
-9.234855175018310547e-01
3.439567983150482178e-02
1.277194976806640625e+00
-8.962338566780090332e-01
1.012104034423828125e+00
6.814495921134948730e-01
-1.663990616798400879e+00
-1.181997656822204590e+00
-1.398857235908508301e-01
-4.514485001564025879e-01
2.358495257794857025e-02
-2.025720834732055664e+00
-8.060806393623352051e-01
8.821838498115539551e-01
-6.455536931753158569e-02
-8.680995106697082520e-01
-4.060911655426025391e+00
-1.413326144218444824e+00
