8.952991962432861328e-01
1.547272801399230957e-01
-2.046776711940765381e-01
-1.044399857521057129e+00
-9.806963801383972168e-01
3.708409965038299561e-01
-4.374257028102874756e-01
-9.468678832054138184e-01
3.058338463306427002e-01
-7.458339929580688477e-01
4.840108752250671387e-01
8.871232271194458008e-01
2.783496379852294922e-01
-8.876391053199768066e-01
-4.955708384513854980e-01
1.162002205848693848e+00
-1.400836110115051270e-01
-1.374402642250061035e+00
1.233604550361633301e+00
-1.258283853530883789e+00
-5.825415849685668945e-01
2.989924848079681396e-01
-8.452665209770202637e-01
-3.504134416580200195e+00
3.014288425445556641e+00
-1.920676589012145996e+00
2.033622503280639648e+00
2.126669883728027344e+00
-1.090985298156738281e+00
-2.505083009600639343e-02
2.309445858001708984e+00
-1.296661257743835449e+00
1.160502791404724121e+00
3.337539672851562500e+00
8.707679808139801025e-02
1.840976119041442871e+00
-1.447246670722961426e+00
3.463577926158905029e-01
3.017302513122558594e+00
7.743985056877136230e-01
4.418085515499114990e-01
1.655260801315307617e+00
-1.265658736228942871e+00
1.356119155883789062e+00
1.175146579742431641e+00
1.602931380271911621e+00
-1.840823411941528320e+00
1.491057395935058594e+00
1.200962185859680176e+00
-4.075005948543548584e-01
1.581041097640991211e+00
-3.734133243560791016e-01
1.199453234672546387e+00
1.200090408325195312e+00
-3.547199368476867676e-01
-9.924518465995788574e-01
-6.787404417991638184e-01
-1.773483306169509888e-01
-1.197834372520446777e+00
7.724846154451370239e-02
-8.157606124877929688e-01
