3.316396474838256836e-01
7.032679915428161621e-01
2.527116239070892334e-01
9.670004248619079590e-01
7.856987118721008301e-01
9.092942476272583008e-01
-7.575336098670959473e-01
-8.991968631744384766e-01
2.901476025581359863e-01
-5.577625632286071777e-01
-1.232862591743469238e+00
-8.871031403541564941e-01
-9.226135611534118652e-01
1.048029303550720215e+00
9.372831583023071289e-01
-7.664169073104858398e-01
1.181006878614425659e-01
6.747709512710571289e-01
8.842160701751708984e-01
-5.733152031898498535e-01
1.839616447687149048e-01
8.361274003982543945e-01
1.986560940742492676e+00
-8.768910765647888184e-01
-2.989739656448364258e+00
-9.074324369430541992e-01
2.037476301193237305e+00
5.735294818878173828e-01
3.334126770496368408e-01
2.330570936203002930e+00
-1.876627802848815918e-01
1.187664151191711426e+00
-7.104462981224060059e-01
2.064632475376129150e-01
3.165390253067016602e+00
2.065769672393798828e+00
-4.684215784072875977e-01
2.306403875350952148e+00
2.034038543701171875e+00
2.262374401092529297e+00
9.428532421588897705e-02
-5.410801172256469727e-01
3.577480077743530273e+00
1.478407859802246094e+00
-2.668720960617065430e+00
-4.695164859294891357e-01
1.280018687248229980e+00
1.588705331087112427e-01
7.596554160118103027e-01
-2.178956270217895508e+00
-4.263905435800552368e-02
6.116392612457275391e-01
8.555603772401809692e-02
7.646113038063049316e-01
-2.488380193710327148e+00
1.225591421127319336e+00
1.238713026046752930e+00
3.643695592880249023e+00
-2.235409021377563477e+00
-2.768199205398559570e+00
-2.148056983947753906e+00
