9.889668822288513184e-01
4.313593208789825439e-01
8.373176455497741699e-01
-9.796593785285949707e-01
3.620808720588684082e-01
-9.762387871742248535e-01
-9.035776257514953613e-01
-7.095110416412353516e-01
-1.000930190086364746e+00
-4.333848059177398682e-01
-8.365235328674316406e-01
-1.131844758987426758e+00
-7.830533385276794434e-01
1.049164891242980957e+00
4.458311200141906738e-01
-6.135017871856689453e-01
4.786796569824218750e-01
-1.407625079154968262e+00
-4.642955064773559570e-01
-1.004042625427246094e+00
-4.511533379554748535e-01
-1.905805706977844238e+00
-1.328990340232849121e+00
3.362672403454780579e-02
-1.244538187980651855e+00
9.165134429931640625e-01
3.336446285247802734e+00
-1.845590472221374512e+00
-2.223144322633743286e-01
1.913978815078735352e+00
8.067645430564880371e-01
-3.672791421413421631e-01
1.341482877731323242e+00
-4.570355415344238281e-01
2.367781639099121094e+00
4.169788956642150879e-02
7.900319099426269531e-01
-2.871681936085224152e-02
-6.900817155838012695e-01
2.691485881805419922e+00
1.854202002286911011e-01
1.741351008415222168e+00
-4.359007179737091064e-01
-5.076949000358581543e-01
1.025338888168334961e+00
2.707356214523315430e-01
1.736876130104064941e+00
2.333439588546752930e+00
-4.662736952304840088e-01
-1.557004809379577637e+00
-1.257238626480102539e+00
-3.167587518692016602e-01
7.753512859344482422e-01
1.585145443677902222e-01
3.535239219665527344e+00
4.167975783348083496e-01
-1.226187869906425476e-01
2.584094405174255371e-01
6.130096316337585449e-02
1.304296731948852539e+00
-8.074273467063903809e-01
