1.807976245880126953e+00
-7.970275282859802246e-01
-7.341962456703186035e-01
9.769722819328308105e-01
-2.181499004364013672e-01
1.263672947883605957e+00
1.554962694644927979e-01
4.448362588882446289e-01
8.466616868972778320e-01
4.483196735382080078e-01
1.229989409446716309e+00
-4.905466139316558838e-01
-5.690460801124572754e-01
3.525109291076660156e-01
7.800006866455078125e-01
1.103868722915649414e+00
-4.216686189174652100e-01
1.137459039688110352e+00
1.131888985633850098e+00
9.043664932250976562e-01
7.636587619781494141e-01
1.403907060623168945e+00
1.439341425895690918e+00
3.546668052673339844e+00
-1.082338690757751465e+00
2.329438447952270508e+00
1.169886946678161621e+00
-1.135032892227172852e+00
-1.590217828750610352e+00
-1.695966482162475586e+00
3.238540142774581909e-02
-1.864653944969177246e+00
-1.501793563365936279e-01
-2.931764364242553711e+00
-5.899299383163452148e-01
1.698251843452453613e+00
3.190062284469604492e+00
3.071168661117553711e+00
1.853956818580627441e+00
-2.679946660995483398e+00
7.271261513233184814e-02
1.374244570732116699e+00
7.559618949890136719e-01
-1.564490795135498047e+00
-2.822861671447753906e+00
-1.038419246673583984e+00
1.383074164390563965e+00
1.707179903984069824e+00
-3.069198131561279297e-01
1.305942058563232422e+00
1.538568288087844849e-01
-2.037151813507080078e+00
-6.816898584365844727e-01
-1.564396262168884277e+00
4.522001743316650391e-01
-1.313133597373962402e+00
-5.719917297363281250e+00
-1.408343076705932617e+00
1.549259781837463379e+00
-1.598920822143554688e+00
1.695372343063354492e+00
