-7.921744585037231445e-01
-1.089118272066116333e-01
-5.905081629753112793e-01
-9.611015915870666504e-01
8.942718505859375000e-01
-6.015741229057312012e-01
-1.054365277290344238e+00
8.007879853248596191e-01
-9.681000113487243652e-01
-7.658783793449401855e-01
8.294139504432678223e-01
8.368411660194396973e-01
-8.435184955596923828e-01
-2.051202952861785889e-01
-1.218132734298706055e+00
8.952885270118713379e-01
-7.401430010795593262e-01
-1.376637220382690430e+00
-4.185041189193725586e-01
1.765445917844772339e-01
1.002155303955078125e+00
2.199734747409820557e-02
-2.685197830200195312e+00
-2.744544446468353271e-01
-1.038150310516357422e+00
6.673847436904907227e-01
-2.394955754280090332e-01
2.907955408096313477e+00
-1.301298379898071289e+00
1.654133439064025879e+00
-1.121782064437866211e+00
-2.927036285400390625e+00
-2.074183940887451172e+00
7.061598896980285645e-01
-1.747012436389923096e-01
-5.713784694671630859e-01
1.784398674964904785e+00
-4.852743148803710938e-01
1.954356074333190918e+00
-6.133382916450500488e-01
-1.603342413902282715e+00
-1.537930488586425781e+00
-2.686761617660522461e+00
-1.150571465492248535e+00
-3.432948887348175049e-01
-2.549806833267211914e-01
-1.986651420593261719e-01
-1.352311611175537109e+00
6.229504942893981934e-01
1.255108356475830078e+00
-7.431440949440002441e-01
-1.841186881065368652e+00
1.750882625579833984e+00
-2.371673583984375000e+00
1.172953546047210693e-01
2.403575181961059570e-02
1.279466867446899414e+00
3.423694968223571777e-01
-1.802242517471313477e+00
1.314153552055358887e+00
7.252397537231445312e-01
