8.573526740074157715e-01
8.256720900535583496e-01
2.535730004310607910e-01
8.422219753265380859e-01
1.122889399528503418e+00
1.590550661087036133e+00
9.346272945404052734e-01
-2.811768352985382080e-01
7.119899392127990723e-01
-3.997336626052856445e-01
8.251987695693969727e-01
-5.248512625694274902e-01
-7.763736844062805176e-01
1.874899119138717651e-01
1.052038192749023438e+00
-1.292885243892669678e-01
-1.072252273559570312e+00
-1.928038150072097778e-01
7.869723439216613770e-01
-9.515693187713623047e-01
4.202089607715606689e-01
7.820089459419250488e-01
1.263656377792358398e+00
2.849408864974975586e+00
5.663643479347229004e-01
-6.545548439025878906e-01
2.201290845870971680e+00
1.206038117408752441e+00
-3.312611877918243408e-01
1.956979274749755859e+00
7.063725590705871582e-01
-2.373919963836669922e+00
-8.421938419342041016e-01
2.847186923027038574e-01
-6.540357470512390137e-01
-1.673513501882553101e-01
2.275184631347656250e+00
-7.864512205123901367e-01
5.172704458236694336e-01
3.015829324722290039e+00
-3.593277037143707275e-01
-4.895929992198944092e-01
1.583103299140930176e+00
-2.273133277893066406e+00
1.088490247726440430e+00
5.213783979415893555e-01
-1.943850040435791016e+00
-1.401203513145446777e+00
-3.006529510021209717e-01
-3.103188753128051758e+00
-5.661195516586303711e-01
-1.925568580627441406e+00
6.964951753616333008e-01
1.144672751426696777e+00
-3.717161715030670166e-01
-1.969867587089538574e+00
1.701653718948364258e+00
-2.087312221527099609e+00
1.336702466011047363e+00
2.020968437194824219e+00
-4.400984048843383789e-01
