6.852846145629882812e-01
8.859533071517944336e-01
-4.686347842216491699e-01
4.880270063877105713e-01
-7.944378852844238281e-01
7.601816058158874512e-01
3.594890832901000977e-01
-5.707748532295227051e-01
-7.055618762969970703e-01
-7.272018790245056152e-01
3.149678111076354980e-01
-6.563026309013366699e-01
6.080397367477416992e-01
6.601316928863525391e-01
-5.777568817138671875e-01
-7.072202563285827637e-01
-6.784554123878479004e-01
-6.837810277938842773e-01
-2.778708003461360931e-02
-3.418245017528533936e-01
3.033539839088916779e-02
-3.852906227111816406e-01
-2.029065370559692383e+00
6.701034903526306152e-01
-1.721513867378234863e+00
-2.518570721149444580e-01
1.010188683867454529e-01
7.750359177589416504e-01
7.571845054626464844e-01
1.202765479683876038e-01
-1.541628837585449219e+00
-4.680363535881042480e-01
-6.552327275276184082e-01
2.224609851837158203e+00
1.221363782882690430e+00
-2.302479594945907593e-01
2.630372047424316406e-01
2.172454833984375000e+00
1.281866312026977539e+00
1.703084111213684082e+00
2.838855981826782227e-01
1.885357052087783813e-01
-2.615803956985473633e+00
6.362633313983678818e-03
9.908692240715026855e-01
4.433765113353729248e-01
4.008545577526092529e-01
6.770477443933486938e-02
-3.423114120960235596e-01
9.937711991369724274e-03
1.507862329483032227e+00
2.814759314060211182e-01
-2.666998505592346191e-01
-1.470915794372558594e+00
7.005226016044616699e-01
-2.060230821371078491e-01
5.941518116742372513e-03
1.617250800132751465e+00
9.321269989013671875e-01
-1.280839085578918457e+00
-4.869152009487152100e-01
