-6.525853872299194336e-01
-9.093701243400573730e-01
5.823872089385986328e-01
8.105841875076293945e-01
-6.454316973686218262e-01
-1.897251158952713013e-01
-7.128722667694091797e-01
8.207541704177856445e-01
7.267330288887023926e-01
-7.257497310638427734e-02
4.804890751838684082e-01
7.370107173919677734e-01
-3.628343939781188965e-01
6.680117249488830566e-01
2.245660126209259033e-01
-2.714988887310028076e-01
7.095378041267395020e-01
-7.750692963600158691e-01
-1.200300574302673340e+00
6.847220659255981445e-01
-2.201144248247146606e-01
7.890666723251342773e-01
1.903527855873107910e+00
1.725470542907714844e+00
6.083136200904846191e-01
-4.174712896347045898e-01
-6.848019361495971680e-01
-1.352230906486511230e-01
-1.502660155296325684e+00
-6.431684643030166626e-02
-2.174870729446411133e+00
2.423624992370605469e+00
1.081251144409179688e+00
3.812238574028015137e-01
6.322227120399475098e-01
-7.901530861854553223e-01
-4.212314486503601074e-01
-4.545055925846099854e-01
3.963975701481103897e-03
-2.171057462692260742e+00
5.481778979301452637e-01
-1.417284011840820312e-01
1.600382566452026367e+00
-1.888851761817932129e+00
1.185804963111877441e+00
-1.227130413055419922e+00
5.019719004631042480e-01
-3.797860741615295410e-01
-1.212033033370971680e+00
-2.338522911071777344e+00
1.712429046630859375e+00
-2.925946235656738281e+00
-1.059399843215942383e+00
8.703798055648803711e-01
1.970442175865173340e+00
-2.092922687530517578e+00
1.148676156997680664e+00
1.261382997035980225e-01
-2.740733623504638672e-01
-2.085976839065551758e+00
-5.992440581321716309e-01
