-6.364513635635375977e-01
1.302339583635330200e-01
-5.278353691101074219e-01
-9.164371490478515625e-01
-3.861733675003051758e-01
-1.342953145503997803e-01
8.596047759056091309e-01
-8.682943582534790039e-01
-9.478121995925903320e-01
-4.173970818519592285e-01
-6.882477402687072754e-01
-9.720417261123657227e-01
-1.016855478286743164e+00
3.805582225322723389e-01
9.158401489257812500e-01
-9.141403436660766602e-01
-4.128226637840270996e-01
-7.744650244712829590e-01
-6.013115048408508301e-01
-3.002177774906158447e-01
5.675990507006645203e-02
5.464391112327575684e-01
-2.280450612306594849e-01
-2.693866968154907227e+00
-1.356187582015991211e+00
-3.810957670211791992e-01
-3.119401693344116211e+00
-1.737299263477325439e-01
-1.135677397251129150e-01
2.105158567428588867e+00
-1.992431581020355225e-01
-8.823476433753967285e-01
-1.971244335174560547e+00
2.625207602977752686e-01
-2.460343360900878906e+00
1.897467851638793945e+00
1.066771864891052246e+00
-6.619249582290649414e-01
3.490418791770935059e-01
1.075964927673339844e+00
-2.483270913362503052e-01
2.784510135650634766e+00
1.106566786766052246e-01
1.497167944908142090e+00
-2.458464622497558594e+00
-6.990061998367309570e-01
-1.799493551254272461e+00
-1.325000971555709839e-01
-3.341975212097167969e-01
-1.538716077804565430e+00
1.167976483702659607e-01
4.882932901382446289e-01
1.258240699768066406e+00
2.273487746715545654e-01
-1.109148144721984863e+00
8.085131645202636719e-01
-1.265448331832885742e+00
5.392304658889770508e-01
-3.085531294345855713e-01
-1.142206668853759766e+00
-1.089787006378173828e+00
