-7.360782623291015625e-01
6.753984689712524414e-01
-7.340041995048522949e-01
-3.155569732189178467e-01
7.745853066444396973e-01
-9.013964533805847168e-01
-6.943213939666748047e-01
1.387926489114761353e-01
-1.260391712188720703e+00
-8.946114182472229004e-01
-3.027722835540771484e-01
-2.415578514337539673e-01
-2.189093977212905884e-01
9.369934201240539551e-01
-7.861012220382690430e-01
2.160880267620086670e-01
-1.432681381702423096e-01
-7.005933523178100586e-01
7.201923727989196777e-01
-1.092282652854919434e+00
1.286444902420043945e+00
-1.500909209251403809e+00
4.523738622665405273e-01
1.494659185409545898e+00
-2.658304929733276367e+00
-1.761608242988586426e+00
1.013591408729553223e+00
5.922483801841735840e-01
2.311591804027557373e-01
1.265849590301513672e+00
-1.578842759132385254e+00
-7.261830568313598633e-01
1.053730487823486328e+00
2.899916172027587891e+00
3.302012383937835693e-01
3.542884886264801025e-01
-6.899254322052001953e-01
1.371712565422058105e+00
-1.100925922393798828e+00
6.956743001937866211e-01
5.974020361900329590e-01
-1.170947313308715820e+00
1.405841261148452759e-01
-3.240263938903808594e+00
-1.617777943611145020e+00
1.548911809921264648e+00
-8.932299017906188965e-01
1.293114304542541504e+00
-3.953558206558227539e-01
-9.195533990859985352e-01
-1.962603569030761719e+00
1.276624053716659546e-01
-8.272202014923095703e-01
-1.180593132972717285e+00
5.529688671231269836e-02
1.440019845962524414e+00
-1.414126634597778320e+00
9.157416224479675293e-01
-6.988196969032287598e-01
-4.110357165336608887e-02
-7.816647887229919434e-01
