-6.322064995765686035e-01
1.120679140090942383e+00
9.776388406753540039e-01
-3.471772968769073486e-01
-1.361240744590759277e-01
4.077957570552825928e-01
-1.116688370704650879e+00
7.510128021240234375e-01
3.602243959903717041e-01
-9.195581674575805664e-01
-1.012981414794921875e+00
9.241804480552673340e-01
-2.984826266765594482e-01
9.245032072067260742e-01
-2.699057161808013916e-01
-9.185749292373657227e-01
1.015791177749633789e+00
-7.160695195198059082e-01
-9.930021762847900391e-01
-1.112226724624633789e+00
1.849702745676040649e-01
3.526575267314910889e-01
-2.895979166030883789e+00
-1.464867115020751953e+00
6.700574755668640137e-01
-2.236287832260131836e+00
-5.225555896759033203e-01
-3.457005620002746582e-01
1.600202798843383789e+00
9.496055841445922852e-01
5.946486592292785645e-01
-1.214547157287597656e+00
-1.538472771644592285e+00
3.150579929351806641e+00
-1.481225728988647461e+00
1.951343774795532227e+00
8.038371205329895020e-01
7.110188603401184082e-01
-2.326313257217407227e+00
2.356476545333862305e+00
3.796833157539367676e-01
-1.384664177894592285e-01
-1.713680505752563477e+00
-1.022731900215148926e+00
-1.666717290878295898e+00
3.757624387741088867e+00
-1.234213232994079590e+00
5.871852636337280273e-01
1.235447049140930176e+00
3.251223564147949219e-01
-1.115057110786437988e+00
-5.449383854866027832e-01
-2.070588111877441406e+00
-1.859539747238159180e+00
-1.439132690429687500e+00
-1.584150075912475586e+00
-4.710990190505981445e-01
8.580908179283142090e-01
1.778836011886596680e+00
1.834971189498901367e+00
4.583761394023895264e-01
