-4.909457266330718994e-01
1.196323707699775696e-01
-5.522949695587158203e-01
-2.712301313877105713e-01
-1.041149139404296875e+00
1.020537972450256348e+00
-1.137825697660446167e-01
9.165738821029663086e-01
-3.142127990722656250e-01
-1.018657609820365906e-01
-1.257319152355194092e-01
-9.303638935089111328e-01
-3.728688061237335205e-01
-1.000759720802307129e+00
1.252667754888534546e-01
-1.247620105743408203e+00
1.027035474777221680e+00
-1.355530858039855957e+00
3.276525139808654785e-01
8.932000398635864258e-01
1.647773504257202148e+00
9.059260040521621704e-02
-3.983258605003356934e-01
-1.266384124755859375e+00
1.412890434265136719e+00
9.918018579483032227e-01
-1.280260533094406128e-01
3.269260644912719727e+00
1.316623836755752563e-01
1.869326680898666382e-01
4.654936194419860840e-01
2.850621461868286133e+00
-1.915929436683654785e+00
-2.536607742309570312e+00
3.398057222366333008e-01
-1.400391697883605957e+00
-2.255303859710693359e+00
1.694844961166381836e-01
-1.118464767932891846e-01
1.617352128028869629e+00
-2.700462579727172852e+00
9.483773708343505859e-01
-1.931509375572204590e-01
-2.246606588363647461e+00
1.138017654418945312e+00
1.270370364189147949e+00
-4.332490265369415283e-01
-1.835518836975097656e+00
7.620546966791152954e-02
-1.484023809432983398e+00
-3.315376043319702148e+00
1.738654613494873047e+00
-1.368578672409057617e+00
1.426339983940124512e+00
4.965482354164123535e-01
7.119601368904113770e-01
-1.492183804512023926e+00
-3.273874521255493164e-02
-3.240814432501792908e-02
-5.821258425712585449e-01
3.126147091388702393e-01
