-1.256606459617614746e+00
8.141748309135437012e-01
-4.296171069145202637e-01
-1.015818595886230469e+00
3.511322438716888428e-01
8.001781702041625977e-01
7.381232976913452148e-01
9.651799499988555908e-02
8.943015933036804199e-01
-4.550692141056060791e-01
-7.663974761962890625e-01
2.926085591316223145e-01
-7.806130647659301758e-01
-9.016547799110412598e-01
-2.389926314353942871e-01
-1.016178607940673828e+00
7.549853920936584473e-01
-1.039899110794067383e+00
-8.982951045036315918e-01
1.045957565307617188e+00
9.341830015182495117e-01
9.958623051643371582e-01
4.728170931339263916e-01
-2.905402660369873047e+00
2.035087108612060547e+00
-1.643505692481994629e+00
-5.612403154373168945e-01
-6.700280308723449707e-01
-2.391760349273681641e+00
2.040052175521850586e+00
1.239258144050836563e-02
-1.143806219100952148e+00
-4.811244606971740723e-01
2.842435240745544434e-01
3.589725494384765625e-01
-9.815819859504699707e-01
-8.001628518104553223e-01
-1.908273696899414062e+00
3.211348295211791992e+00
1.380610615015029907e-01
-1.890757977962493896e-01
1.309445619583129883e+00
-3.129393756389617920e-01
1.325574755668640137e+00
4.075997352600097656e+00
-1.385804891586303711e+00
1.156303167343139648e+00
1.165833592414855957e+00
-1.271903872489929199e+00
-1.872725725173950195e+00
6.071537733078002930e-01
1.438879489898681641e+00
6.625646352767944336e-01
2.184106260538101196e-01
-2.439425945281982422e+00
6.982012987136840820e-01
-5.597062110900878906e-01
1.595012068748474121e+00
1.655115008354187012e+00
9.532055258750915527e-01
-9.437835812568664551e-01
