-4.954300820827484131e-03
7.805055379867553711e-01
9.879526495933532715e-01
-7.433352470397949219e-01
3.901570141315460205e-01
9.385561943054199219e-01
-4.710260331630706787e-01
9.983962178230285645e-01
3.165367841720581055e-01
-2.960575520992279053e-01
7.746499776840209961e-01
7.407481074333190918e-01
9.710515141487121582e-01
5.329310894012451172e-01
9.381411671638488770e-01
1.037492513656616211e+00
-5.084747672080993652e-01
-7.504650354385375977e-01
-7.465358972549438477e-01
-4.500620365142822266e-01
3.551768660545349121e-01
2.007430940866470337e-01
-8.336881399154663086e-01
-1.046843409538269043e+00
-7.720630764961242676e-01
5.849257111549377441e-01
-1.504070639610290527e+00
3.403808832168579102e+00
1.447477817535400391e+00
1.928731679916381836e+00
4.190281033515930176e-02
-1.613283514976501465e+00
3.955844938755035400e-01
-1.210116624832153320e+00
6.194010376930236816e-01
2.448016405105590820e+00
2.363214492797851562e+00
2.377038955688476562e+00
-9.969701170921325684e-01
-2.298424005508422852e+00
-4.093205928802490234e-01
1.248606681823730469e+00
6.792225241661071777e-01
5.885953307151794434e-01
-4.235098958015441895e-01
-1.949552297592163086e-01
-2.859174489974975586e+00
-2.127990245819091797e+00
1.055194139480590820e+00
-2.406558275222778320e+00
4.452740252017974854e-01
-1.621994495391845703e+00
8.203644156455993652e-01
-6.605696082115173340e-01
-2.154266983270645142e-01
-2.044054031372070312e+00
-3.312357902526855469e+00
1.819316267967224121e+00
5.780661106109619141e-01
-2.168651103973388672e+00
1.098982334136962891e+00
