-1.032117366790771484e+00
9.257855415344238281e-01
-2.022746562957763672e+00
5.644205212593078613e-01
1.478023886680603027e+00
1.041341125965118408e-01
9.571005702018737793e-01
-1.224500894546508789e+00
-2.603362500667572021e-01
-1.069725871086120605e+00
1.236262202262878418e+00
3.259644806385040283e-01
-9.779532551765441895e-01
-1.669865489006042480e+00
-1.139482736587524414e+00
-3.174699842929840088e-01
1.245491266250610352e+00
-5.062651038169860840e-01
1.002642631530761719e+00
-1.187621355056762695e+00
2.424534082412719727e+00
-2.478372573852539062e+00
1.067617088556289673e-01
-1.971330165863037109e+00
4.207454025745391846e-01
2.878776192665100098e-02
-3.371057987213134766e+00
4.052592217922210693e-01
1.197722911834716797e+00
-1.635347962379455566e+00
2.526688277721405029e-01
1.357254743576049805e+00
1.552585005760192871e+00
-1.482528597116470337e-01
-2.712234973907470703e+00
9.831459522247314453e-01
6.041954755783081055e-01
-2.613485574722290039e+00
3.324113368988037109e+00
4.060063064098358154e-01
1.205354452133178711e+00
-1.425367712974548340e+00
1.250417679548263550e-01
2.825729846954345703e+00
-4.705143868923187256e-01
1.529864788055419922e+00
-2.179473638534545898e+00
-2.430593967437744141e-01
-3.413767814636230469e+00
5.433151721954345703e-01
6.636619567871093750e-01
1.126259922981262207e+00
7.833138108253479004e-01
-1.610380113124847412e-01
1.240859031677246094e+00
-7.590711712837219238e-01
4.297398924827575684e-01
-2.435920000076293945e+00
-1.379955291748046875e+00
-2.121087461709976196e-01
2.548157274723052979e-01
