8.102718591690063477e-01
1.081093192100524902e+00
-5.409232974052429199e-01
8.880149126052856445e-01
-8.826492428779602051e-01
-9.798989295959472656e-01
-8.466625213623046875e-01
9.116607904434204102e-01
-8.852371573448181152e-01
-3.650278151035308838e-01
-9.539799094200134277e-01
1.036697626113891602e+00
-8.986042737960815430e-01
7.197148203849792480e-01
4.237894415855407715e-01
-9.890854954719543457e-01
9.672703742980957031e-01
-6.657940149307250977e-01
9.166228771209716797e-01
7.425698637962341309e-01
-6.205153465270996094e-01
6.101042032241821289e-01
2.692769765853881836e+00
2.380070686340332031e+00
3.425938367843627930e+00
7.566524147987365723e-01
5.516654253005981445e-01
-1.426207780838012695e+00
1.381420373916625977e+00
1.163772702217102051e+00
-4.649132490158081055e-01
-1.046212688088417053e-01
2.593938827514648438e+00
5.782489180564880371e-01
2.167492389678955078e+00
1.218259334564208984e+00
1.615218639373779297e+00
-5.702353119850158691e-01
-5.074129104614257812e-01
1.169211745262145996e+00
-2.406197190284729004e-01
-1.973342150449752808e-01
-2.548071384429931641e+00
-1.753229379653930664e+00
1.086569428443908691e+00
-7.916510105133056641e-01
1.246775165200233459e-01
-7.941913008689880371e-01
5.720223784446716309e-01
-1.319285750389099121e+00
-3.170986771583557129e-01
1.064545869827270508e+00
1.729696869850158691e+00
-1.283334046602249146e-01
3.560826539993286133e+00
-1.211288213729858398e+00
-1.580292344093322754e+00
1.150495186448097229e-01
-6.144080162048339844e-01
1.285630822181701660e+00
-8.709672093391418457e-01
