1.167212724685668945e+00
1.072484493255615234e+00
1.489965766668319702e-01
-1.327429294586181641e+00
1.046551108360290527e+00
2.977780103683471680e-01
-2.675727605819702148e-01
1.330489754676818848e+00
4.818805307149887085e-02
3.584908843040466309e-01
-2.933308482170104980e-01
5.373806357383728027e-01
1.352826476097106934e+00
-1.002661108970642090e+00
1.081321477890014648e+00
9.823866486549377441e-01
-2.157329320907592773e-01
3.391222357749938965e-01
-8.926490545272827148e-01
1.004183650016784668e+00
-7.084221839904785156e-01
2.746725559234619141e+00
-3.254200220108032227e-01
-2.479372978210449219e+00
-3.058619022369384766e+00
-1.356111288070678711e+00
-7.386015653610229492e-01
1.470886111259460449e+00
2.978096902370452881e-01
1.332153677940368652e+00
-1.242839574813842773e+00
-2.592290878295898438e+00
9.584115147590637207e-01
2.140995979309082031e+00
4.814368188381195068e-01
3.180431604385375977e+00
1.263815283775329590e+00
-2.171859890222549438e-02
-7.709239125251770020e-01
-3.846112012863159180e+00
5.483068227767944336e-01
-1.706597924232482910e+00
7.569031715393066406e-01
1.272352218627929688e+00
-1.658079147338867188e+00
2.384978771209716797e+00
-6.990499496459960938e-01
-8.767891526222229004e-01
1.613350629806518555e+00
4.743841648101806641e+00
-8.062358498573303223e-01
2.046948194503784180e+00
-2.254939526319503784e-01
1.201966524124145508e+00
2.568252086639404297e-01
-1.493828296661376953e+00
-2.260970026254653931e-01
8.343619704246520996e-01
-3.571735024452209473e-01
-1.530317902565002441e+00
-6.680580377578735352e-01
