3.879031836986541748e-01
1.100848913192749023e-01
-7.302544116973876953e-01
2.946058809757232666e-01
1.025508999824523926e+00
-1.585771441459655762e-01
-7.672224640846252441e-01
-7.677142024040222168e-01
-1.091257095336914062e+00
-7.968147993087768555e-01
-5.932855010032653809e-01
-1.930655539035797119e-01
-8.090404868125915527e-01
1.440593898296356201e-01
-8.654081821441650391e-01
7.667047977447509766e-01
-3.863966166973114014e-01
-1.062066555023193359e+00
-2.004617005586624146e-01
-1.398317515850067139e-01
-1.873364329338073730e+00
2.993159294128417969e-01
7.745363712310791016e-01
9.257108569145202637e-01
-3.724211454391479492e-01
4.310605823993682861e-01
-2.588845968246459961e+00
2.609225273132324219e+00
4.609619379043579102e-01
-1.765752911567687988e+00
-2.824716866016387939e-01
1.000572443008422852e+00
1.927842855453491211e+00
-2.757314443588256836e-01
1.234493017196655273e+00
-2.598142325878143311e-01
-1.788838624954223633e+00
-1.902503520250320435e-01
-1.130972743034362793e+00
-1.015372037887573242e+00
2.106858491897583008e+00
5.246794223785400391e-01
-1.117992877960205078e+00
4.494590163230895996e-01
2.044647373259067535e-02
-1.688027143478393555e+00
2.012148857116699219e+00
1.729825973510742188e+00
4.382341355085372925e-02
1.832785129547119141e+00
5.028932541608810425e-02
-1.534002542495727539e+00
1.715765237808227539e+00
1.301900506019592285e+00
1.094417691230773926e+00
-5.728913098573684692e-02
-2.184023618698120117e+00
-3.959172368049621582e-01
-1.014664769172668457e+00
-1.655262708663940430e+00
-2.955226600170135498e-01
