-2.226961851119995117e-01
-5.781595110893249512e-01
3.151098489761352539e-01
5.994928479194641113e-01
8.528434485197067261e-02
-7.398803234100341797e-01
6.999096274375915527e-01
-4.125488996505737305e-01
-6.846296787261962891e-01
7.669795155525207520e-01
-8.111891746520996094e-01
-9.553569555282592773e-01
1.514082849025726318e-01
7.511317729949951172e-01
8.372647166252136230e-01
-5.687035322189331055e-01
1.145701885223388672e+00
4.187356233596801758e-01
6.002862453460693359e-01
-5.817340612411499023e-01
-3.433548510074615479e-01
-8.796919584274291992e-01
4.965416193008422852e-01
-3.440023958683013916e-01
-7.934910058975219727e-01
-1.256260156631469727e+00
1.544465661048889160e+00
1.839875578880310059e+00
-1.606481820344924927e-01
1.858452320098876953e+00
-2.817755699157714844e+00
1.468886017799377441e+00
-1.428615003824234009e-01
-1.232198923826217651e-01
-2.270984888076782227e+00
-1.284271001815795898e+00
-5.403510332107543945e-01
1.973171114921569824e+00
4.973649233579635620e-02
-8.366793990135192871e-01
-1.873168945312500000e+00
8.454943895339965820e-01
1.116422414779663086e+00
6.713192909955978394e-02
1.566108822822570801e+00
1.066467285156250000e+00
-7.266568541526794434e-01
-2.368202686309814453e+00
2.334333509206771851e-01
-1.759843587875366211e+00
1.902014970779418945e+00
1.267354965209960938e+00
9.145894050598144531e-01
-4.344013985246419907e-03
-1.971513271331787109e+00
-9.214424490928649902e-01
-1.349526047706604004e-01
2.331321716308593750e+00
8.894275426864624023e-01
-1.704885601997375488e+00
1.015613436698913574e+00
