3.508169651031494141e-01
-1.297024786472320557e-01
1.205198526382446289e+00
-1.556799113750457764e-01
2.203205227851867676e-01
3.236107230186462402e-01
-3.549301028251647949e-01
8.552615046501159668e-01
-1.463461637496948242e+00
-8.564036488533020020e-01
9.144232273101806641e-01
-8.947546482086181641e-01
-9.402777552604675293e-01
1.014400124549865723e+00
9.445787072181701660e-01
1.075729727745056152e+00
-1.010890841484069824e+00
8.163548707962036133e-01
-8.895512819290161133e-01
4.782002866268157959e-01
1.540131449699401855e+00
1.653884053230285645e-01
-5.688611268997192383e-01
1.785454303026199341e-01
-1.027040839195251465e+00
1.349439620971679688e+00
1.919857144355773926e+00
-2.614080190658569336e+00
-1.686712354421615601e-01
-9.248390197753906250e-01
2.903814315795898438e+00
-1.177033111453056335e-01
-1.984708070755004883e+00
6.648085117340087891e-01
-1.254412174224853516e+00
1.290223360061645508e+00
8.886588811874389648e-01
4.376041889190673828e-01
1.932203412055969238e+00
-3.088400065898895264e-01
1.543185234069824219e+00
-3.385471403598785400e-01
-1.467344015836715698e-01
-2.663371324539184570e+00
2.329981088638305664e+00
1.697937846183776855e+00
-1.417703986167907715e+00
-1.614909887313842773e+00
-7.818280905485153198e-02
-7.105202674865722656e-01
-1.557484865188598633e+00
-3.163640201091766357e-01
1.581325531005859375e+00
-1.305701956152915955e-02
-9.826937913894653320e-01
-5.864631533622741699e-01
-7.080499529838562012e-01
-2.148424685001373291e-01
1.027651548385620117e+00
1.171757727861404419e-01
9.140604734420776367e-01
