1.358776569366455078e+00
7.492284774780273438e-01
-4.658605754375457764e-01
9.567703008651733398e-01
1.737902402877807617e+00
-3.194977343082427979e-01
1.046523690223693848e+00
-1.078887462615966797e+00
-9.793117642402648926e-01
-7.616800069808959961e-01
-9.915111064910888672e-01
-3.292954564094543457e-01
-2.559554874897003174e-01
9.392130374908447266e-01
-3.400195240974426270e-01
8.920437097549438477e-01
-1.500905752182006836e+00
-6.052676439285278320e-01
8.975207209587097168e-01
-1.037395238876342773e+00
-1.000944733619689941e+00
-6.970877647399902344e-01
2.270962715148925781e+00
-1.978853225708007812e+00
4.378900825977325439e-01
1.214110970497131348e+00
-2.629424810409545898e+00
-2.271768301725387573e-01
-3.263330221176147461e+00
6.016989946365356445e-01
-1.523111701011657715e+00
-1.671363115310668945e+00
-4.626449346542358398e-01
2.063491582870483398e+00
1.433019280433654785e+00
2.290934801101684570e+00
1.258348375558853149e-01
-2.087523937225341797e+00
1.715349555015563965e+00
3.607109785079956055e+00
-8.550130762159824371e-03
7.707449793815612793e-01
-1.788955569267272949e+00
-1.282708048820495605e+00
-2.283875793218612671e-01
-1.337899446487426758e+00
-9.920593500137329102e-01
-9.474585652351379395e-01
1.654189944267272949e+00
1.166389808058738708e-01
3.126823306083679199e-01
-4.115437984466552734e+00
-1.056632995605468750e+00
-6.687527298927307129e-01
-1.394197702407836914e+00
-1.119034528732299805e+00
-1.765076071023941040e-01
-1.289375901222229004e+00
-8.245863318443298340e-01
1.747936367988586426e+00
-9.035323262214660645e-01
