1.815126836299896240e-01
-8.247460126876831055e-01
-8.083424568176269531e-01
-1.297745704650878906e+00
-3.775588572025299072e-01
1.271124243736267090e+00
-9.049237966537475586e-01
-1.295588761568069458e-01
7.247670292854309082e-01
-9.345524907112121582e-01
1.109770655632019043e+00
1.235453844070434570e+00
8.684027194976806641e-01
-4.854598045349121094e-01
-1.186092495918273926e+00
-4.061043262481689453e-01
-1.153251647949218750e+00
-1.009917020797729492e+00
1.080183267593383789e+00
-8.465489149093627930e-01
7.127992510795593262e-01
-2.523536205291748047e+00
-1.318461894989013672e+00
-4.403492808341979980e-02
-1.446232944726943970e-01
-3.347592353820800781e-01
2.771068572998046875e+00
-2.385112047195434570e-01
-1.622053235769271851e-02
-5.169259905815124512e-01
7.384355068206787109e-01
1.275325864553451538e-01
1.569818377494812012e+00
2.511708736419677734e+00
-9.655219316482543945e-01
-2.185338735580444336e+00
2.623045742511749268e-01
2.046364068984985352e+00
4.928982257843017578e-01
-1.676656365394592285e+00
3.087174654006958008e+00
1.792936921119689941e+00
-1.379376530647277832e+00
9.979785978794097900e-02
-4.116149842739105225e-01
-1.243059486150741577e-01
1.383297324180603027e+00
-2.545809745788574219e+00
-6.073015928268432617e-01
1.071617126464843750e+00
1.293951034545898438e+00
6.698380410671234131e-02
-1.199962854385375977e+00
-2.153005361557006836e+00
5.701729059219360352e-01
-1.417496204376220703e+00
-8.450940251350402832e-01
1.013172984123229980e+00
3.432195484638214111e-01
1.276556730270385742e+00
-1.185627460479736328e+00
