-9.252994060516357422e-01
-1.018371343612670898e+00
-6.308920383453369141e-01
5.958943367004394531e-01
-2.910516858100891113e-01
8.937423229217529297e-01
4.787926971912384033e-01
-8.286103010177612305e-01
3.414850831031799316e-01
9.664085507392883301e-01
-9.922335743904113770e-01
-7.209225296974182129e-01
-9.980081915855407715e-01
8.094568848609924316e-01
-7.812988758087158203e-01
9.224852919578552246e-01
3.246842324733734131e-01
9.003257751464843750e-01
8.233821988105773926e-01
-9.006596207618713379e-01
3.073341369628906250e+00
-2.302639245986938477e+00
-1.698151677846908569e-01
9.048158526420593262e-01
-1.465993165969848633e+00
-3.694755434989929199e-01
-2.273485422134399414e+00
-6.965335607528686523e-01
-1.517419219017028809e+00
3.072583675384521484e+00
6.050559878349304199e-01
-1.110332384705543518e-01
2.200839519500732422e+00
2.188776254653930664e+00
-2.119325995445251465e-01
9.790369272232055664e-01
1.522550940513610840e+00
9.567149281501770020e-01
-4.482513964176177979e-01
7.807142734527587891e-01
1.626033425331115723e+00
1.538217663764953613e+00
-1.041014075279235840e+00
-9.383127689361572266e-01
-2.418434619903564453e+00
-7.294929772615432739e-02
2.172319650650024414e+00
-1.238864183425903320e+00
9.865220785140991211e-01
-1.586185932159423828e+00
-1.584939211606979370e-01
6.198341846466064453e-01
1.201065063476562500e+00
8.462466597557067871e-01
-6.061088442802429199e-01
-7.674154043197631836e-01
2.341886043548583984e+00
-5.274174809455871582e-01
8.438153862953186035e-01
3.379028737545013428e-01
-1.137653350830078125e+00
