-7.082636356353759766e-01
4.194923937320709229e-01
-9.120126366615295410e-01
7.659972310066223145e-01
9.828004837036132812e-01
7.242886424064636230e-01
-1.816781163215637207e-01
-2.434499114751815796e-01
8.840466737747192383e-01
-9.500794410705566406e-01
-3.338882625102996826e-01
1.016879439353942871e+00
-3.392473161220550537e-01
1.888141483068466187e-01
-9.115227460861206055e-01
-7.926991581916809082e-01
-1.050065994262695312e+00
1.871468871831893921e-01
9.259867668151855469e-01
8.045947551727294922e-01
-1.097005128860473633e+00
1.760838985443115234e+00
1.116935133934020996e+00
7.023433446884155273e-01
2.342451572418212891e+00
-1.668645888566970825e-01
6.882585287094116211e-01
7.531535029411315918e-01
2.997231960296630859e+00
1.184350773692131042e-01
-1.551847815513610840e+00
1.491953134536743164e+00
1.663389801979064941e+00
3.177359700202941895e-01
2.916879415512084961e+00
9.191771745681762695e-01
2.269644498825073242e+00
-5.259827375411987305e-01
1.365414500236511230e+00
-1.913043498992919922e+00
-3.065412938594818115e-01
2.910880327224731445e+00
1.120952963829040527e+00
2.841342389583587646e-01
-1.787016510963439941e+00
5.248326063156127930e-01
-1.709126353263854980e+00
-2.298600673675537109e+00
-1.968777537345886230e+00
-2.923549413681030273e-01
-1.336090087890625000e+00
-5.964961051940917969e-01
-2.271612644195556641e+00
8.722045421600341797e-01
1.786187887191772461e+00
-4.170312881469726562e-01
1.148499727249145508e+00
7.368016242980957031e-01
-3.908248841762542725e-01
-7.139512300491333008e-01
8.642345666885375977e-01
