-8.785278797149658203e-01
-5.522964000701904297e-01
-3.648382723331451416e-01
-9.179154038429260254e-01
9.330024123191833496e-01
5.980952978134155273e-01
9.694924950599670410e-01
-7.174124717712402344e-01
-1.278162002563476562e+00
-1.167601823806762695e+00
6.352992057800292969e-01
-1.111496567726135254e+00
3.457737565040588379e-01
8.765939474105834961e-01
1.989245712757110596e-01
7.746891379356384277e-01
-7.611771821975708008e-01
9.065316319465637207e-01
8.790451288223266602e-01
9.787362813949584961e-01
3.016700267791748047e+00
-7.539815902709960938e-01
-1.542834401130676270e+00
-6.579918861389160156e-01
7.221591472625732422e-01
8.306590914726257324e-01
-7.133829593658447266e-01
4.685934484004974365e-01
-6.120649576187133789e-01
4.076954722404479980e-01
-1.904833436012268066e+00
7.008094191551208496e-01
-1.585883259773254395e+00
-8.049076795578002930e-01
-5.251375436782836914e-01
1.271722912788391113e+00
-2.448280811309814453e+00
6.106065511703491211e-01
1.990252256393432617e+00
-2.307064771652221680e+00
2.045724630355834961e+00
-7.701033353805541992e-02
-3.544218540191650391e+00
-1.524610817432403564e-01
1.181037425994873047e-01
-1.371833123266696930e-02
2.078645080327987671e-01
-1.951507627964019775e-01
4.326972644776105881e-03
-3.753584325313568115e-01
1.472937464714050293e+00
-7.473198324441909790e-02
2.209499835968017578e+00
-8.214297294616699219e-01
1.860624432563781738e+00
-9.274939894676208496e-01
1.819335818290710449e+00
1.907961815595626831e-01
-6.347270011901855469e-01
-1.645689725875854492e+00
1.632689237594604492e-01
