1.268862366676330566e+00
-1.462772190570831299e-01
-4.239501059055328369e-01
8.147984147071838379e-01
8.545130491256713867e-01
9.258821606636047363e-01
-1.056229948997497559e+00
8.513406515121459961e-01
9.672911167144775391e-01
-1.262320041656494141e+00
-4.633906781673431396e-01
1.642355620861053467e-01
-9.462527632713317871e-01
1.119878649711608887e+00
-1.674726486206054688e+00
-4.214346706867218018e-01
-4.554882049560546875e-01
-1.636873781681060791e-01
9.430142045021057129e-01
4.174699187278747559e-01
-7.147285938262939453e-01
-1.252705156803131104e-01
2.164636135101318359e+00
2.605791091918945312e+00
2.247277975082397461e+00
7.660205364227294922e-01
-9.471444487571716309e-01
-3.374180793762207031e+00
-2.208040237426757812e+00
-1.659405350685119629e+00
1.566440343856811523e+00
1.101957708597183228e-01
-1.784138560295104980e+00
-1.522785425186157227e+00
3.763173222541809082e-01
-1.718507766723632812e+00
-4.996435344219207764e-01
-1.004862561821937561e-01
-2.915045738220214844e+00
2.571397781372070312e+00
2.481628507375717163e-01
-6.063392758369445801e-01
-2.203787565231323242e+00
-1.041234493255615234e+00
-1.226217746734619141e+00
4.532409608364105225e-01
3.234433829784393311e-01
-2.044658899307250977e+00
-1.332548618316650391e+00
2.867054641246795654e-01
-2.651395320892333984e+00
1.455537915229797363e+00
1.104197144508361816e+00
-2.342761121690273285e-02
-9.599913656711578369e-02
-1.955363869667053223e+00
-2.267542183399200439e-01
-1.480042099952697754e+00
-1.648793816566467285e+00
1.433693528175354004e+00
-9.213511347770690918e-01
