3.463492691516876221e-01
-1.030522465705871582e+00
-6.590725183486938477e-01
-1.470180153846740723e+00
-1.103551506996154785e+00
9.459998607635498047e-01
-1.276585012674331665e-01
-5.474593639373779297e-01
6.655869483947753906e-01
-7.934660911560058594e-01
-1.261730939149856567e-01
3.290937244892120361e-01
-9.341952800750732422e-01
1.213480681180953979e-01
2.072054743766784668e-01
-4.669812917709350586e-01
7.924773693084716797e-01
-1.351694226264953613e+00
7.590276598930358887e-01
-6.190291643142700195e-01
1.503896355628967285e+00
-2.147663354873657227e+00
3.131008148193359375e-01
8.300344347953796387e-01
7.512509226799011230e-01
2.982863903045654297e+00
1.216905415058135986e-01
1.184515118598937988e+00
-1.138972043991088867e+00
1.773887276649475098e+00
-3.180767595767974854e-01
-1.331970810890197754e+00
2.672501802444458008e-01
2.561228908598423004e-02
8.040041327476501465e-01
2.267186164855957031e+00
-2.640283584594726562e+00
-1.481183767318725586e+00
-6.462879478931427002e-02
-7.693776488304138184e-01
2.546120405197143555e+00
1.863037467002868652e+00
-1.572261005640029907e-01
-6.238010246306657791e-03
-2.859139144420623779e-01
-1.566039562225341797e+00
-2.538978338241577148e+00
-2.370501458644866943e-01
-4.683941006660461426e-01
1.671949863433837891e+00
-3.432013094425201416e-01
9.909008145332336426e-01
3.962048292160034180e-01
2.444212913513183594e+00
5.287401676177978516e-01
-1.670535802841186523e+00
-1.957621812820434570e+00
5.590077042579650879e-01
6.420618295669555664e-01
-6.115130782127380371e-01
-2.528207600116729736e-01
