-1.549125671386718750e+00
-9.225065112113952637e-01
1.079588890075683594e+00
-1.019085884094238281e+00
9.601246714591979980e-01
9.069593548774719238e-01
1.284984111785888672e+00
1.271077513694763184e+00
1.151171684265136719e+00
-5.156621336936950684e-01
1.032343745231628418e+00
3.739247024059295654e-01
-1.583633303642272949e+00
1.276738286018371582e+00
-9.959418177604675293e-01
3.120667636394500732e-01
1.866662353277206421e-01
-2.172495722770690918e-01
-1.276851296424865723e+00
-2.254523187875747681e-01
3.296679854393005371e-01
-1.836122512817382812e+00
1.334952116012573242e+00
-6.414512991905212402e-01
-3.230992853641510010e-01
3.068561077117919922e+00
-1.247145771980285645e+00
2.118561714887619019e-01
-2.219279766082763672e+00
-1.617003083229064941e+00
2.668167352676391602e+00
1.752055048942565918e+00
5.662318468093872070e-01
-6.870799660682678223e-01
2.889451742172241211e+00
-1.443791508674621582e+00
4.875279590487480164e-02
-2.783895134925842285e-01
7.005774974822998047e-01
3.937290012836456299e-01
7.675811052322387695e-01
2.222875118255615234e+00
-1.747531145811080933e-01
2.593899369239807129e-01
-2.704270780086517334e-01
-2.787875890731811523e+00
-8.867084980010986328e-01
6.767230629920959473e-01
-2.004263401031494141e+00
-1.867399454116821289e+00
-1.388383388519287109e+00
2.910154104232788086e+00
-5.371999144554138184e-01
1.459252953529357910e+00
2.402412652969360352e+00
3.824931621551513672e+00
3.156022071838378906e+00
-3.162320375442504883e+00
1.167766809463500977e+00
-2.159546375274658203e+00
4.660887122154235840e-01
