5.954033136367797852e-01
-8.888134956359863281e-01
9.756926894187927246e-01
8.304111957550048828e-01
8.801661729812622070e-01
3.205096125602722168e-01
-9.362165331840515137e-01
3.659402132034301758e-01
8.757693171501159668e-01
5.866468548774719238e-01
8.918040990829467773e-01
-1.092021346092224121e+00
3.655205965042114258e-01
8.383976817131042480e-01
8.744642138481140137e-01
-1.002403616905212402e+00
-8.918647170066833496e-01
-2.802876830101013184e-01
2.959737479686737061e-01
3.916732370853424072e-01
-9.340306371450424194e-02
8.379514217376708984e-01
-1.211377620697021484e+00
5.845806598663330078e-01
-1.544395685195922852e+00
-1.192479252815246582e+00
5.748894810676574707e-01
1.441889882087707520e+00
2.081413984298706055e+00
6.843999028205871582e-01
2.274871021509170532e-01
1.016244411468505859e+00
1.992878556251525879e+00
2.861806869506835938e+00
3.534346222877502441e-01
-7.802865654230117798e-02
2.468243837356567383e+00
-1.139863610267639160e+00
-1.509361505508422852e+00
1.214300747960805893e-02
2.764571607112884521e-01
-3.214884400367736816e-01
-7.244278788566589355e-01
-1.248122379183769226e-02
-8.995319604873657227e-01
7.444466948509216309e-01
3.834406733512878418e-01
2.335676670074462891e+00
-1.344470739364624023e+00
-6.025054454803466797e-01
2.344961017370223999e-01
-4.474051892757415771e-01
1.285930752754211426e+00
-1.596101641654968262e+00
6.459902524948120117e-01
-6.718351691961288452e-02
1.447485208511352539e+00
-5.694145560264587402e-01
3.292248725891113281e+00
3.540077805519104004e-01
5.687211751937866211e-01
