-1.332445263862609863e+00
8.760090470314025879e-01
1.061939358711242676e+00
-3.061321973800659180e-01
1.110366582870483398e+00
8.834595978260040283e-02
3.554317951202392578e-01
-9.113565683364868164e-01
-1.108254194259643555e+00
9.010111093521118164e-01
9.141997694969177246e-01
3.824820816516876221e-01
1.053582787513732910e+00
9.398440122604370117e-01
3.399134278297424316e-01
1.214975237846374512e+00
-1.050503730773925781e+00
2.395134717226028442e-01
-1.607072114944458008e+00
2.729458212852478027e-01
-8.710326254367828369e-02
2.730270385742187500e+00
-6.978467702865600586e-01
1.170625329017639160e+00
-1.596120715141296387e+00
-4.695861637592315674e-01
1.837425947189331055e+00
-1.934785008430480957e+00
1.067200779914855957e+00
-8.317087888717651367e-01
2.322082594037055969e-02
1.897943496704101562e+00
7.127413749694824219e-01
-3.257051467895507812e+00
-1.905051112174987793e+00
-2.196395397186279297e-01
2.608956575393676758e+00
-3.418041765689849854e-01
-9.825083613395690918e-01
-1.019969463348388672e+00
-2.271984666585922241e-01
-1.607395887374877930e+00
-6.094322800636291504e-01
-2.497377395629882812e+00
-1.050335049629211426e+00
8.881502598524093628e-02
9.107441902160644531e-01
1.587381958961486816e+00
-1.006367564201354980e+00
8.074794709682464600e-02
-2.228397317230701447e-02
3.526482582092285156e+00
-5.665106698870658875e-02
-1.824230909347534180e+00
1.346222043037414551e+00
5.167655944824218750e-01
1.775512933731079102e+00
1.643582433462142944e-01
-1.799358576536178589e-01
2.598643541336059570e+00
1.345671117305755615e-01
