-7.232031226158142090e-01
-8.321165442466735840e-01
-7.345991134643554688e-01
4.419273436069488525e-01
1.336454868316650391e+00
-4.668473005294799805e-01
6.370719671249389648e-01
-8.863988518714904785e-01
1.123512387275695801e+00
9.677292108535766602e-01
-7.711669206619262695e-01
4.364930689334869385e-01
3.080634474754333496e-01
7.183132171630859375e-01
8.159201145172119141e-01
-6.413891911506652832e-01
-9.051015973091125488e-01
-1.065327405929565430e+00
7.413405776023864746e-01
-9.090202450752258301e-01
-2.589780330657958984e+00
-4.564744979143142700e-02
2.265568375587463379e-01
-1.784607291221618652e+00
2.328276038169860840e-01
-1.016519069671630859e+00
2.613953948020935059e-01
1.765386462211608887e+00
-2.869301736354827881e-01
-2.548532783985137939e-01
3.797796368598937988e-02
1.917847633361816406e+00
9.343100190162658691e-01
1.763284325599670410e+00
-2.553887367248535156e+00
-2.454815864562988281e+00
-2.507898211479187012e-01
-3.900242745876312256e-01
4.358201920986175537e-01
-9.269532561302185059e-01
2.954138994216918945e+00
1.613675355911254883e+00
-1.901125192642211914e+00
4.399959087371826172e+00
2.531014978885650635e-01
2.074409484863281250e+00
-2.375196963548660278e-01
1.716605901718139648e+00
9.046846628189086914e-01
-4.012248516082763672e-01
-2.435387670993804932e-01
3.299971580505371094e+00
2.411473035812377930e+00
-1.894801497459411621e+00
-2.266984224319458008e+00
-1.776174068450927734e+00
1.236220479011535645e+00
-1.733204007148742676e+00
-1.120381593704223633e+00
-1.456103086471557617e+00
-1.759337782859802246e-01
