-1.929568946361541748e-01
1.093853354454040527e+00
-5.444919466972351074e-01
6.821628212928771973e-01
3.795094043016433716e-02
5.013846158981323242e-01
-7.486581206321716309e-01
-7.670469284057617188e-01
1.127721667289733887e+00
2.342921197414398193e-01
4.635618925094604492e-01
-7.166032791137695312e-01
5.559901595115661621e-01
8.362671732902526855e-01
-5.801702141761779785e-01
9.009173512458801270e-01
-2.559675872325897217e-01
-1.143924951553344727e+00
8.381770849227905273e-01
6.221954822540283203e-01
-3.444226086139678955e-01
3.063014447689056396e-01
-4.928461611270904541e-01
2.101238518953323364e-01
5.422284603118896484e-01
2.062160491943359375e+00
2.517924547195434570e+00
-2.568132638931274414e+00
9.362416863441467285e-01
-3.420307338237762451e-01
-1.861300230026245117e+00
1.568720340728759766e+00
-1.874149888753890991e-01
1.845105290412902832e+00
9.407210350036621094e-01
-3.069972097873687744e-01
7.440460324287414551e-01
-7.086307406425476074e-01
-5.896957516670227051e-01
-9.559404253959655762e-01
-1.176723241806030273e+00
1.321357935667037964e-01
1.474831998348236084e-01
3.332713544368743896e-01
2.321055412292480469e+00
2.546545028686523438e+00
2.299946546554565430e+00
1.592146992683410645e+00
-5.889858007431030273e-01
1.250360488891601562e+00
2.467888355255126953e+00
1.509374976158142090e+00
-2.527105808258056641e-01
-1.667047023773193359e+00
4.622291028499603271e-01
-2.349010109901428223e-01
-1.573295831680297852e+00
-4.845139682292938232e-01
1.023023724555969238e+00
-4.797658920288085938e-01
-1.031830787658691406e+00
