8.424879312515258789e-01
5.700042843818664551e-01
4.839351773262023926e-01
3.740076124668121338e-01
8.092870712280273438e-01
-8.776862025260925293e-01
-4.396342933177947998e-01
3.565525412559509277e-01
4.921110868453979492e-01
4.000349342823028564e-01
8.396970629692077637e-01
-6.550357341766357422e-01
-4.811543822288513184e-01
3.882099986076354980e-01
6.255922913551330566e-01
4.970798194408416748e-01
4.164096713066101074e-01
-7.533103823661804199e-01
6.493416428565979004e-01
6.818878650665283203e-01
-2.044642448425292969e+00
-9.362846016883850098e-01
2.077331542968750000e+00
-1.276989579200744629e+00
2.135952472686767578e+00
-1.365067362785339355e+00
1.857105255126953125e+00
-1.110808849334716797e+00
-3.435377478599548340e-01
-1.371190071105957031e+00
-3.181662321090698242e+00
-4.851531088352203369e-01
3.651568293571472168e-01
-4.192866683006286621e-01
-2.378652989864349365e-02
-9.826966524124145508e-01
-6.824296712875366211e-01
2.453025102615356445e+00
-5.130068063735961914e-01
-1.855646967887878418e-01
-1.610780358314514160e+00
-2.543796300888061523e-01
3.161418437957763672e+00
9.471738338470458984e-01
-1.724293828010559082e+00
1.152321100234985352e+00
-2.075198650360107422e+00
9.156295061111450195e-01
-2.006424218416213989e-01
1.783306479454040527e+00
-1.906043171882629395e+00
3.535257279872894287e-01
2.622888386249542236e-01
3.117792308330535889e-02
-1.064404472708702087e-01
-3.632093966007232666e-01
5.875632762908935547e-01
1.695051074028015137e+00
8.137288689613342285e-01
1.374576568603515625e+00
-5.258558392524719238e-01
