8.407137989997863770e-01
6.586215496063232422e-01
4.830403923988342285e-01
4.449701011180877686e-01
-7.155012488365173340e-01
-7.321245670318603516e-01
-3.410121798515319824e-01
4.793744999915361404e-03
5.712615847587585449e-01
-2.660059630870819092e-01
-1.515895575284957886e-01
-6.732810735702514648e-01
-8.303437232971191406e-01
1.220480352640151978e-01
1.042136028409004211e-01
1.029407978057861328e+00
2.973210811614990234e-01
5.611836314201354980e-01
8.495030999183654785e-01
8.410935997962951660e-01
5.435027480125427246e-01
-1.741521835327148438e+00
-3.025034964084625244e-01
2.232195615768432617e+00
6.962843239307403564e-02
-2.046145200729370117e+00
4.904652535915374756e-01
-4.614836722612380981e-02
-9.402661919593811035e-01
-1.079835891723632812e+00
-4.944103658199310303e-01
-1.106804251670837402e+00
-4.208668470382690430e-01
-3.514345586299896240e-01
2.436484992504119873e-01
6.875994801521301270e-01
-1.464265465736389160e+00
2.406589984893798828e+00
5.058754086494445801e-01
7.512854784727096558e-02
-2.430224865674972534e-01
-1.997674584388732910e+00
-1.385296732187271118e-01
2.010358572006225586e+00
-5.510271191596984863e-01
1.963642477989196777e+00
5.359686017036437988e-01
1.493654102087020874e-01
-8.628653883934020996e-01
-3.169645309448242188e+00
-4.846539199352264404e-01
8.202592134475708008e-01
4.336408376693725586e-01
3.877624988555908203e+00
6.232592463493347168e-01
2.001605033874511719e-01
2.184923887252807617e+00
-1.987660408020019531e+00
4.103087186813354492e-01
3.853614330291748047e-01
2.234343886375427246e-01
