-1.067556262016296387e+00
-1.215621829032897949e+00
-1.839236319065093994e-01
-9.468640089035034180e-01
-5.318157672882080078e-01
1.168152213096618652e+00
1.027496337890625000e+00
-9.710910916328430176e-01
-1.211019158363342285e-01
-1.646501272916793823e-01
1.558224409818649292e-01
-1.149171441793441772e-01
1.105066180229187012e+00
1.082587480545043945e+00
-9.595999717712402344e-01
-6.862818598747253418e-01
-1.196323156356811523e+00
-1.049505472183227539e+00
1.290477961301803589e-01
1.198664665222167969e+00
2.819931030273437500e+00
-1.053679361939430237e-01
6.803584694862365723e-01
-3.270590543746948242e+00
-2.680296659469604492e+00
1.026444077491760254e+00
3.483734428882598877e-01
-1.424408793449401855e+00
-4.331423044204711914e-01
6.752053499221801758e-01
-4.896630346775054932e-01
-2.316472828388214111e-01
-1.924631953239440918e+00
2.729834079742431641e+00
3.492933511734008789e+00
2.952412605285644531e+00
-8.273332715034484863e-01
-1.445271134376525879e+00
-2.645106911659240723e-01
9.812930822372436523e-01
1.783680796623229980e+00
-3.903111517429351807e-01
-1.411915183067321777e+00
1.584528684616088867e+00
-2.467562437057495117e+00
2.088608026504516602e+00
5.960578322410583496e-01
1.085304856300354004e+00
-1.448588013648986816e+00
-1.197229027748107910e+00
1.871340394020080566e+00
-1.658028244972229004e+00
-1.233827114105224609e+00
-1.464196205139160156e+00
1.613132953643798828e+00
-1.795156359672546387e+00
8.587816953659057617e-01
2.851564884185791016e-01
1.541133165359497070e+00
-8.654787540435791016e-01
3.395243883132934570e-01
