-7.142615318298339844e-01
-3.497812151908874512e-01
-7.113998532295227051e-01
3.309283554553985596e-01
5.816363096237182617e-01
9.628293514251708984e-01
1.045514419674873352e-01
9.070724844932556152e-01
-4.762519896030426025e-01
2.632107734680175781e-01
3.995892703533172607e-01
7.649366855621337891e-01
1.669748723506927490e-01
-1.026746034622192383e+00
8.787589073181152344e-01
-2.142261564731597900e-01
-3.624063432216644287e-01
9.135351777076721191e-01
1.096310257911682129e+00
7.903809547424316406e-01
4.267454743385314941e-01
1.809227108955383301e+00
-1.238258242607116699e+00
-1.257304191589355469e+00
-1.159134984016418457e+00
2.010754346847534180e+00
2.185357809066772461e-01
2.888353824615478516e+00
6.025623679161071777e-01
3.960695862770080566e-01
2.196884393692016602e+00
-2.508525133132934570e+00
-5.075396895408630371e-01
1.811059862375259399e-01
-1.890668630599975586e+00
8.426713943481445312e-01
-1.900732994079589844e+00
-8.127778768539428711e-01
-9.855681061744689941e-01
-6.395381689071655273e-01
-5.285666584968566895e-01
-9.955816864967346191e-01
1.750043481588363647e-01
6.095340251922607422e-01
2.542168200016021729e-01
-9.259820580482482910e-01
2.946135103702545166e-01
-1.083258152008056641e+00
2.269062250852584839e-01
1.539508253335952759e-01
1.428159713745117188e+00
-1.862494468688964844e+00
1.815742373466491699e+00
-3.336402475833892822e-01
-1.305268883705139160e+00
-2.012902975082397461e+00
-9.692274332046508789e-01
1.177444607019424438e-01
-3.029085397720336914e-01
-1.203984916210174561e-01
3.303844928741455078e-01
