8.508509397506713867e-01
7.163929939270019531e-01
-2.861527204513549805e-01
-8.574546873569488525e-02
7.427300810813903809e-01
7.699088454246520996e-01
7.383179664611816406e-01
-6.898018717765808105e-02
2.256114035844802856e-01
-1.756547093391418457e-01
-7.869570851325988770e-01
-5.136216282844543457e-01
-7.350443601608276367e-01
-1.732868701219558716e-01
4.431397020816802979e-01
-2.384362667798995972e-01
7.235657572746276855e-01
-1.021672040224075317e-01
-4.030986726284027100e-01
1.071342155337333679e-01
2.452329158782958984e+00
-2.010657787322998047e+00
1.173011064529418945e+00
2.049406766891479492e-01
-7.846944928169250488e-01
1.303117394447326660e+00
-1.293645143508911133e+00
4.416365623474121094e-01
1.051395893096923828e+00
-9.969002604484558105e-01
2.848011732101440430e+00
7.538670897483825684e-01
7.778339385986328125e-01
9.907209873199462891e-01
-7.125986814498901367e-01
9.575066566467285156e-01
-1.428671956062316895e+00
-1.246229648590087891e+00
-1.162994187325239182e-02
-3.549497723579406738e-01
-1.308881759643554688e+00
-1.129669785499572754e+00
-1.320995330810546875e+00
-1.227503418922424316e+00
4.669981896877288818e-01
-1.978536844253540039e+00
-3.431822061538696289e-01
-9.846662282943725586e-01
2.571880340576171875e+00
-2.678190946578979492e+00
1.688950777053833008e+00
1.487904191017150879e-01
-3.555966615676879883e-01
-7.795396447181701660e-01
7.659587860107421875e-01
-1.088018894195556641e+00
-1.025813698768615723e+00
7.630869150161743164e-01
-1.048954725265502930e-01
1.193674445152282715e+00
-3.477778732776641846e-01
