1.119396448135375977e+00
-2.173117548227310181e-01
-8.877053856849670410e-01
-9.505276679992675781e-01
-5.005221962928771973e-01
1.101719856262207031e+00
-4.339850246906280518e-01
-9.192197918891906738e-01
1.030388832092285156e+00
3.982951641082763672e-01
-7.491226196289062500e-01
9.693790078163146973e-01
9.652495384216308594e-01
-4.589298069477081299e-01
-2.415902167558670044e-01
1.038751602172851562e+00
4.582122564315795898e-01
7.422837615013122559e-01
9.250057935714721680e-01
1.226593375205993652e+00
2.803947627544403076e-01
7.982001900672912598e-01
-8.882845044136047363e-01
1.321245670318603516e+00
-2.235703945159912109e+00
1.341206550598144531e+00
1.531606674194335938e+00
-2.130113601684570312e+00
3.012041151523590088e-01
1.771827459335327148e+00
2.742313779890537262e-02
-5.019378066062927246e-01
-1.151287913322448730e+00
1.940019369125366211e+00
1.178578138351440430e+00
-2.416449546813964844e+00
7.135261893272399902e-01
2.559789419174194336e+00
-3.112100124359130859e+00
1.582707166671752930e+00
9.858828037977218628e-02
-6.881622672080993652e-01
3.346198201179504395e-01
4.269088804721832275e-01
-1.789940237998962402e+00
1.422959685325622559e+00
-8.706210851669311523e-01
1.526084303855895996e+00
1.482274234294891357e-01
2.556021690368652344e+00
-4.934662580490112305e-01
4.636427760124206543e-01
-3.265331089496612549e-01
-2.299890041351318359e+00
-7.584360837936401367e-01
-1.424329757690429688e+00
6.434744596481323242e-01
-2.555601119995117188e+00
-1.670634508132934570e+00
-1.114189028739929199e+00
1.260444223880767822e-01
