3.551310300827026367e-01
-9.595173001289367676e-01
3.720796406269073486e-01
-6.620751619338989258e-01
3.921217024326324463e-01
-3.342517614364624023e-01
-7.607181072235107422e-01
-1.075386762619018555e+00
8.848130702972412109e-01
-3.787591159343719482e-01
-3.813669085502624512e-01
-6.904487609863281250e-01
-4.030154943466186523e-01
-4.780482351779937744e-01
7.381622791290283203e-01
1.002626419067382812e+00
3.818136155605316162e-01
-7.302762866020202637e-01
7.729328274726867676e-01
-1.029746413230895996e+00
-9.864334464073181152e-01
1.693431854248046875e+00
-6.777448058128356934e-01
-8.387160897254943848e-01
-1.169981479644775391e+00
3.318372964859008789e-01
2.682973146438598633e+00
1.309583783149719238e+00
-2.239260435104370117e+00
-8.549761772155761719e-01
-1.760874986648559570e+00
2.008370012044906616e-01
-4.828485846519470215e-01
2.480481386184692383e+00
2.155436754226684570e+00
1.490979909896850586e+00
2.648352682590484619e-01
-1.317035675048828125e+00
-1.214688897132873535e+00
-7.458130121231079102e-01
1.024894118309020996e+00
1.148089051246643066e+00
9.317357540130615234e-01
-2.446040660142898560e-01
9.940468072891235352e-01
-1.561379313468933105e+00
1.800911784172058105e+00
5.256951451301574707e-01
-1.577416539192199707e+00
-4.160826802253723145e-01
-2.416535854339599609e+00
4.820639789104461670e-01
-4.942705631256103516e-01
-1.227200269699096680e+00
-1.733842253684997559e+00
-2.998698055744171143e-01
4.243409633636474609e-01
1.304734230041503906e+00
1.177440166473388672e+00
5.085720494389533997e-02
-1.892680227756500244e-01
