7.919033765792846680e-01
-8.869581222534179688e-01
8.358432054519653320e-01
6.574962139129638672e-01
2.757852431386709213e-03
1.017517924308776855e+00
-5.038235783576965332e-01
7.113936543464660645e-01
9.660993814468383789e-01
-8.170834183692932129e-01
-6.356540918350219727e-01
-5.076963901519775391e-01
-5.024923086166381836e-01
7.277339696884155273e-01
7.105161547660827637e-01
8.718205094337463379e-01
-6.789942979812622070e-01
1.516713947057723999e-01
-6.860932111740112305e-01
4.637420177459716797e-01
1.631130576133728027e+00
3.125600099563598633e+00
-8.292822241783142090e-01
4.704537987709045410e-01
-6.178051829338073730e-01
1.256831437349319458e-01
-2.019693851470947266e+00
2.010353565216064453e+00
-2.381548166275024414e+00
4.172328412532806396e-01
1.349968314170837402e-01
2.051012754440307617e+00
1.624082326889038086e+00
-4.426878392696380615e-01
-7.647191882133483887e-01
-1.317220807075500488e+00
-2.381884574890136719e+00
1.291124057024717331e-02
-1.004722267389297485e-01
9.962329268455505371e-01
-1.331445097923278809e+00
2.120299577713012695e+00
-3.324398994445800781e-01
-4.367861151695251465e-01
-6.909037232398986816e-01
3.435294330120086670e-01
-3.567027330398559570e+00
-1.204015851020812988e+00
-1.608606576919555664e+00
-9.674474596977233887e-02
-5.836641788482666016e-01
-1.782987117767333984e+00
-1.983792424201965332e+00
-2.874642610549926758e-01
1.308239698410034180e+00
-1.086633443832397461e+00
1.697548747062683105e+00
1.900200486183166504e+00
-3.283488005399703979e-02
5.415310859680175781e-01
-6.900095939636230469e-01
