-2.915743552148342133e-02
9.698919057846069336e-01
1.298208832740783691e+00
-4.656785130500793457e-01
-7.857688665390014648e-01
-8.800221085548400879e-01
1.205430850386619568e-01
1.924420297145843506e-01
4.918025135993957520e-01
-3.647532463073730469e-01
5.078030824661254883e-01
-1.375433206558227539e-01
-9.913501739501953125e-01
2.627853751182556152e-01
-6.057801842689514160e-01
9.451920986175537109e-01
-6.552472114562988281e-01
-9.023447632789611816e-01
8.304873704910278320e-01
8.449798822402954102e-01
2.472904324531555176e-01
-1.285486340522766113e+00
1.157065033912658691e+00
-2.213923454284667969e+00
-2.061242818832397461e+00
-2.401144504547119141e+00
4.549248814582824707e-01
-1.711980819702148438e+00
-1.782910823822021484e+00
-1.617310762405395508e+00
2.243026256561279297e+00
-3.004779219627380371e-01
-5.757649987936019897e-02
9.134187102317810059e-01
2.367328166961669922e+00
1.587710142135620117e+00
-1.086296796798706055e+00
2.850458860397338867e+00
-1.757487297058105469e+00
3.191862583160400391e+00
-1.704491138458251953e+00
-5.428759455680847168e-01
4.035156965255737305e-01
-1.612140536308288574e+00
9.025404453277587891e-01
2.083319902420043945e+00
6.654645204544067383e-01
1.266528606414794922e+00
2.981080532073974609e+00
-1.295508384704589844e+00
1.711025118827819824e+00
-6.111534833908081055e-01
-1.027534008026123047e+00
1.390807628631591797e+00
-1.551931858062744141e+00
-6.401793956756591797e-01
-8.882616162300109863e-01
1.748396635055541992e+00
-2.761594772338867188e+00
-2.395611047744750977e+00
6.925542354583740234e-01
