1.429460644721984863e+00
-1.220648288726806641e+00
9.134286046028137207e-01
-9.248340129852294922e-01
3.941979706287384033e-01
-1.491711735725402832e-01
-1.088845372200012207e+00
1.108806848526000977e+00
2.938640713691711426e-01
1.182767271995544434e+00
1.058009505271911621e+00
1.155482411384582520e+00
3.262794911861419678e-01
-1.340270042419433594e-01
-1.680798232555389404e-01
1.131117224693298340e+00
-4.506007730960845947e-01
-1.361107468605041504e+00
-3.363575935363769531e-01
-8.751035928726196289e-01
1.439014077186584473e+00
-4.659533500671386719e-01
-2.946827650070190430e+00
-3.037157535552978516e+00
1.631360054016113281e+00
5.649375319480895996e-01
-2.100761413574218750e+00
2.571906089782714844e+00
5.985766649246215820e-01
-4.699379503726959229e-01
7.240793108940124512e-01
-2.544967889785766602e+00
-1.596208333969116211e+00
-2.765145301818847656e-01
-5.938621163368225098e-01
-1.441342473030090332e+00
1.983319282531738281e+00
-2.701656222343444824e-01
-1.318685293197631836e+00
1.526655405759811401e-01
-3.939528763294219971e-01
-4.050728082656860352e-01
-2.338324546813964844e+00
2.528553724288940430e+00
1.624009490013122559e+00
-2.422734260559082031e+00
9.884719848632812500e-01
-1.160816073417663574e+00
3.768568933010101318e-01
-1.347916424274444580e-01
-7.015216350555419922e-02
-1.522128105163574219e+00
1.455406308174133301e+00
-3.756902694702148438e+00
-2.657495498657226562e+00
-7.167450189590454102e-01
-1.662712931632995605e+00
2.281561493873596191e-01
-9.537980556488037109e-01
-7.186330556869506836e-01
-2.553188204765319824e-01
