-8.776324391365051270e-01
-1.120942234992980957e+00
-1.246552228927612305e+00
2.423761636018753052e-01
1.660724729299545288e-01
1.014640688896179199e+00
9.120628833770751953e-01
8.249124288558959961e-01
-6.950464844703674316e-01
-7.556450963020324707e-01
3.585312962532043457e-01
-8.904200792312622070e-01
-7.801278233528137207e-01
1.472454965114593506e-01
-7.418214678764343262e-01
-3.121969699859619141e-01
7.467553615570068359e-01
2.516857981681823730e-01
-8.456537127494812012e-01
-1.092555046081542969e+00
2.964461743831634521e-01
-2.087427139282226562e+00
-1.184432148933410645e+00
1.056791067123413086e+00
-2.988120913505554199e-01
-2.166743755340576172e+00
2.621794462203979492e+00
-2.691938877105712891e-01
4.674087464809417725e-01
-8.409949392080307007e-02
-1.578128695487976074e+00
2.973753452301025391e+00
8.715652227401733398e-01
4.028540551662445068e-01
-4.222703278064727783e-01
1.268807291984558105e+00
-6.600088477134704590e-01
1.104599237442016602e+00
1.320954799652099609e+00
5.074363350868225098e-01
2.936101555824279785e-01
1.426746964454650879e+00
4.925584495067596436e-01
2.899718761444091797e+00
1.339552998542785645e+00
-1.962626814842224121e+00
-2.165551662445068359e+00
-4.185560345649719238e-01
8.740681409835815430e-01
-1.373632788658142090e+00
2.319743156433105469e+00
2.570456743240356445e+00
7.925321459770202637e-01
1.205851912498474121e+00
1.291488260030746460e-01
-1.719034314155578613e+00
-7.319065928459167480e-01
2.802628755569458008e+00
-1.835790038108825684e+00
-1.149383544921875000e+00
-1.436244606971740723e+00
