9.987368583679199219e-01
1.296253800392150879e+00
1.075329065322875977e+00
1.116501688957214355e+00
-1.821857541799545288e-01
3.383210599422454834e-01
6.611906886100769043e-01
-1.095338821411132812e+00
-8.032241463661193848e-01
-3.139137029647827148e-01
-2.393309473991394043e-01
-8.030545711517333984e-01
3.698962628841400146e-01
-1.045591473579406738e+00
8.816324472427368164e-01
3.157989382743835449e-01
-7.790554165840148926e-01
1.191790699958801270e+00
-5.829719305038452148e-01
-8.022659420967102051e-01
7.138055562973022461e-01
1.332114577293395996e+00
7.259898781776428223e-01
5.154303312301635742e-01
-8.889760375022888184e-01
-1.612712740898132324e+00
3.223180770874023438e-01
-2.172525525093078613e-01
2.171619176864624023e+00
1.353031992912292480e+00
6.041167974472045898e-01
1.753503322601318359e+00
-1.814518928527832031e+00
-1.939258217811584473e+00
2.519613265991210938e+00
1.216583609580993652e+00
1.898874640464782715e-01
-1.207461118698120117e+00
-1.713010072708129883e-01
2.837121009826660156e+00
-2.536320686340332031e-02
-3.659365475177764893e-01
1.182100176811218262e-01
-1.522037982940673828e-01
-2.846715450286865234e+00
1.094130039215087891e+00
2.035723626613616943e-01
1.671672761440277100e-01
8.654620051383972168e-01
-1.060666561126708984e+00
-5.016907453536987305e-01
9.093231558799743652e-01
1.341678142547607422e+00
1.130718588829040527e+00
-1.614495277404785156e+00
2.222762346267700195e+00
-6.422265172004699707e-01
1.259750965982675552e-02
-3.296223282814025879e-01
1.456649184226989746e+00
-7.849261760711669922e-01
