1.297681033611297607e-01
8.313311934471130371e-01
1.037567615509033203e+00
1.043465137481689453e+00
8.154526352882385254e-01
9.769310355186462402e-01
2.259014993906021118e-01
-8.661921024322509766e-01
-1.013403654098510742e+00
-9.906136989593505859e-01
8.106033802032470703e-01
-7.199910879135131836e-01
-9.406009316444396973e-01
-7.092354297637939453e-01
-6.225200891494750977e-01
-3.089182674884796143e-01
-1.934413909912109375e-01
-8.570851087570190430e-01
8.807802200317382812e-01
-6.115263104438781738e-01
9.736576676368713379e-01
-6.677150726318359375e-01
-1.178843498229980469e+00
6.579563021659851074e-01
-2.437037944793701172e+00
2.448454350233078003e-01
3.871200084686279297e-01
-1.871954560279846191e+00
-5.996558070182800293e-01
1.033401608467102051e+00
6.015523076057434082e-01
-3.675254881381988525e-01
-4.907297492027282715e-01
-1.466742157936096191e+00
-1.876516580581665039e+00
1.625672459602355957e+00
-5.382466316223144531e-01
1.842956662178039551e+00
2.823774576187133789e+00
-7.547464370727539062e-01
2.810844898223876953e+00
3.166135549545288086e-01
-1.176372170448303223e+00
2.821056544780731201e-01
-1.400535821914672852e+00
-4.782859608530998230e-02
2.360657215118408203e+00
1.374308109283447266e+00
2.787348628044128418e-01
-7.500644326210021973e-01
-1.042594313621520996e+00
-4.446182847023010254e-01
-6.313015222549438477e-01
1.071672439575195312e+00
-1.413449883460998535e+00
-3.353269338607788086e+00
-2.842520713806152344e+00
1.350850224494934082e+00
-2.010251522064208984e+00
1.199288815259933472e-01
-9.840731024742126465e-01
