1.125433325767517090e+00
-2.670472562313079834e-01
3.751133382320404053e-01
-2.535640001296997070e-01
-1.845061630010604858e-01
2.140146732330322266e+00
-1.097735166549682617e+00
4.011328220367431641e-01
-6.041839122772216797e-01
-1.026733875274658203e+00
-1.292982697486877441e+00
9.210933446884155273e-01
-8.603623509407043457e-01
-1.047677397727966309e+00
-1.158390641212463379e+00
-1.113424971699714661e-01
-3.331889212131500244e-01
1.061806440353393555e+00
-9.686247706413269043e-01
1.231407046318054199e+00
-1.129991292953491211e+00
1.046088933944702148e+00
5.676155444234609604e-03
9.563417434692382812e-01
5.029332041740417480e-01
1.712591797113418579e-01
-1.392019748687744141e+00
1.463813781738281250e+00
-6.126849912106990814e-03
-2.375889301300048828e+00
1.027173161506652832e+00
3.080391168594360352e+00
-5.387600660324096680e-01
-9.242241382598876953e-01
1.053223013877868652e+00
-4.553460180759429932e-01
1.477168083190917969e+00
-2.511021852493286133e+00
3.320928573608398438e+00
-8.089725375175476074e-01
-1.067851781845092773e+00
-1.494495391845703125e+00
3.399965763092041016e-01
-1.222570776939392090e+00
-2.723700523376464844e+00
7.088681310415267944e-02
1.132157206535339355e+00
3.667135238647460938e+00
-2.496495842933654785e-01
1.966575026512145996e+00
-1.685054183006286621e+00
-1.867641210556030273e+00
3.523603379726409912e-01
-5.467939376831054688e-01
8.290585875511169434e-01
-3.083612918853759766e+00
-7.951151728630065918e-01
-1.791976571083068848e+00
1.821311593055725098e+00
-3.318050205707550049e-01
-1.854163408279418945e-01
