-1.232457876205444336e+00
-1.529131531715393066e-01
5.828079581260681152e-01
1.032234132289886475e-01
8.134409040212631226e-02
1.222323298454284668e+00
9.959917664527893066e-01
-5.003058314323425293e-01
-7.742575407028198242e-01
7.340657711029052734e-01
1.044235110282897949e+00
-1.064865231513977051e+00
-4.527397453784942627e-01
-8.531578779220581055e-01
1.238451838493347168e+00
-1.976789385080337524e-01
7.752983570098876953e-01
8.463749885559082031e-01
-8.457728624343872070e-01
1.431047797203063965e+00
1.307219862937927246e-01
-5.587419867515563965e-01
-2.395318269729614258e+00
-5.458502173423767090e-01
1.273902971297502518e-02
-2.777266204357147217e-01
6.843915581703186035e-01
1.428372502326965332e+00
-2.427805900573730469e+00
1.561506152153015137e+00
-8.512907028198242188e-01
-5.619789361953735352e-01
-2.199900627136230469e+00
1.511925339698791504e+00
3.049308955669403076e-01
6.015697717666625977e-01
-2.785641193389892578e+00
-7.901341915130615234e-01
2.278932094573974609e+00
-1.600761413574218750e-01
1.955688148736953735e-01
-8.507529497146606445e-01
1.300965428352355957e+00
2.367654800415039062e+00
2.712148666381835938e+00
-4.651003181934356689e-01
-5.751574039459228516e-01
-2.378555297851562500e+00
1.578752994537353516e+00
-1.841516971588134766e+00
9.216602444648742676e-01
-1.260232090950012207e+00
-2.299936771392822266e+00
1.395128130912780762e+00
-3.323032855987548828e-01
-2.586681604385375977e+00
-2.066786050796508789e+00
-9.086155295372009277e-01
2.303016901016235352e+00
7.147641777992248535e-01
7.577860951423645020e-01
