-3.436760008335113525e-01
-3.763576447963714600e-01
1.560128629207611084e-01
-6.687961220741271973e-01
-1.882870793342590332e-01
8.450295925140380859e-01
7.541857361793518066e-01
4.052748680114746094e-01
1.065174341201782227e+00
-9.577744007110595703e-01
7.844263911247253418e-01
-7.889859080314636230e-01
-8.497180342674255371e-01
-4.532926380634307861e-01
-8.858115077018737793e-01
1.704844832420349121e-01
2.129554301500320435e-01
-7.298898696899414062e-01
8.725879192352294922e-01
9.846332669258117676e-01
-1.472856998443603516e+00
1.416332483291625977e+00
-7.210233211517333984e-01
2.910798788070678711e-01
6.933845281600952148e-01
-9.554812312126159668e-01
-1.356925845146179199e+00
-1.424327611923217773e+00
2.210348844528198242e+00
2.181150674819946289e+00
-1.594163775444030762e-01
1.207197234034538269e-01
-2.712339401245117188e+00
-2.164520263671875000e+00
2.948652505874633789e+00
3.208515942096710205e-01
-1.016257286071777344e+00
-8.511621356010437012e-01
-5.489673614501953125e-01
-1.691489517688751221e-01
-1.780926227569580078e+00
-1.474891781806945801e+00
2.208413600921630859e+00
3.375004529953002930e-01
-7.871930003166198730e-01
-4.335274994373321533e-01
-5.664107799530029297e-01
1.178957581520080566e+00
-1.205234646797180176e+00
1.775594830513000488e+00
1.277264300733804703e-02
-1.057822704315185547e+00
2.458344936370849609e+00
-1.848807692527770996e+00
2.122662305831909180e+00
1.209497570991516113e+00
2.156431436538696289e+00
2.379517555236816406e-01
-2.574726939201354980e-01
4.622052907943725586e-01
1.222125411033630371e+00
