9.897956848144531250e-01
8.212351799011230469e-01
-8.195303082466125488e-01
-8.063327074050903320e-01
3.608095347881317139e-01
-1.100432425737380981e-01
-1.078408360481262207e+00
-1.099536180496215820e+00
9.203078150749206543e-01
4.642286598682403564e-01
5.538945794105529785e-01
4.757630527019500732e-01
4.422113895416259766e-01
-9.185431003570556641e-01
1.138199210166931152e+00
-8.046593070030212402e-01
8.244591951370239258e-01
6.874304413795471191e-01
-5.274348855018615723e-01
-7.179142236709594727e-01
4.574755728244781494e-01
-8.416443467140197754e-01
-1.792005181312561035e+00
-2.835799694061279297e+00
1.126861929893493652e+00
-3.584186434745788574e-01
7.343216538429260254e-01
-4.047884345054626465e-01
9.282718598842620850e-02
-2.263387203216552734e+00
-1.538470864295959473e+00
1.799470305442810059e+00
1.858274459838867188e+00
2.013941287994384766e+00
-8.702109456062316895e-01
-2.258511632680892944e-01
-2.541292667388916016e+00
-7.383375763893127441e-01
-8.599838241934776306e-03
-1.989816308021545410e+00
-1.066008508205413818e-01
-3.910478651523590088e-01
1.665128588676452637e+00
1.871469140052795410e+00
1.244658350944519043e+00
-3.621448576450347900e-01
2.248371094465255737e-01
6.989011913537979126e-02
1.011908054351806641e+00
2.889529466629028320e+00
1.010084509849548340e+00
1.713483691215515137e+00
2.394038677215576172e+00
1.222492933273315430e+00
4.997694492340087891e-01
-1.329360902309417725e-01
-1.736572265625000000e+00
-6.228745579719543457e-01
-8.473562598228454590e-01
1.346115946769714355e+00
1.688097268342971802e-01
