-1.554295778274536133e+00
9.210603833198547363e-01
-5.489543080329895020e-01
8.407068252563476562e-01
2.928643822669982910e-01
9.491386413574218750e-01
-1.163348332047462463e-01
9.159883260726928711e-01
1.399272441864013672e+00
-7.761032879352569580e-02
-9.880844950675964355e-01
4.892397820949554443e-01
3.248743116855621338e-01
-8.789184689521789551e-01
-6.618553400039672852e-01
-9.815469980239868164e-01
-9.130492806434631348e-01
1.715468049049377441e+00
1.151375055313110352e+00
5.782420635223388672e-01
1.800447553396224976e-01
8.294239640235900879e-01
-1.519914031028747559e+00
1.519247293472290039e+00
5.563277378678321838e-02
-3.125000000000000000e+00
-1.215207457542419434e+00
3.132254362106323242e+00
-7.471218705177307129e-01
-3.542392328381538391e-02
2.662861049175262451e-01
1.691527962684631348e+00
-1.341282606124877930e+00
-1.197973012924194336e+00
-1.771019935607910156e+00
2.118097782135009766e+00
-2.225162029266357422e+00
6.807124614715576172e-01
-6.624740958213806152e-01
-3.192974925041198730e-01
-2.657603025436401367e-01
6.012879610061645508e-01
-3.961187005043029785e-01
-7.772924900054931641e-01
4.424216151237487793e-01
-1.365325212478637695e+00
-5.457450151443481445e-01
-1.602347731590270996e+00
-2.027545869350433350e-01
-4.317358434200286865e-01
4.170047119259834290e-03
3.997186422348022461e+00
3.573746681213378906e+00
4.992973208427429199e-01
8.629383444786071777e-01
1.346188426017761230e+00
1.138841271400451660e+00
-3.366312757134437561e-02
3.228034377098083496e-01
-1.027612537145614624e-01
1.073310002684593201e-01
