-3.248110711574554443e-01
-6.189352273941040039e-01
-8.625835180282592773e-01
8.578609824180603027e-01
-8.285999894142150879e-01
-1.104515194892883301e+00
-1.170562267303466797e+00
-9.323312640190124512e-01
-8.901249170303344727e-01
-5.448128581047058105e-01
5.012215971946716309e-01
-1.405818462371826172e-01
1.286069154739379883e+00
-9.316100478172302246e-01
-1.803007870912551880e-01
-1.061809420585632324e+00
2.517834007740020752e-01
-1.681395530700683594e+00
-8.904947042465209961e-01
2.200320512056350708e-01
1.569638371467590332e+00
9.567797929048538208e-02
2.829691171646118164e+00
-5.899281501770019531e-01
1.903376936912536621e+00
-2.422874450683593750e+00
1.569930195808410645e+00
2.742191791534423828e+00
2.569382488727569580e-01
6.468880176544189453e-01
2.611129999160766602e+00
-1.033639311790466309e+00
4.090742588043212891e+00
2.521163940429687500e+00
1.249494433403015137e+00
8.958632349967956543e-01
-1.084967494010925293e+00
-2.129881620407104492e+00
2.653866529464721680e+00
1.191569209098815918e+00
-2.398086309432983398e+00
-6.563640236854553223e-01
2.323775053024291992e+00
5.216987729072570801e-01
9.715100526809692383e-01
1.393372654914855957e+00
2.122131884098052979e-01
-3.011038780212402344e+00
-3.819761276245117188e-01
3.180495500564575195e-01
2.148931026458740234e+00
-2.520686201751232147e-02
-6.029964089393615723e-01
1.803232550621032715e+00
-1.667965292930603027e+00
4.989087209105491638e-02
2.131798267364501953e+00
2.280053496360778809e-01
1.286930322647094727e+00
1.068555831909179688e+00
9.716148972511291504e-01
