-2.239933609962463379e-01
8.455030322074890137e-01
-9.535950422286987305e-01
-7.787728309631347656e-01
-1.160382330417633057e-01
7.249391674995422363e-01
-1.520980298519134521e-01
-8.324281573295593262e-01
-5.950604081153869629e-01
-1.177702248096466064e-01
-8.642115592956542969e-01
1.703266054391860962e-01
1.945593357086181641e-01
-1.313597857952117920e-01
-2.221468836069107056e-01
8.811644315719604492e-01
9.519746899604797363e-01
-3.923961222171783447e-01
6.827879548072814941e-01
8.950756788253784180e-01
9.173710346221923828e-01
-1.719928622245788574e+00
1.896745711565017700e-02
-7.883586287498474121e-01
-6.539936065673828125e-01
-2.315553903579711914e+00
-3.729357421398162842e-01
-2.646310567855834961e+00
-2.618508934974670410e-01
-2.836897671222686768e-01
-1.737180352210998535e+00
-4.321626722812652588e-01
-6.583734154701232910e-01
1.784105747938156128e-01
4.868218004703521729e-01
-6.842408180236816406e-01
-2.645494341850280762e-01
-1.262892007827758789e+00
3.978866338729858398e-02
7.076940536499023438e-01
-1.771644592285156250e+00
-1.232084751129150391e+00
-2.259051948785781860e-01
2.210972458124160767e-01
-2.063900947570800781e+00
-2.171433210372924805e+00
-1.431926488876342773e+00
1.658312559127807617e+00
2.725614309310913086e-01
-1.740071892738342285e+00
1.483136057853698730e+00
1.263998389244079590e+00
1.940286517143249512e+00
-3.056238889694213867e-01
-1.327101588249206543e-01
-2.800736129283905029e-01
2.033872753381729126e-01
-1.209290981292724609e+00
-2.146050781011581421e-01
-3.627564758062362671e-02
-3.384924530982971191e-01
