7.382231354713439941e-01
9.630483388900756836e-01
-4.118274748325347900e-01
7.706871628761291504e-01
8.904631733894348145e-01
3.786365091800689697e-01
1.115294337272644043e+00
-5.557942390441894531e-02
-4.009256958961486816e-01
8.566672801971435547e-01
7.593040466308593750e-01
6.454558968544006348e-01
8.790965080261230469e-01
8.576710224151611328e-01
-7.670238614082336426e-01
-7.647649049758911133e-01
7.868487238883972168e-01
-8.594741225242614746e-01
7.750577926635742188e-01
7.207582592964172363e-01
1.220421791076660156e+00
8.838287554681301117e-03
2.257677555084228516e+00
-5.073276162147521973e-01
-1.741381645202636719e+00
1.795500636100769043e+00
4.614063799381256104e-01
2.793411314487457275e-01
-1.056835174560546875e+00
-2.383864641189575195e+00
-8.844183757901191711e-03
-1.993956714868545532e-01
8.629705905914306641e-01
-1.274022102355957031e+00
-1.195275425910949707e+00
-8.365017175674438477e-02
2.345362901687622070e+00
-2.135473638772964478e-01
-1.030130386352539062e-01
-1.342971444129943848e+00
-1.089328885078430176e+00
2.145217508077621460e-01
-2.986198425292968750e+00
-3.895706534385681152e-01
-1.374609947204589844e+00
2.948980569839477539e+00
-1.191050559282302856e-01
-9.485831260681152344e-01
-1.031211137771606445e+00
-1.600014567375183105e+00
2.263251394033432007e-01
1.758565902709960938e-01
9.976338744163513184e-01
-7.354825735092163086e-01
8.284516334533691406e-01
4.358303546905517578e-01
-2.000266551971435547e+00
1.063276976346969604e-01
1.302041053771972656e+00
1.818491935729980469e+00
6.795943379402160645e-01
