-4.274809658527374268e-01
1.094445943832397461e+00
-1.160039186477661133e+00
-8.460696935653686523e-01
5.203581973910331726e-02
8.888963460922241211e-01
8.987484574317932129e-01
-5.846896171569824219e-01
-5.522665977478027344e-01
-7.493105530738830566e-01
-6.412101387977600098e-01
4.272216558456420898e-01
1.262632369995117188e+00
7.790805101394653320e-01
1.131823897361755371e+00
-9.823915362358093262e-01
-6.626619696617126465e-01
-8.586466312408447266e-01
5.364999175071716309e-01
-4.378621280193328857e-01
-1.119019269943237305e+00
1.134014129638671875e-01
-6.313473582267761230e-01
-1.163870692253112793e+00
2.668787539005279541e-01
5.084200501441955566e-01
2.258001804351806641e+00
-2.738602876663208008e+00
-8.950676918029785156e-01
-4.581724107265472412e-01
-9.128245115280151367e-01
4.212695956230163574e-01
-5.569083094596862793e-01
2.828898906707763672e+00
6.902397871017456055e-01
-2.574066519737243652e-01
1.659189820289611816e+00
-1.770277172327041626e-01
-2.303284645080566406e+00
-9.875133633613586426e-01
-9.585909247398376465e-01
2.052206695079803467e-01
-2.617762088775634766e-01
-7.824494838714599609e-01
-2.254201471805572510e-01
-3.926269337534904480e-02
-1.521557450294494629e+00
-3.199316501617431641e+00
8.544161319732666016e-01
2.142008394002914429e-01
4.747705161571502686e-01
-6.551230549812316895e-01
6.131421923637390137e-01
-2.107950925827026367e+00
6.076123118400573730e-01
-4.475457966327667236e-01
3.161167144775390625e+00
9.220544248819351196e-02
3.506144523620605469e+00
-9.219879508018493652e-01
2.218538820743560791e-01
