9.592076539993286133e-01
-8.980878591537475586e-01
7.687791585922241211e-01
8.567942380905151367e-01
-1.453772306442260742e+00
3.516233265399932861e-01
-1.561637073755264282e-01
1.125962615013122559e+00
5.181469321250915527e-01
7.596850991249084473e-01
-8.336880803108215332e-01
-1.017575263977050781e+00
9.404984712600708008e-01
-9.597096443176269531e-01
7.879655361175537109e-01
-3.377344906330108643e-01
1.103995084762573242e+00
-2.070575505495071411e-01
3.239059448242187500e-01
8.495476841926574707e-01
-2.465963840484619141e+00
3.251385211944580078e+00
-1.282341361045837402e+00
1.708224713802337646e-01
-1.038933634757995605e+00
-1.764365077018737793e+00
-7.925321459770202637e-01
-6.045191287994384766e-01
1.703655004501342773e+00
9.686497449874877930e-01
2.154349237680435181e-01
-2.358693599700927734e+00
5.266718864440917969e-01
-4.422542750835418701e-01
1.039171338081359863e+00
1.672103166580200195e+00
7.747565507888793945e-01
4.031411707401275635e-01
1.692396402359008789e+00
2.772294759750366211e+00
-1.636582970619201660e+00
1.857549190521240234e+00
-6.669454574584960938e-01
3.617660999298095703e-01
-2.436105310916900635e-01
2.152566194534301758e+00
-1.698005318641662598e+00
3.049187362194061279e-01
1.933533668518066406e+00
-7.025428414344787598e-01
-7.264761328697204590e-01
1.413082361221313477e+00
-3.381264954805374146e-02
-9.500500559806823730e-02
-8.086158633232116699e-01
-2.052106618881225586e+00
-1.063722372055053711e-01
-1.651246905326843262e+00
3.270336151123046875e+00
-2.328392267227172852e+00
-8.123820424079895020e-01
