-6.602472066879272461e-01
-6.935054063796997070e-01
4.684447050094604492e-01
6.909381747245788574e-01
6.172050833702087402e-01
-6.530924439430236816e-01
-4.373291730880737305e-01
3.467786312103271484e-01
-6.582146883010864258e-01
-5.834165215492248535e-01
-4.922280311584472656e-01
-9.270164966583251953e-01
-1.120308399200439453e+00
2.892125770449638367e-02
-7.794670462608337402e-01
6.962149143218994141e-01
-1.069323420524597168e+00
-8.349514603614807129e-01
8.687889575958251953e-01
6.523449420928955078e-01
1.154031515121459961e+00
-1.430260092020034790e-01
-2.214839696884155273e+00
-6.988840103149414062e-01
1.525426745414733887e+00
6.797378063201904297e-01
-2.326451539993286133e+00
1.104257464408874512e+00
6.353430747985839844e-01
-2.730944454669952393e-01
-2.413318157196044922e+00
6.813154220581054688e-01
-1.676984131336212158e-02
-3.584454059600830078e-01
2.130255222320556641e+00
1.915651410818099976e-01
4.817888438701629639e-01
7.440776228904724121e-01
7.335286140441894531e-01
2.167676925659179688e+00
9.525359869003295898e-01
8.315944671630859375e-02
3.223635911941528320e+00
-4.996801018714904785e-01
-1.070149779319763184e+00
5.227847099304199219e-01
-2.230158805847167969e+00
-1.055380463600158691e+00
-7.230751514434814453e-01
3.153142631053924561e-01
-2.008004188537597656e+00
-1.011364221572875977e+00
-6.040618419647216797e-01
1.483549714088439941e+00
1.684818625450134277e+00
-2.512820959091186523e-01
-2.000629901885986328e-01
4.733375608921051025e-01
1.706566214561462402e+00
-2.008850574493408203e+00
4.901698827743530273e-01
