-9.947615861892700195e-01
5.520793199539184570e-01
1.138644218444824219e+00
7.266631722450256348e-01
8.373995423316955566e-01
1.167639493942260742e+00
-9.425716400146484375e-01
-1.104171752929687500e+00
-2.700541317462921143e-01
-8.614995479583740234e-01
2.205483913421630859e-01
9.308127164840698242e-01
-5.329092219471931458e-02
-9.046711921691894531e-01
1.885913491249084473e+00
1.271219015121459961e+00
-4.432922303676605225e-01
9.278890490531921387e-01
6.561403870582580566e-01
-2.756810188293457031e-01
-2.249422550201416016e+00
2.016510963439941406e+00
6.917370557785034180e-01
9.919580817222595215e-01
-3.128460884094238281e+00
5.549437403678894043e-01
-3.022516489028930664e+00
8.537077903747558594e-01
1.898041844367980957e+00
2.157859325408935547e+00
1.571598291397094727e+00
4.140883982181549072e-01
-7.445929646492004395e-01
-9.273469448089599609e-01
4.129315912723541260e-01
-6.261432170867919922e-01
-1.033176183700561523e+00
5.058261379599571228e-02
-2.902624845504760742e+00
-1.638123035430908203e+00
1.329165816307067871e+00
1.335249304771423340e+00
2.639836072921752930e-01
-7.014239430427551270e-01
-1.412472605705261230e+00
1.383253335952758789e-01
1.399599790573120117e+00
-2.029410749673843384e-01
-1.364970564842224121e+00
1.609646201133728027e+00
-1.047849297523498535e+00
3.444218933582305908e-01
-6.436877846717834473e-01
3.801500499248504639e-01
3.533273935317993164e-02
3.772896528244018555e-01
-6.426842808723449707e-01
2.678205072879791260e-01
2.467679500579833984e+00
-4.193243026733398438e+00
-1.039142727851867676e+00
