5.850350260734558105e-01
9.589813947677612305e-01
-1.035048961639404297e+00
9.465685486793518066e-01
2.789345979690551758e-01
-9.972051382064819336e-01
-5.830963253974914551e-01
4.074305295944213867e-01
-7.660875916481018066e-01
-1.311126232147216797e+00
5.926514267921447754e-01
-2.676868736743927002e-01
7.729288935661315918e-01
3.465064167976379395e-01
8.650791049003601074e-01
-2.054397016763687134e-01
3.175117075443267822e-01
8.707866072654724121e-01
5.593302845954895020e-01
1.201632261276245117e+00
-8.658122420310974121e-01
2.703044176101684570e+00
-8.292978405952453613e-01
1.639350533485412598e+00
-1.143860220909118652e+00
-7.792125642299652100e-02
9.314800500869750977e-01
2.160191297531127930e+00
1.859466433525085449e+00
-1.214266180992126465e+00
-1.029159069061279297e+00
1.115963459014892578e+00
-2.692292928695678711e+00
-1.356209158897399902e+00
-1.106552600860595703e+00
3.316210210323333740e-01
-1.200382947921752930e+00
-1.213703006505966187e-01
9.745939821004867554e-02
-2.009134925901889801e-02
-6.179218888282775879e-01
-1.399843692779541016e+00
1.012404680252075195e+00
-1.098568916320800781e+00
1.532507896423339844e+00
-5.954854488372802734e-01
7.484447956085205078e-01
3.344472408294677734e+00
1.882923126220703125e+00
-6.594087481498718262e-01
-7.041280865669250488e-01
-1.313935399055480957e+00
-2.207593679428100586e+00
1.749488592147827148e+00
8.024697303771972656e-01
-1.463283061981201172e+00
1.697719335556030273e+00
9.379640817642211914e-01
-2.254849970340728760e-01
-2.719592675566673279e-02
-2.572866156697273254e-02
