1.181770086288452148e+00
1.454228639602661133e+00
-7.191301137208938599e-02
1.102087855339050293e+00
1.225786447525024414e+00
-3.559686839580535889e-01
-1.046139359474182129e+00
6.905756592750549316e-01
1.017730832099914551e+00
1.015366554260253906e+00
-1.121928334236145020e+00
1.113821640610694885e-01
5.522716641426086426e-01
1.092455387115478516e+00
-1.224199175834655762e+00
-6.483124494552612305e-01
-1.391831159591674805e+00
1.270468711853027344e+00
-1.161124348640441895e+00
1.277091741561889648e+00
-3.784000873565673828e+00
-4.536464810371398926e-01
8.720785379409790039e-02
4.145291328430175781e+00
3.550842046737670898e+00
1.355036497116088867e+00
3.021402120590209961e+00
2.485203266143798828e+00
-3.448569536209106445e+00
-2.110997915267944336e+00
3.546758890151977539e+00
1.161927938461303711e+00
-1.541908144950866699e+00
-1.780564904212951660e+00
-2.250231802463531494e-01
-2.278865098953247070e+00
-3.368126153945922852e-01
1.714479178190231323e-01
-2.312232732772827148e+00
4.606390297412872314e-01
3.412183046340942383e+00
-1.866118907928466797e-01
-4.809650897979736328e+00
-2.551374912261962891e+00
-2.161044120788574219e+00
-3.851001501083374023e+00
2.230739355087280273e+00
2.373376607894897461e+00
-2.500179290771484375e+00
-1.283768177032470703e+00
2.312765121459960938e+00
4.938600540161132812e+00
2.273719072341918945e+00
-1.056300759315490723e+00
-8.761128187179565430e-01
-2.285346746444702148e+00
2.404691576957702637e-01
4.303204715251922607e-01
1.570345044136047363e+00
-3.957345783710479736e-01
-2.362193346023559570e+00
