1.164051294326782227e+00
-8.560039401054382324e-01
7.711696624755859375e-01
-9.114177227020263672e-01
1.513437032699584961e-01
1.716807633638381958e-01
8.744860887527465820e-01
-1.216882228851318359e+00
1.301702708005905151e-01
4.921594262123107910e-01
-1.161518931388854980e+00
5.185072422027587891e-01
6.931263804435729980e-01
-9.230370521545410156e-01
2.749036252498626709e-01
-1.149485826492309570e+00
4.651895165443420410e-01
-2.845706045627593994e-01
7.560814023017883301e-01
7.961614727973937988e-01
1.488320231437683105e-01
4.017317891120910645e-01
-9.260932207107543945e-01
-2.957226991653442383e+00
-8.631974458694458008e-01
-8.372945785522460938e-01
1.829382538795471191e+00
-3.132897019386291504e-01
5.745957493782043457e-01
2.492532253265380859e+00
-3.320918381214141846e-01
-1.499728709459304810e-01
-1.095333218574523926e+00
1.761958479881286621e+00
-2.166762948036193848e-01
-2.396180033683776855e-01
-2.079404830932617188e+00
1.291434884071350098e+00
-2.587902069091796875e+00
-2.071509361267089844e+00
7.627591490745544434e-01
1.376585960388183594e-01
-3.681432306766510010e-01
1.284026622772216797e+00
5.973664522171020508e-01
1.974121093750000000e+00
-1.626190662384033203e+00
5.010650306940078735e-02
1.246558189392089844e+00
2.248118877410888672e+00
2.141182571649551392e-01
8.993366956710815430e-01
1.039400219917297363e+00
1.283634305000305176e+00
8.991658687591552734e-01
2.054636925458908081e-01
1.688538670539855957e+00
-1.228925228118896484e+00
-2.290140628814697266e+00
-1.195158958435058594e+00
5.028257369995117188e-01
