8.497400283813476562e-01
-4.712450802326202393e-01
1.349751949310302734e-01
-1.080563068389892578e+00
-1.434342622756958008e+00
-3.613386452198028564e-01
4.110427200794219971e-01
-1.346508264541625977e+00
4.829306304454803467e-01
-1.070552349090576172e+00
3.537203371524810791e-01
1.713034510612487793e-01
1.011206626892089844e+00
1.066112160682678223e+00
9.090449810028076172e-01
1.288944721221923828e+00
1.033024907112121582e+00
1.012973859906196594e-01
-5.037271976470947266e-01
-9.143909811973571777e-01
-1.199468150734901428e-01
-2.329335689544677734e+00
-1.746087968349456787e-01
2.296885967254638672e+00
-7.114858031272888184e-01
-1.706604003906250000e+00
-2.091450452804565430e+00
9.700657129287719727e-01
3.017385490238666534e-02
2.554922103881835938e+00
1.592088818550109863e+00
-1.286277055740356445e+00
-3.267487525939941406e+00
2.676508426666259766e+00
2.619913220405578613e-01
-1.686930775642395020e+00
1.811386108398437500e+00
-7.374610304832458496e-01
1.065662622451782227e+00
-3.159742355346679688e+00
8.946263045072555542e-02
-1.500920176506042480e+00
7.230885624885559082e-01
8.129664063453674316e-01
-7.677467912435531616e-02
-1.837298393249511719e+00
3.872190475463867188e+00
-1.447288542985916138e-01
7.640832066535949707e-01
1.032577157020568848e+00
1.428818821907043457e+00
5.762279033660888672e-01
-1.345305323600769043e+00
-1.353955864906311035e+00
8.496272563934326172e-01
-5.649878382682800293e-01
-6.951220631599426270e-01
5.541219711303710938e-01
-4.488809108734130859e-01
2.037789106369018555e+00
1.033557415008544922e+00
