2.059922963380813599e-01
-1.155464172363281250e+00
-5.735814571380615234e-01
-8.402284979820251465e-01
1.217088401317596436e-01
-1.078521370887756348e+00
-7.188686728477478027e-01
8.861092925071716309e-01
7.914032936096191406e-01
3.271436691284179688e-01
8.654410243034362793e-01
-8.797297477722167969e-01
-7.613531947135925293e-01
-3.393688201904296875e-01
-3.431785404682159424e-01
4.586802721023559570e-01
6.905217170715332031e-01
-6.293675899505615234e-01
-2.685680985450744629e-01
-8.988213539123535156e-01
-1.064582824707031250e+00
3.478117287158966064e-01
-3.548370674252510071e-02
-4.007177352905273438e-01
-8.982641100883483887e-01
1.110298156738281250e+00
2.688047587871551514e-01
1.866487979888916016e+00
2.601546764373779297e+00
-3.598921298980712891e-01
-1.686505228281021118e-02
8.585279583930969238e-01
2.278479099273681641e+00
1.213894248008728027e+00
-1.211916446685791016e+00
2.152475833892822266e+00
-1.097743153572082520e+00
1.293968796730041504e+00
6.296594142913818359e-01
1.768942594528198242e+00
2.044609308242797852e+00
1.785764843225479126e-01
-6.619110703468322754e-01
1.868522167205810547e-01
1.692298054695129395e+00
9.025514721870422363e-01
-7.309525609016418457e-01
-1.250338196754455566e+00
-1.801185011863708496e+00
-1.339726001024246216e-01
1.983302645385265350e-02
-5.577919483184814453e-01
1.692622303962707520e+00
-2.237297296524047852e+00
-1.712232112884521484e+00
1.584468603134155273e+00
6.995519995689392090e-01
8.614183068275451660e-01
-1.545960158109664917e-01
1.247714996337890625e+00
1.647097110748291016e+00
