-1.136139035224914551e+00
3.003164827823638916e-01
1.094894289970397949e+00
1.538542211055755615e-01
6.477298140525817871e-01
7.382056713104248047e-01
4.175345897674560547e-01
-1.073952436447143555e+00
-1.052009701728820801e+00
-8.401921987533569336e-01
1.107609629631042480e+00
1.303198933601379395e+00
-8.738934993743896484e-01
6.932868361473083496e-01
4.988888502120971680e-01
-8.843479752540588379e-01
-9.245786666870117188e-01
1.154636979103088379e+00
5.472267270088195801e-01
-1.014153122901916504e+00
9.231149218976497650e-03
-1.056175231933593750e+00
-7.879913449287414551e-01
1.456339508295059204e-01
9.958416819572448730e-01
-1.351816296577453613e+00
-2.297112941741943359e+00
3.372950255870819092e-01
2.589274168014526367e+00
4.291228652000427246e-01
-6.986382603645324707e-01
-4.856862127780914307e-01
-2.595469474792480469e+00
1.345335841178894043e+00
-3.239091634750366211e-01
2.980206012725830078e+00
-5.774764418601989746e-01
-7.593282461166381836e-01
2.761404037475585938e+00
-9.271375536918640137e-01
-9.230022430419921875e-01
1.303770422935485840e+00
-1.447527170181274414e+00
6.507647037506103516e-01
-9.291748404502868652e-01
-1.141621589660644531e+00
3.180512666702270508e+00
-1.863036751747131348e-01
8.452849388122558594e-01
4.510886967182159424e-02
1.179571270942687988e+00
-6.611963510513305664e-01
1.106240153312683105e+00
-1.279200553894042969e+00
1.010536074638366699e+00
1.593953967094421387e+00
5.293992161750793457e-01
1.021611332893371582e+00
2.769312858581542969e+00
-1.057729840278625488e+00
6.312658190727233887e-01
