6.331582069396972656e-01
1.259889245033264160e+00
1.148915529251098633e+00
8.964014053344726562e-01
3.658759593963623047e-01
-4.209155440330505371e-01
-8.866673707962036133e-01
9.576201438903808594e-01
8.449500203132629395e-01
-3.154854103922843933e-02
-7.423340082168579102e-01
8.045759201049804688e-01
-3.001610040664672852e-01
-8.955609798431396484e-01
2.211227566003799438e-01
-1.221374981105327606e-02
-5.263333916664123535e-01
6.165285110473632812e-01
8.242663741111755371e-01
-3.250894844532012939e-01
-4.917422533035278320e-01
1.122613430023193359e+00
-1.120647192001342773e+00
1.781591415405273438e+00
2.146333217620849609e+00
1.701408743858337402e+00
1.827075362205505371e+00
-1.018077731132507324e+00
2.605485677719116211e+00
-1.321347802877426147e-01
-3.748678267002105713e-01
-2.663453102111816406e+00
-4.143000841140747070e-01
1.413921862840652466e-01
8.061862587928771973e-01
1.823199629783630371e+00
8.032791018486022949e-01
5.821852087974548340e-01
-4.258587583899497986e-02
-1.039762377738952637e+00
-1.981910616159439087e-01
5.050510913133621216e-02
-6.735091805458068848e-01
-1.093360543251037598e+00
1.885972857475280762e+00
-3.233537912368774414e+00
1.473511576652526855e+00
9.190095067024230957e-01
-1.366739034652709961e+00
3.712773621082305908e-01
2.067657113075256348e-01
-1.767475128173828125e+00
-4.123219847679138184e-01
-4.176363945007324219e-01
6.179713606834411621e-01
-8.234929442405700684e-01
-2.784575521945953369e-01
1.116983667016029358e-01
2.772325277328491211e-01
-1.256219148635864258e+00
-4.995126649737358093e-02
