2.316121608018875122e-01
1.114223599433898926e+00
-1.507187962532043457e+00
1.009647995233535767e-01
4.250796735286712646e-01
2.383600026369094849e-01
-8.669247031211853027e-01
-1.204766929149627686e-01
-4.589162468910217285e-01
-3.271125555038452148e-01
5.758672356605529785e-01
1.175317883491516113e+00
4.385526478290557861e-01
-2.883262038230895996e-01
1.011835813522338867e+00
6.747158765792846680e-01
-9.468959569931030273e-01
-9.630616307258605957e-01
-6.568293571472167969e-01
8.488161563873291016e-01
-1.102999806404113770e+00
-5.520515441894531250e-01
-6.010113358497619629e-01
-1.270602494478225708e-01
1.951642036437988281e+00
-7.831754684448242188e-01
2.782485008239746094e+00
2.139265388250350952e-01
2.340372085571289062e+00
-1.972886323928833008e+00
-4.644263684749603271e-01
-3.600591421127319336e-01
6.195892095565795898e-01
-1.236626505851745605e+00
-2.191641092300415039e+00
-5.535637736320495605e-01
-2.010958939790725708e-01
-1.981877684593200684e+00
6.365182995796203613e-01
2.657640933990478516e+00
1.596252322196960449e+00
9.347104281187057495e-02
-2.890062518417835236e-02
2.158172130584716797e+00
1.536221385002136230e+00
4.758984744548797607e-01
1.792905211448669434e+00
-7.231185436248779297e-01
-1.756071329116821289e+00
-1.485784530639648438e+00
1.393341869115829468e-01
3.057283163070678711e-01
-3.660461306571960449e-01
-1.057117581367492676e+00
-1.197149395942687988e+00
-1.491622924804687500e-01
-6.262394189834594727e-01
1.216008424758911133e+00
2.383158653974533081e-01
-1.878574967384338379e+00
5.525440722703933716e-02
