9.816111326217651367e-01
-1.002571940422058105e+00
-4.180821776390075684e-01
-5.201038122177124023e-01
-1.133133888244628906e+00
-1.033743262290954590e+00
1.336376905441284180e+00
-2.902036905288696289e-01
-2.940149605274200439e-01
3.235757648944854736e-01
7.665596604347229004e-01
-8.099828362464904785e-01
-9.204497337341308594e-01
-8.381603360176086426e-01
3.265594542026519775e-01
-9.517319202423095703e-01
-1.938604116439819336e+00
8.200929760932922363e-01
-9.747057557106018066e-01
1.110462784767150879e+00
1.915757417678833008e+00
1.283322453498840332e+00
-1.976754784584045410e+00
1.527958273887634277e+00
1.015182435512542725e-01
-1.771105647087097168e+00
-2.533363699913024902e-01
7.972976565361022949e-01
8.306932449340820312e-01
-1.177179932594299316e+00
2.454813241958618164e+00
2.099746018648147583e-01
-1.317112684249877930e+00
-1.182242035865783691e+00
-1.102204442024230957e+00
-4.131873548030853271e-01
6.792747378349304199e-01
-2.776762247085571289e+00
2.293637752532958984e+00
8.922151923179626465e-01
-1.478778958320617676e+00
1.150287270545959473e+00
-3.075550079345703125e+00
-1.693403244018554688e+00
-4.709298312664031982e-01
-1.743252277374267578e+00
-3.149178624153137207e-02
-2.403231859207153320e+00
-8.572330474853515625e-01
1.110221624374389648e+00
-1.844486832618713379e+00
-9.882572293281555176e-01
1.055472254753112793e+00
7.165854573249816895e-01
1.208526015281677246e+00
1.093081474304199219e+00
1.355511397123336792e-01
-2.617949724197387695e+00
1.988454818725585938e+00
1.073859214782714844e+00
3.612295165657997131e-02
