-8.520812392234802246e-01
-8.167499899864196777e-01
8.016822338104248047e-01
1.215072497725486755e-01
9.461990594863891602e-01
4.547550678253173828e-01
7.637165784835815430e-01
5.650648474693298340e-02
-8.860852718353271484e-01
7.385069131851196289e-01
-7.434556484222412109e-01
3.491675257682800293e-01
8.133368492126464844e-01
8.016988039016723633e-01
-4.928838908672332764e-01
-5.423366427421569824e-01
-9.276661872863769531e-01
7.439396530389785767e-02
1.103822350502014160e+00
-1.053500771522521973e+00
-1.192689657211303711e+00
2.772436857223510742e+00
-1.378782510757446289e+00
-5.665097236633300781e-01
-1.778911828994750977e+00
-2.048202753067016602e+00
1.761162757873535156e+00
2.646080553531646729e-01
2.262173652648925781e+00
9.020360559225082397e-02
-8.338413238525390625e-01
-9.080290198326110840e-01
2.586654186248779297e+00
1.326328635215759277e+00
-1.969530582427978516e+00
-2.834428548812866211e+00
-1.291807413101196289e+00
-1.720446646213531494e-01
-1.598954200744628906e-01
1.291322588920593262e+00
2.486033886671066284e-01
1.642350792884826660e+00
9.189576506614685059e-01
2.688956260681152344e+00
-1.537326693534851074e+00
1.886648416519165039e+00
-1.178866267204284668e+00
1.578864812850952148e+00
1.645350933074951172e+00
2.743793725967407227e-01
-1.633431553840637207e+00
2.059914588928222656e+00
-1.348712444305419922e+00
-5.630906224250793457e-01
7.894873023033142090e-01
-2.699951887130737305e+00
3.808273077011108398e-01
1.973733663558959961e+00
1.520344018936157227e-01
5.739767551422119141e-01
8.489276170730590820e-01
