8.300412893295288086e-01
1.084192872047424316e+00
-7.014520764350891113e-01
1.538817435503005981e-01
-1.381447434425354004e+00
-9.383964538574218750e-01
9.722376465797424316e-01
1.020810842514038086e+00
-1.085387706756591797e+00
-3.849712312221527100e-01
-2.338647395372390747e-01
-1.077248692512512207e+00
-2.097478210926055908e-01
-3.773158788681030273e-01
-7.786023020744323730e-01
-8.835973739624023438e-01
8.956000804901123047e-01
-1.300512999296188354e-01
4.240389764308929443e-01
-1.243199855089187622e-01
-1.042047739028930664e+00
-3.838368892669677734e+00
-2.083726078271865845e-01
4.114805161952972412e-01
-4.951139688491821289e-01
-9.443311691284179688e-01
6.942814588546752930e-01
1.608695864677429199e+00
-2.669458150863647461e+00
2.041530609130859375e+00
-1.060330152511596680e+00
4.182125031948089600e-01
-1.418023705482482910e+00
1.815158486366271973e+00
-1.234951257705688477e+00
-3.009720325469970703e+00
-2.213234901428222656e+00
1.860622614622116089e-01
1.536891222000122070e+00
-9.431781172752380371e-01
-3.457949459552764893e-01
-8.587822914123535156e-01
-2.728113532066345215e-01
2.505055069923400879e-01
7.855144212953746319e-04
1.527406424283981323e-01
5.126538276672363281e-01
-6.130467057228088379e-01
1.242658019065856934e+00
-1.689540266990661621e+00
-1.201444149017333984e+00
-6.237168312072753906e-01
-6.857194900512695312e-01
-1.640113592147827148e+00
5.898018479347229004e-01
2.132759571075439453e+00
-1.939444661140441895e+00
-7.276805043220520020e-01
2.757159709930419922e+00
-3.034694194793701172e+00
-1.744138002395629883e+00
