8.410679697990417480e-01
-7.336806058883666992e-01
8.166453242301940918e-01
8.306373357772827148e-01
-7.927087545394897461e-01
-3.344276249408721924e-01
-1.026041150093078613e+00
6.509553194046020508e-01
6.976138949394226074e-01
1.413461714982986450e-01
-1.137153655290603638e-01
4.716104865074157715e-01
-8.350375890731811523e-01
1.012533307075500488e+00
1.688922643661499023e-01
-9.582855105400085449e-01
-7.781681418418884277e-01
-7.840061783790588379e-01
-7.197299599647521973e-01
6.286708712577819824e-01
-1.841562628746032715e+00
-5.430482029914855957e-01
1.295111060142517090e+00
2.405542850494384766e+00
5.822432637214660645e-01
-1.790746569633483887e+00
-5.895321965217590332e-01
1.294235706329345703e+00
7.308081984519958496e-01
3.543158471584320068e-01
4.128209650516510010e-01
-2.334567308425903320e+00
2.879537045955657959e-01
-1.014386296272277832e+00
6.125824451446533203e-01
7.318727970123291016e-01
-1.125730514526367188e+00
2.556449890136718750e+00
-5.581147074699401855e-01
4.992665052413940430e-01
-1.658184289932250977e+00
4.836438000202178955e-01
-1.479477405548095703e+00
-1.804782390594482422e+00
-1.801300168037414551e+00
-3.041667222976684570e+00
4.733200371265411377e-01
-9.309982657432556152e-01
1.504696607589721680e+00
1.475377917289733887e+00
-1.598268508911132812e+00
2.714225530624389648e+00
1.699849069118499756e-01
-6.778204441070556641e-01
1.797078251838684082e+00
2.451306879520416260e-01
9.393390417098999023e-01
1.748783946037292480e+00
-9.716744422912597656e-01
8.566499948501586914e-01
-1.040017366409301758e+00
