1.765916645526885986e-01
-7.054621577262878418e-01
1.161410212516784668e+00
-5.018355250358581543e-01
1.772919148206710815e-01
-6.752227544784545898e-01
-2.270085811614990234e-01
-1.082557439804077148e+00
-2.515409588813781738e-01
3.024818301200866699e-01
-5.463345050811767578e-01
-8.281369209289550781e-01
8.563389182090759277e-01
6.334136128425598145e-01
8.148249387741088867e-01
-5.916373729705810547e-01
-8.807857632637023926e-01
3.910736739635467529e-01
-2.355444729328155518e-01
-8.479564785957336426e-01
-8.186874389648437500e-01
9.088956117630004883e-01
7.739900946617126465e-01
1.311795234680175781e+00
-1.423349510878324509e-02
1.524026989936828613e+00
-1.134057044982910156e+00
-8.790818452835083008e-01
-5.729147791862487793e-01
1.841020226478576660e+00
4.175073206424713135e-01
-2.517714500427246094e+00
-2.412405908107757568e-01
9.308881312608718872e-02
-3.296011984348297119e-01
1.930876851081848145e+00
4.598154723644256592e-01
-1.999179005622863770e+00
8.065026998519897461e-01
-1.525590658187866211e+00
1.916594862937927246e+00
3.160946071147918701e-01
-3.246191740036010742e-01
6.146985292434692383e-01
1.145214796066284180e+00
7.856517434120178223e-01
-1.705105066299438477e+00
-2.974395751953125000e-01
-1.220138788223266602e+00
1.034477949142456055e+00
-8.266084194183349609e-01
1.442637801170349121e+00
2.190284579992294312e-01
-9.197002649307250977e-02
2.210100442171096802e-01
2.238629102706909180e+00
1.498953402042388916e-01
1.951411724090576172e+00
-6.100367307662963867e-01
1.398643255233764648e+00
-9.580137580633163452e-02
