2.209405750036239624e-01
-5.634688735008239746e-01
-5.802557244896888733e-02
-1.113571166992187500e+00
-8.390691280364990234e-01
-1.175973892211914062e+00
1.164405822753906250e+00
8.266777396202087402e-01
9.230025857686996460e-02
-8.669822812080383301e-01
-4.183955490589141846e-01
-8.961269259452819824e-01
-1.001491546630859375e+00
7.169649004936218262e-01
6.726078987121582031e-01
-6.965302228927612305e-01
1.279571294784545898e+00
5.467581748962402344e-01
-6.848953366279602051e-01
1.024897217750549316e+00
-1.853868067264556885e-01
-2.301520109176635742e+00
9.926563501358032227e-01
-8.680337667465209961e-01
2.950924634933471680e+00
-9.197556376457214355e-01
1.078048706054687500e+00
2.267928123474121094e+00
5.409435033798217773e-01
-3.243219614028930664e+00
-1.404089212417602539e+00
-1.417233049869537354e-01
2.624370098114013672e+00
6.376243233680725098e-01
1.210108399391174316e+00
-1.213063120841979980e+00
2.898349463939666748e-01
-2.527854919433593750e+00
3.430821001529693604e-01
-1.801723122596740723e+00
8.428712487220764160e-01
-2.190904378890991211e+00
5.094445943832397461e-01
4.062582850456237793e-01
1.205293655395507812e+00
3.170661926269531250e-01
1.078034758567810059e+00
-2.478619337081909180e+00
2.251993656158447266e+00
1.939928174018859863e+00
-3.433440446853637695e+00
-1.049277544021606445e+00
1.174808263778686523e+00
-6.821296215057373047e-01
-8.155266046524047852e-01
7.676600217819213867e-01
2.014854699373245239e-01
2.885009765625000000e+00
-4.329793155193328857e-01
-8.732836246490478516e-01
-1.143104195594787598e+00
