-1.361064761877059937e-01
-1.959626227617263794e-01
8.906668424606323242e-01
-7.199086546897888184e-01
9.334316253662109375e-01
-1.082427263259887695e+00
8.749809861183166504e-01
-1.382024645805358887e+00
-1.865076422691345215e-01
9.421461820602416992e-01
-7.366896867752075195e-01
-1.610350728034973145e+00
1.332288831472396851e-01
1.027600765228271484e+00
-9.746945500373840332e-01
2.395348846912384033e-01
6.095549464225769043e-01
-7.721952795982360840e-01
-1.362260729074478149e-01
1.339641213417053223e-01
2.496701329946517944e-01
9.486854672431945801e-01
2.427584171295166016e+00
-2.417402029037475586e+00
3.339847326278686523e+00
2.383485555648803711e+00
1.923460841178894043e+00
1.755162239074707031e+00
1.163466691970825195e+00
1.146416902542114258e+00
-1.106317043304443359e+00
6.583277583122253418e-01
1.225838437676429749e-02
-3.308708667755126953e+00
-1.499535679817199707e+00
1.163460135459899902e+00
-6.988127231597900391e-01
-2.001481771469116211e+00
-2.057206630706787109e-01
1.397896111011505127e-01
-4.762182712554931641e+00
-1.115331053733825684e+00
-1.416156053543090820e+00
-2.221736907958984375e+00
-2.086750030517578125e+00
1.965543150901794434e+00
-9.599142074584960938e-01
6.485102772712707520e-01
-1.243127584457397461e+00
-6.068551540374755859e-01
-1.210600018501281738e+00
1.109239682555198669e-01
1.853511452674865723e+00
-1.538803458213806152e+00
8.938370943069458008e-01
1.922367215156555176e+00
-1.851391494274139404e-01
1.723908782005310059e+00
-2.143304824829101562e+00
2.846808910369873047e+00
6.495525240898132324e-01
