7.582027316093444824e-01
-8.444980978965759277e-01
3.268186151981353760e-01
-1.044026970863342285e+00
-3.801846802234649658e-01
4.063592851161956787e-02
-5.295081138610839844e-01
8.590031266212463379e-01
-8.175006508827209473e-01
-5.095921754837036133e-01
3.041220009326934814e-01
-8.144934177398681641e-01
9.846483469009399414e-01
8.409137129783630371e-01
5.283064246177673340e-01
7.006275057792663574e-01
2.709968090057373047e-01
-3.615037202835083008e-01
8.294082283973693848e-01
-3.001162223517894745e-02
2.523286342620849609e+00
2.754227399826049805e+00
9.634792208671569824e-01
-5.840801000595092773e-01
-2.010957717895507812e+00
-5.604977011680603027e-01
-9.870439171791076660e-01
-1.877974152565002441e+00
-2.217666149139404297e+00
2.518447875976562500e+00
4.482748210430145264e-01
-1.587906360626220703e+00
-1.400230824947357178e-01
1.606046915054321289e+00
2.183508574962615967e-01
1.389852523803710938e+00
-8.445987105369567871e-02
-1.908504724502563477e+00
-8.950047492980957031e-01
-2.196142077445983887e-01
-2.097956657409667969e+00
1.651469945907592773e+00
1.028919339179992676e+00
-5.899909883737564087e-02
-1.685283184051513672e+00
1.471450328826904297e+00
4.486490190029144287e-01
-2.008953094482421875e+00
1.128300786018371582e+00
-3.256875038146972656e+00
1.770913362503051758e+00
6.234728693962097168e-01
5.403454303741455078e-01
-6.562612652778625488e-01
9.895300269126892090e-01
-6.139854192733764648e-01
1.641268491744995117e+00
-2.637112855911254883e+00
-3.507389724254608154e-01
8.716588020324707031e-01
-1.087654288858175278e-02
