-1.187799572944641113e+00
1.157926470041275024e-01
-5.443227887153625488e-01
1.130822658538818359e+00
6.520825028419494629e-01
-1.119905471801757812e+00
-3.525393605232238770e-01
-2.810341417789459229e-01
-1.086873769760131836e+00
-7.232649922370910645e-01
5.280456542968750000e-01
-8.094286918640136719e-01
1.320839524269104004e+00
1.011598587036132812e+00
-7.667484879493713379e-01
-1.105107307434082031e+00
-3.106225728988647461e-01
-7.031013965606689453e-01
8.765227198600769043e-01
1.314905881881713867e+00
-2.070232152938842773e+00
9.318444132804870605e-01
2.551216125488281250e+00
7.199194431304931641e-01
4.814106225967407227e-01
-1.866805553436279297e+00
-1.900655031204223633e+00
-3.801795840263366699e-01
1.433125019073486328e+00
-4.431798160076141357e-01
-4.905092716217041016e-02
2.852076053619384766e+00
4.507221579551696777e-01
2.051264047622680664e+00
1.837481141090393066e+00
-5.679057836532592773e-01
1.809088587760925293e+00
-3.062901198863983154e-01
2.801363229751586914e+00
2.313532114028930664e+00
1.482497811317443848e+00
9.893760681152343750e-01
-1.946630835533142090e+00
6.833186745643615723e-02
1.473134458065032959e-01
1.375835418701171875e+00
-3.709346771240234375e+00
-9.027345776557922363e-01
1.507197469472885132e-01
-1.846427023410797119e-01
1.172740817070007324e+00
1.215194225311279297e+00
-1.779775917530059814e-01
-1.245770692825317383e+00
2.070374011993408203e+00
3.063911795616149902e-01
-1.789275169372558594e+00
-1.236816525459289551e+00
-1.730231761932373047e+00
2.100074768066406250e+00
-9.803023934364318848e-01
