-7.250104546546936035e-01
8.669264316558837891e-01
-9.314182400703430176e-01
-9.465183019638061523e-01
-9.661565423011779785e-01
-5.095113515853881836e-01
8.432979583740234375e-01
9.362652897834777832e-01
-2.231991738080978394e-01
-6.943819671869277954e-02
-9.708573222160339355e-01
-4.543284475803375244e-01
-2.598476707935333252e-01
4.896731078624725342e-01
2.529583638533949852e-03
4.204621613025665283e-01
9.427028298377990723e-01
-7.811875343322753906e-01
4.649313092231750488e-01
1.064664602279663086e+00
5.713841915130615234e-01
-2.885335445404052734e+00
4.897755756974220276e-02
1.877828955650329590e+00
2.458787679672241211e+00
2.370999097824096680e+00
1.389864534139633179e-01
3.263656854629516602e+00
6.331928372383117676e-01
-1.119760572910308838e-01
-1.634287714958190918e+00
-1.072916984558105469e+00
8.379663228988647461e-01
1.388448238372802734e+00
-9.641986489295959473e-01
1.966888904571533203e+00
-2.765684723854064941e-01
-8.985092490911483765e-02
1.365661263465881348e+00
2.713751316070556641e+00
4.632507264614105225e-01
-1.383829593658447266e+00
-5.682587623596191406e-01
9.465255737304687500e-01
6.360137462615966797e-01
-1.469798326492309570e+00
-2.213985025882720947e-01
-2.087891101837158203e+00
-2.845689296722412109e+00
-5.757544636726379395e-01
1.485191345214843750e+00
-7.600939869880676270e-01
-3.152339160442352295e-01
1.696262836456298828e+00
-1.206510186195373535e+00
1.304815888404846191e+00
2.879888415336608887e-01
3.282548487186431885e-02
1.948170900344848633e+00
-1.763305783271789551e+00
-5.390387773513793945e-01
