4.573605060577392578e-01
-1.043029665946960449e+00
1.143277883529663086e+00
-8.946257233619689941e-01
-7.352087497711181641e-01
1.040483266115188599e-01
-8.743110299110412598e-01
-6.170724034309387207e-01
9.163811802864074707e-01
-7.685753703117370605e-02
-9.534299969673156738e-01
1.308775663375854492e+00
-1.123217582702636719e+00
-1.197862625122070312e+00
9.905940294265747070e-01
8.452973365783691406e-01
8.990861773490905762e-01
6.583436727523803711e-01
-5.640779137611389160e-01
-1.034718513488769531e+00
2.027301311492919922e+00
-5.041357874870300293e-01
-2.982529103755950928e-01
-3.141698360443115234e+00
2.386502981185913086e+00
-5.868401527404785156e-01
3.813038170337677002e-01
-1.364010572433471680e+00
-7.034683972597122192e-02
-5.663203001022338867e-01
-2.434723138809204102e+00
-4.708255827426910400e-01
9.901638329029083252e-02
-7.036741971969604492e-01
2.161077558994293213e-01
1.783550143241882324e+00
-2.060310602188110352e+00
2.680104672908782959e-01
2.662987232208251953e+00
-7.184425592422485352e-01
4.228188514709472656e+00
2.912334501743316650e-01
2.493398189544677734e-01
1.974199175834655762e+00
1.592177987098693848e+00
2.310131788253784180e+00
1.445214077830314636e-02
-1.246308445930480957e+00
1.825890839099884033e-01
-2.264806330204010010e-01
1.559792995452880859e+00
3.832562863826751709e-01
-3.676600456237792969e-01
-1.299986720085144043e+00
-1.938078850507736206e-01
-1.314777612686157227e+00
-1.624903798103332520e+00
-4.108587801456451416e-01
-3.125182628631591797e+00
3.832046389579772949e-01
7.800003290176391602e-01
