4.795040190219879150e-01
-3.566770553588867188e-01
-7.041471004486083984e-01
1.030644774436950684e+00
-8.818854391574859619e-02
-7.200965285301208496e-01
-4.308923780918121338e-01
5.153592228889465332e-01
1.345320045948028564e-01
-9.611836075782775879e-01
7.162712216377258301e-01
-9.648472070693969727e-01
-8.730956912040710449e-01
7.409367561340332031e-01
9.137911796569824219e-01
-6.763774156570434570e-01
-8.561740517616271973e-01
7.749170660972595215e-01
-3.299910426139831543e-01
4.161570966243743896e-01
-2.590340137481689453e+00
-1.367425560951232910e+00
-1.471075117588043213e-01
-6.953077912330627441e-01
-5.373236536979675293e-02
-2.016204833984375000e+00
6.034807562828063965e-01
1.254228949546813965e+00
-8.212359249591827393e-02
-4.934498667716979980e-01
-1.989527225494384766e+00
1.149970293045043945e-01
-3.902728259563446045e-01
3.112127482891082764e-01
2.445810884237289429e-01
-8.766920566558837891e-01
-5.434154346585273743e-02
3.782798647880554199e-01
-1.747176289558410645e+00
-3.342432379722595215e-01
2.108712196350097656e+00
-1.369529008865356445e+00
2.577834129333496094e-01
6.248580217361450195e-01
-1.927210450172424316e+00
1.853308558464050293e+00
6.753650903701782227e-01
-8.947286605834960938e-01
1.671569466590881348e+00
-5.409010648727416992e-01
-1.756972312927246094e+00
-3.209150731563568115e-01
-3.040737211704254150e-01
3.419079482555389404e-01
2.211576849222183228e-01
6.791285276412963867e-01
2.755382955074310303e-01
-9.257457405328750610e-02
-2.015609264373779297e+00
-6.271709799766540527e-01
-2.628641426563262939e-01
