-3.019650578498840332e-01
-8.982838392257690430e-01
-1.333199292421340942e-01
-1.133309125900268555e+00
-9.809574484825134277e-01
1.285178065299987793e+00
2.469467669725418091e-01
-9.581598639488220215e-01
-8.661851286888122559e-01
6.654638051986694336e-02
9.841366410255432129e-01
-8.759639263153076172e-01
-8.530252426862716675e-02
1.023425340652465820e+00
8.472434878349304199e-01
-8.049683570861816406e-01
3.675814270973205566e-01
-4.180562198162078857e-01
1.085485458374023438e+00
-9.160668253898620605e-01
1.673047423362731934e+00
9.589306116104125977e-01
4.111938476562500000e-01
8.694191575050354004e-01
2.142417728900909424e-01
1.526079177856445312e-01
1.566642522811889648e+00
-9.329301714897155762e-01
-5.562797188758850098e-02
2.776109874248504639e-01
-7.880625724792480469e-01
3.091956138610839844e+00
3.610614314675331116e-02
1.990250945091247559e+00
2.513516426086425781e+00
5.323153734207153320e-01
-1.763734579086303711e+00
-1.991995453834533691e+00
-9.324485659599304199e-01
2.292211294174194336e+00
-1.705369949340820312e+00
7.113068103790283203e-01
-1.216563344001770020e+00
3.479323387145996094e-01
-5.869723558425903320e-01
1.982403099536895752e-01
1.283937335014343262e+00
1.893454641103744507e-01
-3.237566649913787842e-01
2.315985202789306641e+00
-1.190364882349967957e-01
1.673995614051818848e+00
-1.151723146438598633e+00
-1.099775552749633789e+00
-1.862979650497436523e+00
6.333717107772827148e-01
1.942747473716735840e+00
-2.345467329025268555e+00
1.443992137908935547e+00
1.539873957633972168e+00
-5.668561458587646484e-01
