1.671482175588607788e-01
1.159628987312316895e+00
9.306075572967529297e-01
-7.545047998428344727e-01
8.284382820129394531e-01
-3.359187841415405273e-01
-1.363095879554748535e+00
-1.682721227407455444e-01
3.540095388889312744e-01
2.541590034961700439e-01
-1.368288159370422363e+00
9.468259811401367188e-01
-2.196686714887619019e-01
1.190599322319030762e+00
-1.040914773941040039e+00
5.392653942108154297e-01
-9.366198182106018066e-01
1.260336041450500488e+00
-1.144917964935302734e+00
-4.860142469406127930e-01
1.170235276222229004e+00
-6.152478456497192383e-01
-2.173728466033935547e+00
-1.467554807662963867e+00
-2.811554908752441406e+00
-1.509575009346008301e+00
-6.820423007011413574e-01
5.102394819259643555e-01
1.047607064247131348e+00
-9.460506439208984375e-01
8.282533884048461914e-01
1.897509813308715820e+00
3.705666363239288330e-01
1.180217742919921875e+00
7.913582324981689453e-01
-9.995896369218826294e-02
-2.835599660873413086e+00
-7.034028172492980957e-01
6.538283228874206543e-01
2.449870109558105469e+00
2.210384130477905273e+00
3.127254545688629150e-01
-1.609858036041259766e+00
8.177614212036132812e-01
-1.964368224143981934e+00
-2.624853372573852539e+00
-2.110068798065185547e-01
-9.715115427970886230e-01
1.402961254119873047e+00
1.259841322898864746e+00
-2.754232883453369141e-01
-1.433136582374572754e+00
-7.555971741676330566e-01
-3.077316880226135254e-01
7.770313024520874023e-01
6.239236593246459961e-01
1.596410632133483887e+00
-5.230792164802551270e-01
-9.380499720573425293e-01
-2.402139663696289062e+00
-1.142795085906982422e+00
