7.540727853775024414e-01
-9.961569309234619141e-01
-1.096802473068237305e+00
1.344325304031372070e+00
-1.369173526763916016e+00
-4.528881609439849854e-01
9.109241366386413574e-01
4.608162641525268555e-01
-3.165684640407562256e-01
-8.428769707679748535e-01
9.253360331058502197e-02
-1.037479043006896973e+00
7.218354940414428711e-01
-4.669786989688873291e-01
9.587000012397766113e-01
-1.592357903718948364e-01
1.039094209671020508e+00
-1.568319916725158691e+00
-1.054931521415710449e+00
-1.526025384664535522e-01
2.663689374923706055e+00
-1.406737804412841797e+00
1.354730606079101562e+00
-2.851642966270446777e-01
-2.975958585739135742e-01
2.024055004119873047e+00
-4.844257533550262451e-01
9.032187461853027344e-01
-4.701335430145263672e-01
-2.221133232116699219e+00
-1.572787314653396606e-01
2.260931730270385742e+00
1.405058145523071289e+00
-2.277141809463500977e+00
-3.018317222595214844e+00
-1.332686692476272583e-01
1.387471556663513184e+00
7.799301147460937500e-01
-1.462833404541015625e+00
-4.840625822544097900e-02
-1.936208486557006836e+00
8.348902463912963867e-01
1.182763338088989258e+00
1.093920134007930756e-02
1.948662102222442627e-01
-1.712054610252380371e+00
1.039142847061157227e+00
9.626238346099853516e-01
-1.425871610641479492e+00
1.803599596023559570e+00
2.848381757736206055e+00
1.537743449211120605e+00
-1.201956152915954590e+00
-1.934341549873352051e+00
-1.474918365478515625e+00
-2.798936843872070312e+00
1.503464579582214355e+00
3.592286109924316406e-01
1.121831893920898438e+00
-2.325753688812255859e+00
1.242505609989166260e-01
