3.443500399589538574e-01
8.819158077239990234e-01
-9.383416175842285156e-01
-1.566008090972900391e+00
8.615137338638305664e-01
8.304205536842346191e-01
-3.886286318302154541e-01
6.427457928657531738e-01
9.061534404754638672e-01
1.399930119514465332e-01
-9.211729466915130615e-02
1.114568412303924561e-01
-9.734458923339843750e-01
-4.885128438472747803e-01
8.255081772804260254e-01
9.445644617080688477e-01
7.674573659896850586e-01
8.211043477058410645e-01
9.484447240829467773e-01
5.528973340988159180e-01
-1.527911663055419922e+00
-1.911553978919982910e+00
-1.161968588829040527e+00
-5.814720392227172852e-01
2.035426616668701172e+00
2.272921562194824219e+00
2.123056173324584961e+00
-5.607636570930480957e-01
8.720335960388183594e-01
-8.889591693878173828e-01
-6.255992688238620758e-03
-3.746007084846496582e-01
3.136981248855590820e+00
-1.289401292800903320e+00
-5.093525052070617676e-01
1.337657570838928223e+00
2.668395996093750000e+00
4.026387035846710205e-01
9.372297674417495728e-02
2.683914184570312500e+00
2.103515625000000000e+00
-1.753061771392822266e+00
2.369714230298995972e-01
2.683270275592803955e-01
-1.171554446220397949e+00
-9.994237422943115234e-01
-1.479682922363281250e+00
-1.409217268228530884e-01
-1.494245827198028564e-01
5.178038477897644043e-01
-6.733288168907165527e-01
7.540648579597473145e-01
1.153262734413146973e+00
-1.743854999542236328e+00
5.783104151487350464e-02
-6.153401732444763184e-01
-1.426495909690856934e+00
1.620792627334594727e+00
4.312471151351928711e-01
2.424710750579833984e+00
1.114936709403991699e+00
