1.152797698974609375e+00
2.948045134544372559e-01
1.024915099143981934e+00
-7.555326819419860840e-01
-2.728565335273742676e-01
1.028628230094909668e+00
-1.261217713356018066e+00
-4.211780726909637451e-01
-1.260979056358337402e+00
7.955372333526611328e-01
1.106328606605529785e+00
-1.095348834991455078e+00
-1.254533529281616211e+00
-1.216632366180419922e+00
-4.417054653167724609e-01
-7.035060524940490723e-01
1.244290351867675781e+00
-1.282398939132690430e+00
-2.899697721004486084e-01
-2.180414497852325439e-01
4.033381462097167969e+00
9.110102653503417969e-01
-3.648624181747436523e+00
8.524194359779357910e-01
1.317431330680847168e-01
-4.770071804523468018e-01
2.329363346099853516e+00
1.327973604202270508e+00
8.015007376670837402e-01
-8.095191419124603271e-02
1.744764089584350586e+00
-2.756846904754638672e+00
9.653144478797912598e-01
3.243216991424560547e+00
2.178598403930664062e+00
4.641721844673156738e-01
-1.637763828039169312e-01
1.059681534767150879e+00
-1.321152329444885254e+00
-7.960960268974304199e-01
-1.358692049980163574e+00
3.096481561660766602e-01
-1.783935070037841797e+00
1.365823268890380859e+00
-9.969381690025329590e-01
4.392350018024444580e-01
9.861611723899841309e-01
-2.563750267028808594e+00
1.190698426216840744e-02
1.174751877784729004e+00
-1.047157287597656250e+00
2.140947341918945312e+00
8.070259541273117065e-02
1.661783695220947266e+00
-2.886450290679931641e+00
-4.343614578247070312e-01
-1.485240757465362549e-01
1.029176488518714905e-01
-4.896255016326904297e+00
-1.458957076072692871e+00
-8.386265039443969727e-01
