-7.904974222183227539e-01
-8.794649839401245117e-01
8.850210309028625488e-01
-7.426798343658447266e-02
2.701988816261291504e-01
2.482151240110397339e-01
-2.312442362308502197e-01
-7.577093243598937988e-01
-2.277770191431045532e-01
2.575470805168151855e-01
-7.905228734016418457e-01
-9.821605086326599121e-01
5.772473812103271484e-01
-8.334052562713623047e-01
-2.932254374027252197e-01
6.960757970809936523e-01
-7.689276933670043945e-01
-4.597785770893096924e-01
2.846976816654205322e-01
6.988601684570312500e-01
1.169860005378723145e+00
-2.187852859497070312e+00
-2.238093614578247070e+00
-5.703402757644653320e-01
-1.320063471794128418e+00
-6.116147637367248535e-01
-1.255134582519531250e+00
1.207847714424133301e+00
7.479186058044433594e-01
-1.063293814659118652e+00
2.240742929279804230e-02
-1.512956023216247559e+00
-9.458969235420227051e-01
2.927314043045043945e+00
1.043700337409973145e+00
-6.410679221153259277e-01
3.629471659660339355e-01
-1.999777436256408691e+00
-1.125061869621276855e+00
2.138535976409912109e+00
6.829504370689392090e-01
1.170888066291809082e+00
-1.874370336532592773e+00
-7.709021568298339844e-01
1.096304178237915039e+00
6.300476789474487305e-01
-1.121027827262878418e+00
1.267490863800048828e+00
-9.312704801559448242e-01
1.636788129806518555e+00
-2.838125228881835938e-01
9.061810374259948730e-01
9.134866595268249512e-01
2.150900125503540039e+00
-1.287488698959350586e+00
9.008226990699768066e-01
-2.371849268674850464e-01
-3.017260551452636719e+00
1.347193360328674316e+00
-1.686007499694824219e+00
-4.948831722140312195e-02
