1.041564345359802246e+00
-4.049285650253295898e-01
-1.441399335861206055e+00
1.067588925361633301e+00
8.860634565353393555e-01
-4.954434335231781006e-01
4.572876170277595520e-02
-9.462010264396667480e-01
-8.384838700294494629e-01
-6.507719755172729492e-01
1.244899868965148926e+00
6.790499687194824219e-01
1.195030570030212402e+00
3.430903255939483643e-01
-1.203660249710083008e+00
-5.760383605957031250e-01
-5.262998938560485840e-01
8.841921091079711914e-01
-9.023130536079406738e-01
7.705165743827819824e-01
2.342836856842041016e+00
-1.937155008316040039e+00
-3.377186506986618042e-02
-6.978067755699157715e-01
8.030666708946228027e-01
2.385620623826980591e-01
7.521688938140869141e-01
-3.064254999160766602e+00
9.285256266593933105e-03
1.705165863037109375e+00
-7.036383748054504395e-01
-3.806931078433990479e-01
-5.631757378578186035e-01
6.735786199569702148e-01
-3.902792036533355713e-01
4.487484991550445557e-01
2.378962278366088867e+00
-2.282711982727050781e+00
1.361569166183471680e+00
-2.798764944076538086e+00
-1.415320396423339844e+00
-3.661367654800415039e+00
2.572157382965087891e-01
-3.096423149108886719e-01
-6.706153750419616699e-01
-3.950510323047637939e-01
-1.076176643371582031e+00
1.450676321983337402e+00
-3.418835401535034180e-01
-1.508531093597412109e+00
8.895411491394042969e-01
3.853481709957122803e-01
-2.499023675918579102e-01
9.336957335472106934e-01
-9.374308586120605469e-01
2.291392683982849121e-01
-3.714120149612426758e+00
-2.502230405807495117e+00
7.811365127563476562e-01
-1.667611956596374512e+00
2.061027139425277710e-01
