1.424053162336349487e-01
9.493955969810485840e-01
9.370945692062377930e-01
2.801720499992370605e-01
6.910231709480285645e-01
7.765600681304931641e-01
1.879957318305969238e-01
-1.894811838865280151e-01
-6.557638049125671387e-01
-1.058111786842346191e+00
-2.866570651531219482e-01
-1.090201258659362793e+00
6.224715709686279297e-01
-6.293667554855346680e-01
9.250321984291076660e-01
9.179926514625549316e-01
-7.140290737152099609e-01
7.777251005172729492e-01
-6.509484648704528809e-01
-1.498828530311584473e-01
3.468326330184936523e-01
2.687736034393310547e+00
6.602206826210021973e-01
-1.389515876770019531e+00
-4.689337313175201416e-01
-2.182495355606079102e+00
8.006731867790222168e-01
1.308846831321716309e+00
1.217797875404357910e+00
-4.097835123538970947e-01
-1.495032906532287598e+00
-2.027472019195556641e+00
-1.179127335548400879e+00
-1.725869923830032349e-01
-6.367401480674743652e-01
-1.612671464681625366e-01
-2.542019128799438477e+00
-1.263044476509094238e-01
3.964914083480834961e-01
-3.254197239875793457e-01
3.143680572509765625e+00
-1.592377781867980957e+00
-2.445277124643325806e-01
2.719681978225708008e+00
-6.313534379005432129e-01
-1.856787681579589844e+00
2.759948492050170898e+00
-2.553493261337280273e+00
9.896823167800903320e-01
-3.221813440322875977e-01
-1.934437990188598633e+00
1.042178034782409668e+00
-7.666357159614562988e-01
-1.335508935153484344e-02
7.873799204826354980e-01
8.480832576751708984e-01
1.203833699226379395e+00
-3.728641271591186523e-01
7.188696265220642090e-01
-1.585386753082275391e+00
4.512421041727066040e-02
