-1.053313612937927246e+00
-5.515580177307128906e-01
-1.376786589622497559e+00
7.765685915946960449e-01
-8.572807312011718750e-01
-8.876421451568603516e-01
4.327577650547027588e-01
9.117068052291870117e-01
1.429267048835754395e+00
1.160293936729431152e+00
2.165839821100234985e-01
-9.603187441825866699e-01
1.328310251235961914e+00
1.090016245841979980e+00
1.482509732246398926e+00
-1.746974289417266846e-01
-8.985361456871032715e-01
1.253497242927551270e+00
2.937211990356445312e-01
9.871807694435119629e-01
-4.967074096202850342e-01
2.723775148391723633e+00
5.816936492919921875e-01
2.922719717025756836e+00
1.729911565780639648e-01
-3.269336700439453125e+00
1.891145348548889160e+00
-3.062300682067871094e+00
1.943999081850051880e-01
5.487595200538635254e-01
-3.594011664390563965e-01
-2.733545064926147461e+00
3.312202394008636475e-01
-2.538151264190673828e+00
2.519118785858154297e-01
8.325103670358657837e-02
-1.771134853363037109e+00
-1.540542721748352051e+00
9.520739316940307617e-01
-6.099511384963989258e-01
1.026861369609832764e-02
-1.946102499961853027e+00
6.327849030494689941e-01
1.613832473754882812e+00
-4.940347671508789062e-01
2.144027233123779297e+00
2.487906694412231445e+00
-1.519244670867919922e+00
-1.700754463672637939e-01
-2.721843719482421875e-01
1.194258332252502441e+00
1.316438555717468262e+00
4.165875315666198730e-01
-1.323377013206481934e+00
-1.507950015366077423e-02
-2.562607765197753906e+00
1.628947257995605469e+00
-8.371976613998413086e-01
6.473926901817321777e-01
1.434105157852172852e+00
-2.038724953308701515e-03
