3.830289542675018311e-01
-9.295836687088012695e-01
6.756330132484436035e-01
1.004855871200561523e+00
-8.585402369499206543e-01
-3.441745042800903320e-01
-1.670483946800231934e+00
1.162470340728759766e+00
-8.747931718826293945e-01
-4.535121023654937744e-01
-4.543303251266479492e-01
-7.621616125106811523e-01
9.315193295478820801e-01
-4.080652594566345215e-01
2.325772941112518311e-01
-4.570936784148216248e-02
1.081209421157836914e+00
6.957229971885681152e-01
1.197922229766845703e+00
-8.281573653221130371e-01
1.856929540634155273e+00
4.843330681324005127e-01
-2.087138414382934570e+00
2.405314683914184570e+00
1.486139893531799316e+00
-1.290437579154968262e+00
-6.875545382499694824e-01
-9.123445302248001099e-02
-2.996234178543090820e+00
2.008969783782958984e+00
3.055259227752685547e+00
1.970501065254211426e+00
3.454465419054031372e-02
-1.316685795783996582e+00
4.285371601581573486e-01
1.600800275802612305e+00
5.242010951042175293e-01
-1.720681190490722656e+00
3.996289074420928955e-01
-1.178198218345642090e+00
1.669590950012207031e+00
-5.896189212799072266e-01
-1.725524425506591797e+00
-1.397662997245788574e+00
9.824382066726684570e-01
-7.721868753433227539e-01
-2.621372230350971222e-02
9.325724095106124878e-02
1.906663894653320312e+00
-4.164042949676513672e+00
1.664650797843933105e+00
1.450184464454650879e+00
-1.963766366243362427e-01
-2.107227802276611328e+00
3.626926243305206299e-01
-4.173468112945556641e+00
4.660971760749816895e-01
8.312499523162841797e-01
1.193673387169837952e-01
5.301107764244079590e-01
2.700363397598266602e+00
