-7.707288861274719238e-01
-5.717678070068359375e-01
-8.548789024353027344e-01
-6.397898197174072266e-01
4.150154888629913330e-01
-6.178033351898193359e-01
-2.666118144989013672e-01
7.211822867393493652e-01
-2.382014691829681396e-01
-4.570480585098266602e-01
-5.712234377861022949e-01
-2.368537187576293945e-01
6.199988722801208496e-01
-5.928822755813598633e-01
1.918974369764328003e-01
-8.422862291336059570e-01
1.680948883295059204e-01
-5.849820747971534729e-02
-7.866328358650207520e-01
5.795387029647827148e-01
-1.331980586051940918e+00
1.634220004081726074e+00
8.169949650764465332e-01
7.811087965965270996e-01
1.700644969940185547e+00
2.055934667587280273e+00
1.082360386848449707e+00
-2.147007465362548828e+00
8.845179080963134766e-01
-1.879886746406555176e+00
9.935811161994934082e-01
8.579587936401367188e-01
-1.140208721160888672e+00
-6.818603724241256714e-02
-1.058539077639579773e-01
3.690790012478828430e-02
5.007604360580444336e-01
-8.352590799331665039e-01
-2.249844074249267578e+00
-7.124794721603393555e-01
1.416198611259460449e+00
-1.334357738494873047e+00
-8.548042178153991699e-01
5.138612985610961914e-01
3.188982009887695312e+00
1.683966636657714844e+00
-1.416899681091308594e+00
-1.726195573806762695e+00
-2.396333694458007812e+00
1.100598335266113281e+00
8.292927145957946777e-01
-1.479194879531860352e+00
-8.275659084320068359e-01
-2.495757788419723511e-01
6.152282953262329102e-01
-3.865531384944915771e-01
5.702946186065673828e-01
-2.227508068084716797e+00
1.442996025085449219e+00
-5.226625800132751465e-01
-8.418380022048950195e-01
