-7.313459515571594238e-01
1.023024916648864746e+00
-9.469774365425109863e-01
1.557807028293609619e-01
4.934994876384735107e-01
4.933897554874420166e-01
-7.630001306533813477e-01
-3.077912926673889160e-01
-1.061666250228881836e+00
1.008127570152282715e+00
-5.709211230278015137e-01
7.326884865760803223e-01
-1.082271575927734375e+00
8.778565526008605957e-01
7.792772054672241211e-01
-9.008069038391113281e-01
1.128019452095031738e+00
-4.235985875129699707e-01
-1.476200073957443237e-01
-1.276112794876098633e-01
1.171609610319137573e-01
-5.951709151268005371e-01
-2.735099792480468750e-01
3.089841455221176147e-02
4.854281246662139893e-01
-2.362066507339477539e+00
2.446134567260742188e+00
9.395828843116760254e-01
-5.629403591156005859e-01
-2.223410457372665405e-01
-2.965024948120117188e+00
2.434200048446655273e+00
-8.967871218919754028e-02
-1.981610953807830811e-01
1.959924340248107910e+00
2.023525714874267578e+00
-4.024646878242492676e-01
2.504348754882812500e+00
-4.489103257656097412e-01
-9.447363018989562988e-01
-8.465594798326492310e-02
1.036775484681129456e-01
-1.745398283004760742e+00
2.486168861389160156e+00
-6.311840415000915527e-01
2.472040176391601562e+00
1.904656171798706055e+00
7.748221158981323242e-01
-2.202810347080230713e-01
9.085109829902648926e-01
-2.835461854934692383e+00
-1.168135166168212891e+00
9.633858799934387207e-01
-3.983037173748016357e-01
-1.778589844703674316e+00
1.243858218193054199e+00
3.011023402214050293e-01
-1.784932494163513184e+00
5.976052880287170410e-01
-1.053832530975341797e+00
1.303035318851470947e-01
