2.611411213874816895e-01
-1.067955493927001953e+00
-6.329902410507202148e-01
9.128070473670959473e-01
-5.619878172874450684e-01
-9.122443199157714844e-01
6.437610983848571777e-01
1.115087747573852539e+00
1.444151997566223145e-01
-3.163141012191772461e-01
-1.415518224239349365e-01
9.357609748840332031e-01
7.484947443008422852e-01
-8.198961019515991211e-01
8.606042265892028809e-01
8.631391525268554688e-01
8.803723454475402832e-01
-3.312985301017761230e-01
-1.077976226806640625e+00
-3.850558400154113770e-01
-1.323446989059448242e+00
2.199434280395507812e+00
1.076172351837158203e+00
-2.725104331970214844e+00
7.875171899795532227e-01
-1.019680500030517578e+00
4.806729555130004883e-01
-1.399032235145568848e+00
8.651480078697204590e-02
-1.378903150558471680e+00
1.738577783107757568e-01
5.028856396675109863e-01
-4.777635261416435242e-02
-6.958034634590148926e-01
7.460042834281921387e-01
3.036757707595825195e+00
2.119422912597656250e+00
-1.470708012580871582e+00
4.695234596729278564e-01
-1.801269769668579102e+00
3.710255622863769531e+00
1.214948296546936035e+00
-3.652592599391937256e-01
-1.517580986022949219e+00
-2.731845080852508545e-01
6.070102453231811523e-01
-1.273188889026641846e-01
-7.060008645057678223e-01
1.433733344078063965e+00
-9.969253540039062500e-01
-1.531269907951354980e+00
2.092420905828475952e-01
2.956573069095611572e-01
-2.497098892927169800e-01
4.683322906494140625e-01
-1.701867103576660156e+00
-1.537999629974365234e+00
-1.002132177352905273e+00
1.495818048715591431e-01
-1.142059206962585449e+00
1.047916769981384277e+00
