-7.734875679016113281e-01
6.195670366287231445e-01
-8.275998830795288086e-01
-3.817501366138458252e-01
-8.473381400108337402e-01
4.568861126899719238e-01
3.444785177707672119e-01
7.104682326316833496e-01
7.212138175964355469e-01
-1.042072623968124390e-01
-1.089763045310974121e+00
-6.242566704750061035e-01
8.537498712539672852e-01
-5.176006257534027100e-02
7.332767844200134277e-01
1.020336389541625977e+00
7.025566101074218750e-01
8.625532984733581543e-01
-7.742214798927307129e-01
7.503078579902648926e-01
-1.095267415046691895e+00
-2.441081762313842773e+00
-1.405065178871154785e+00
-5.760656595230102539e-01
-2.791378974914550781e+00
2.111909627914428711e+00
8.026834726333618164e-01
-2.415647029876708984e+00
1.977030187845230103e-01
7.191869616508483887e-01
-4.704171419143676758e-02
-3.835380971431732178e-01
-1.736939996480941772e-01
7.304785847663879395e-01
-1.460319280624389648e+00
1.338357210159301758e+00
-4.422401189804077148e-01
-8.554947562515735626e-03
-1.566247463226318359e+00
-1.708552956581115723e+00
9.545875787734985352e-01
3.213160037994384766e+00
8.466599583625793457e-01
-1.071882009506225586e+00
2.021040439605712891e+00
2.514358282089233398e+00
1.117708325386047363e+00
-1.689121723175048828e+00
-1.873818635940551758e-01
-1.094404101371765137e+00
-6.302798986434936523e-01
3.133096918463706970e-02
-2.697890400886535645e-01
-1.940456509590148926e+00
-8.826064467430114746e-01
1.382800221443176270e+00
-1.700534820556640625e-01
7.392374277114868164e-01
1.266166329383850098e+00
-1.208116412162780762e+00
1.432963609695434570e+00
