-1.082092761993408203e+00
-3.265608847141265869e-01
1.223904848098754883e+00
1.110093474388122559e+00
-9.559642076492309570e-01
1.036986112594604492e+00
-1.525103151798248291e-01
3.283224999904632568e-01
-8.781602978706359863e-01
-1.277213692665100098e+00
3.059906959533691406e-01
3.678798675537109375e-01
8.461459875106811523e-01
1.480606555938720703e+00
-1.500084757804870605e+00
-6.166318655014038086e-01
-3.777697086334228516e-01
-9.605696201324462891e-01
1.080490112304687500e+00
9.045833349227905273e-01
1.875962495803833008e+00
-2.418386697769165039e+00
2.456774950027465820e+00
1.330348134040832520e+00
1.407860875129699707e+00
2.872339010238647461e+00
3.613897562026977539e-01
-1.464292287826538086e+00
-1.073764562606811523e+00
6.087852120399475098e-01
-1.403728604316711426e+00
-4.265503883361816406e-01
-1.513932466506958008e+00
8.872510492801666260e-02
8.008852005004882812e-01
-8.384503126144409180e-01
-1.439888358116149902e+00
3.360901832580566406e+00
-2.708288192749023438e+00
3.201014757156372070e+00
1.107277035713195801e+00
-1.390078186988830566e+00
-1.221650242805480957e+00
-1.682844042778015137e+00
1.046811699867248535e+00
-1.536735415458679199e+00
-1.418604016304016113e+00
1.208671212196350098e+00
-1.347186803817749023e+00
-5.706560015678405762e-01
2.913111925125122070e+00
1.094539999961853027e+00
1.675273060798645020e+00
-6.648260354995727539e-02
3.437978029251098633e-01
-5.948851704597473145e-01
-4.132335186004638672e+00
1.699131131172180176e+00
-1.805025100708007812e+00
-1.384531378746032715e+00
-3.783032000064849854e-01
