-1.606788188219070435e-01
2.646094858646392822e-01
-2.167168408632278442e-01
9.015685319900512695e-01
8.535748720169067383e-01
7.622631192207336426e-01
1.912997663021087646e-01
-4.941335916519165039e-01
-9.535243511199951172e-01
-8.667346090078353882e-02
-9.911721348762512207e-01
8.952702283859252930e-01
-5.436130166053771973e-01
1.146803975105285645e+00
3.386056125164031982e-01
-1.039647221565246582e+00
1.077325940132141113e+00
-8.979765176773071289e-01
-2.989463806152343750e-01
3.753682374954223633e-01
2.044435292482376099e-01
8.915790319442749023e-01
9.004136323928833008e-01
-3.350638866424560547e+00
-1.480700731277465820e+00
-9.282046556472778320e-01
-8.263817429542541504e-01
1.755529642105102539e+00
2.056032717227935791e-01
5.252957940101623535e-01
-7.368061542510986328e-01
-2.527873039245605469e+00
8.764001131057739258e-01
1.623536944389343262e+00
-1.366268634796142578e+00
-3.382531404495239258e+00
2.446361780166625977e+00
2.023667812347412109e+00
-3.021638393402099609e-01
1.400233030319213867e+00
-1.854784011840820312e+00
2.949902057647705078e+00
-1.077879786491394043e+00
-2.187563419342041016e+00
-5.924587249755859375e-01
2.310668081045150757e-01
1.497729897499084473e+00
-2.329404592514038086e+00
-4.660342037677764893e-01
-7.916418313980102539e-01
3.917461335659027100e-01
-1.791339516639709473e+00
7.239780575037002563e-02
-9.011273980140686035e-01
1.074012637138366699e+00
1.471259951591491699e+00
-1.894082903861999512e+00
1.055197715759277344e+00
-1.641648411750793457e-01
2.155706405639648438e+00
3.655942082405090332e-01
