-9.028643369674682617e-01
-2.078338265419006348e-01
-3.085717558860778809e-01
-7.642520666122436523e-01
7.738040089607238770e-01
4.592757523059844971e-01
8.990530371665954590e-01
-9.908392429351806641e-01
-1.135392546653747559e+00
-2.322270870208740234e-01
-1.017500281333923340e+00
-9.530792832374572754e-01
9.832843542098999023e-01
3.133912384510040283e-01
8.840899467468261719e-01
3.367183208465576172e-01
-8.936501741409301758e-01
3.993524909019470215e-01
-8.689910173416137695e-01
8.040241003036499023e-01
1.842044234275817871e+00
7.157643437385559082e-01
1.337790608406066895e+00
6.893979310989379883e-01
4.106319248676300049e-01
2.403568983078002930e+00
2.511179685592651367e+00
-1.822442412376403809e+00
-9.207714796066284180e-01
8.437976837158203125e-01
1.174686312675476074e+00
1.185849905014038086e+00
5.976679325103759766e-01
-9.638714194297790527e-01
-2.815252542495727539e+00
7.763127982616424561e-02
-2.940358221530914307e-01
-1.166435718536376953e+00
-5.215035676956176758e-01
4.562695920467376709e-01
1.863239884376525879e+00
-2.034689188003540039e+00
-1.529685735702514648e+00
5.562793016433715820e-01
7.345929145812988281e-01
3.189616203308105469e+00
-1.552946448326110840e+00
1.268116950988769531e+00
8.776827454566955566e-01
-2.019659757614135742e+00
-1.355116844177246094e+00
1.131964087486267090e+00
-1.884269118309020996e-01
6.507479548454284668e-01
-2.404820919036865234e+00
2.025061696767807007e-01
-3.035923838615417480e-01
8.902805447578430176e-01
-4.196475148200988770e-01
6.863808035850524902e-01
1.815426796674728394e-01
