-6.401361823081970215e-01
-7.899680733680725098e-01
7.155765891075134277e-01
-8.194454312324523926e-01
2.515137195587158203e-01
-4.386094212532043457e-01
-7.255155444145202637e-01
9.698520302772521973e-01
-8.870756626129150391e-01
7.902082204818725586e-01
1.019007563591003418e+00
7.418334484100341797e-01
1.155184030532836914e+00
7.978716492652893066e-01
7.598434090614318848e-01
-3.426142334938049316e-01
7.627418041229248047e-01
-3.971482813358306885e-01
-8.405998349189758301e-01
8.965633511543273926e-01
2.629745602607727051e-01
-2.545635461807250977e+00
2.300458997488021851e-01
-3.398358821868896484e-01
1.295710802078247070e+00
1.646190166473388672e+00
1.472994446754455566e+00
2.046353578567504883e+00
-7.564739584922790527e-01
5.263931676745414734e-02
4.281066358089447021e-01
1.115462541580200195e+00
2.581118047237396240e-01
1.083261847496032715e+00
-1.135546088218688965e+00
1.910188794136047363e+00
-2.424026012420654297e+00
-1.760677337646484375e+00
5.746191740036010742e-01
6.548763811588287354e-02
-9.032549262046813965e-01
2.066951274871826172e+00
-9.278827309608459473e-01
2.998457849025726318e-01
2.752037286758422852e+00
-1.660238146781921387e+00
1.416092157363891602e+00
-1.476898193359375000e+00
4.668382108211517334e-01
-5.778734087944030762e-01
9.513739347457885742e-01
1.902682542800903320e+00
5.092891454696655273e-01
-7.785921692848205566e-01
-4.768144190311431885e-01
-2.737267494201660156e+00
-1.939452052116394043e+00
-1.984896421432495117e+00
-1.098740696907043457e+00
-1.779284030199050903e-01
-1.828192770481109619e-01
