3.646253943443298340e-01
8.074703812599182129e-01
2.352984845638275146e-01
7.590653300285339355e-01
-7.690877914428710938e-01
-1.015785455703735352e+00
8.614894151687622070e-01
1.117277517914772034e-01
5.843732357025146484e-01
1.599966287612915039e-01
7.040170431137084961e-01
7.845395207405090332e-01
-1.130115389823913574e+00
-8.566915392875671387e-01
-1.593462824821472168e-01
4.363789558410644531e-01
-9.741712212562561035e-01
-1.219668507575988770e+00
-8.000146150588989258e-01
-7.721040248870849609e-01
1.596262335777282715e+00
-4.479016363620758057e-01
8.800976276397705078e-01
-7.296810150146484375e-01
2.510845661163330078e+00
-1.872230768203735352e-01
-7.966537475585937500e-01
-3.678505122661590576e-02
-3.026175975799560547e+00
-9.906614571809768677e-02
3.604294657707214355e-01
-3.729423880577087402e-01
-2.228104352951049805e+00
1.669715285301208496e+00
-3.089798986911773682e-01
-1.314657926559448242e+00
-2.896108627319335938e+00
-1.263633251190185547e+00
2.206073999404907227e+00
6.273401379585266113e-01
3.275105714797973633e+00
1.627475917339324951e-01
7.399942278861999512e-01
-2.760671973228454590e-01
1.853091359138488770e+00
-1.005408018827438354e-01
-3.936971724033355713e-01
1.864897608757019043e+00
1.992683053016662598e+00
8.120809793472290039e-01
5.767153501510620117e-01
2.570424675941467285e-01
1.554605126380920410e+00
1.494653224945068359e+00
-9.504991173744201660e-01
2.314852237701416016e+00
1.940101265907287598e+00
6.104347109794616699e-01
1.453990578651428223e+00
-1.033972382545471191e+00
-5.442998409271240234e-01
