-4.194121658802032471e-01
7.769790887832641602e-01
2.453792095184326172e-01
9.056989550590515137e-01
-1.061292886734008789e+00
8.342304229736328125e-01
1.025605440139770508e+00
7.620140910148620605e-01
-4.397696256637573242e-01
-1.012904405593872070e+00
3.317168354988098145e-01
7.883438467979431152e-01
4.110150933265686035e-01
-9.411118030548095703e-01
6.710724234580993652e-01
1.719764433801174164e-02
-2.235856801271438599e-01
7.678635120391845703e-01
7.289165854454040527e-01
-1.106114149093627930e+00
-2.058035612106323242e+00
-3.745410218834877014e-02
5.051132440567016602e-01
4.767470359802246094e-01
5.743587017059326172e-01
1.967830896377563477e+00
-4.359151422977447510e-01
2.565345287322998047e+00
-1.058482408523559570e+00
1.784836769104003906e+00
1.606126070022583008e+00
1.406592279672622681e-01
-2.154105424880981445e+00
2.577904462814331055e+00
-9.686464071273803711e-02
-6.132242083549499512e-02
-6.413803100585937500e-01
2.956623733043670654e-01
6.394218206405639648e-01
7.549324035644531250e-01
-1.849478363990783691e+00
2.248161658644676208e-02
1.288614392280578613e+00
6.493312716484069824e-01
1.528107672929763794e-01
-1.480692386627197266e+00
4.256445467472076416e-01
-1.859770536422729492e+00
6.406070590019226074e-01
9.868994355201721191e-01
1.908078074455261230e+00
4.128145873546600342e-01
3.333654165267944336e+00
1.389289736747741699e+00
3.965890407562255859e-01
-1.107032775878906250e+00
-1.015294671058654785e+00
-1.888897567987442017e-01
-2.054763138294219971e-01
2.352550923824310303e-01
-6.706748157739639282e-03
