4.411511421203613281e-01
8.216698765754699707e-01
4.343645870685577393e-01
-1.445611119270324707e-01
-1.018423914909362793e+00
-9.324452877044677734e-01
9.099007844924926758e-01
-9.451282024383544922e-01
-2.946179807186126709e-01
1.406736522912979126e-01
-4.207600951194763184e-01
1.027589321136474609e+00
-1.294865012168884277e-01
3.509359359741210938e-01
7.533084154129028320e-01
-3.316749632358551025e-01
8.269548416137695312e-02
-8.632059097290039062e-01
5.986998677253723145e-01
8.800676465034484863e-01
6.328225731849670410e-01
-1.197245121002197266e+00
-6.582061052322387695e-01
5.975676774978637695e-01
2.223412513732910156e+00
1.183547496795654297e+00
-2.776533126831054688e+00
-1.367346882820129395e+00
-1.131362318992614746e+00
-2.717779874801635742e-01
-1.919857501983642578e+00
2.443898200988769531e+00
8.682768940925598145e-01
-1.582995772361755371e+00
2.810079753398895264e-01
-1.393823146820068359e+00
-8.020649105310440063e-02
1.284811735153198242e+00
-4.352206885814666748e-01
2.965718507766723633e+00
7.793027162551879883e-01
-3.959281146526336670e-01
-9.523487836122512817e-02
-2.167681694030761719e+00
1.188450336456298828e+00
4.494512975215911865e-01
-1.689361929893493652e+00
1.038988590240478516e+00
-1.380288481712341309e+00
3.157377243041992188e-01
-1.416880726814270020e+00
-1.633676171302795410e+00
-9.713352322578430176e-01
3.133833169937133789e+00
7.273599505424499512e-01
-1.946540832519531250e+00
1.023945689201354980e+00
5.186327695846557617e-01
8.600850105285644531e-01
-2.189882516860961914e+00
1.243086695671081543e+00
