2.430620491504669189e-01
-1.126919984817504883e+00
4.634042382240295410e-01
7.285046577453613281e-01
9.922612309455871582e-01
9.862301945686340332e-01
-8.440186977386474609e-01
9.143234044313430786e-02
1.045406460762023926e+00
1.092303991317749023e+00
-2.469284236431121826e-01
-9.197229743003845215e-01
1.136475563049316406e+00
1.086409687995910645e+00
-1.176197409629821777e+00
5.586341619491577148e-01
9.761242270469665527e-01
5.568208694458007812e-01
-1.095457673072814941e+00
1.054780244827270508e+00
8.770478963851928711e-01
2.370323752984404564e-03
8.529794961214065552e-02
-7.600929141044616699e-01
-2.247521579265594482e-01
-8.070462346076965332e-01
-1.687670350074768066e-01
-2.776434421539306641e-01
4.930016025900840759e-02
2.253442764282226562e+00
1.364701509475708008e+00
3.088474512100219727e+00
9.965802729129791260e-02
-2.425960540771484375e+00
8.294726610183715820e-01
2.640361070632934570e+00
-5.192644000053405762e-01
-2.532716035842895508e+00
1.174992546439170837e-01
3.350183486938476562e+00
1.643858194351196289e+00
-4.246405363082885742e-01
7.408037781715393066e-01
-1.855243146419525146e-01
1.583490371704101562e-01
-2.251003235578536987e-01
3.850331306457519531e-01
1.390870809555053711e+00
3.746614158153533936e-01
-1.543969511985778809e+00
-9.101296067237854004e-01
1.995935559272766113e+00
1.381498277187347412e-01
-1.335319757461547852e+00
-3.909992277622222900e-01
2.017712116241455078e+00
-1.041418164968490601e-01
2.652780055999755859e+00
-7.245969772338867188e-02
-1.580291509628295898e+00
2.703560590744018555e-01
