1.466616988182067871e-01
1.150670886039733887e+00
9.084910154342651367e-01
3.005557358264923096e-01
9.785891175270080566e-01
-9.316592812538146973e-01
1.606521457433700562e-01
1.807333528995513916e-01
-9.045947194099426270e-01
-8.226903676986694336e-01
9.205611348152160645e-01
-7.973698377609252930e-01
1.013053059577941895e+00
-1.058718085289001465e+00
-1.394783705472946167e-01
-1.004338622093200684e+00
1.399220377206802368e-01
-3.332562148571014404e-01
1.577456891536712646e-01
9.668590873479843140e-02
3.658524155616760254e-01
2.410124614834785461e-02
-3.093527317047119141e+00
-1.355069398880004883e+00
-5.127121210098266602e-01
2.139955043792724609e+00
-7.822042107582092285e-01
5.171618461608886719e-01
5.260240435600280762e-01
-2.516241312026977539e+00
1.801347970962524414e+00
-1.115042209625244141e+00
-1.183163642883300781e+00
1.528452932834625244e-01
-5.146353319287300110e-02
6.155835390090942383e-01
-3.067518472671508789e-01
-1.441307306289672852e+00
4.471538066864013672e-01
-1.929941773414611816e-02
1.483720183372497559e+00
-1.518445014953613281e-01
-1.898186564445495605e+00
2.093993425369262695e+00
-1.745443940162658691e-01
1.849619150161743164e+00
1.258689403533935547e+00
2.875734329223632812e+00
2.188666164875030518e-01
2.395266294479370117e+00
-1.398547530174255371e+00
7.822445631027221680e-01
-4.863649308681488037e-01
-3.719623982906341553e-01
-1.125512123107910156e+00
-5.095661878585815430e-01
1.820417404174804688e+00
-1.414415001869201660e+00
1.460019350051879883e+00
3.996696472167968750e-01
-4.515038728713989258e-01
