7.122727036476135254e-01
4.208637773990631104e-01
-1.377137303352355957e-01
3.798427283763885498e-01
9.361045807600021362e-02
9.481999278068542480e-01
-3.566518127918243408e-01
4.601964950561523438e-01
7.849854826927185059e-01
1.027296185493469238e+00
-8.796318769454956055e-01
-8.415644168853759766e-01
1.013565301895141602e+00
1.290906429290771484e+00
-1.075274109840393066e+00
-1.217113256454467773e+00
1.133576273918151855e+00
-8.360035419464111328e-01
-9.241791963577270508e-01
-8.978257775306701660e-01
1.336613416671752930e+00
-3.803741931915283203e-01
1.642643958330154419e-01
-2.077907323837280273e+00
3.224980458617210388e-02
-2.454709053039550781e+00
-1.772843837738037109e+00
2.325860500335693359e+00
-2.786810696125030518e-01
2.377624988555908203e+00
3.439235091209411621e-01
-9.860614687204360962e-02
-1.879160642623901367e+00
-5.737035274505615234e-01
-8.053411841392517090e-01
-2.541506290435791016e-01
-1.404787302017211914e+00
1.737874895334243774e-01
-3.091196060180664062e+00
2.280096769332885742e+00
-4.061390161514282227e-01
1.749930083751678467e-01
-7.643569707870483398e-01
3.875221490859985352e+00
2.641281127929687500e+00
-1.087977886199951172e+00
-1.459163784980773926e+00
1.943768024444580078e+00
-2.210536450147628784e-01
-1.110534310340881348e+00
-3.910434544086456299e-01
-5.019007325172424316e-01
-5.973532199859619141e-01
-4.724284261465072632e-02
-4.265278279781341553e-01
-6.693673878908157349e-02
-5.927907228469848633e-01
-3.491755723953247070e-01
1.882830739021301270e+00
8.256169557571411133e-01
1.076806902885437012e+00
