-1.086858868598937988e+00
-3.009902238845825195e-01
1.056864857673645020e+00
2.775567770004272461e-01
-8.063350319862365723e-01
-9.222187399864196777e-01
8.067203164100646973e-01
-1.128721475601196289e+00
-4.186874628067016602e-01
-1.378002613782882690e-01
1.045852422714233398e+00
-9.350090026855468750e-01
3.800647556781768799e-01
-1.336872339248657227e+00
1.197139248251914978e-01
3.101769685745239258e-01
1.000724554061889648e+00
-9.912358522415161133e-01
2.509283721446990967e-01
1.053360581398010254e+00
1.662240266799926758e+00
-1.525642514228820801e+00
-3.463861942291259766e+00
-8.249807953834533691e-01
-1.196913838386535645e+00
4.909037798643112183e-02
-9.407830238342285156e-01
2.621344327926635742e+00
-2.129971504211425781e+00
4.266850948333740234e-01
2.363466739654541016e+00
3.358133435249328613e-01
-2.144865989685058594e+00
6.954725384712219238e-01
8.926760405302047729e-02
1.541028380393981934e+00
-4.803560078144073486e-01
-2.304931730031967163e-01
-1.377387762069702148e+00
3.449102640151977539e+00
5.905735492706298828e-01
-4.328258335590362549e-01
-1.605322718620300293e+00
2.213983535766601562e+00
5.392012596130371094e-01
-6.198177933692932129e-01
-2.886793017387390137e-01
1.712523698806762695e+00
-2.280636548995971680e+00
-5.744916796684265137e-01
-1.734871745109558105e+00
-1.262870430946350098e-01
2.779482841491699219e+00
-6.231364607810974121e-02
7.568856477737426758e-01
2.208076715469360352e+00
-9.954804554581642151e-03
-6.638609766960144043e-01
1.570073127746582031e+00
-1.567786455154418945e+00
8.022012114524841309e-01
