-7.439154982566833496e-01
-4.330061972141265869e-01
-7.608752846717834473e-01
-6.233491897583007812e-01
-2.765534520149230957e-01
-9.730288386344909668e-02
2.297667115926742554e-01
-8.672580718994140625e-01
5.847800374031066895e-01
9.113148450851440430e-01
-6.644097566604614258e-01
6.472999453544616699e-01
8.171885609626770020e-01
7.418168187141418457e-01
-5.152391791343688965e-01
-3.987284898757934570e-01
-6.792392730712890625e-01
8.557507991790771484e-01
-3.175468146800994873e-01
-1.419077038764953613e+00
1.488321542739868164e+00
-1.911441683769226074e+00
-1.272853612899780273e+00
-1.067751407623291016e+00
7.603719830513000488e-01
5.791162252426147461e-01
9.873886704444885254e-01
-3.408536612987518311e-01
-1.033376216888427734e+00
-2.886293232440948486e-01
-9.017978310585021973e-01
1.754276633262634277e+00
2.606829702854156494e-01
-1.464620232582092285e+00
7.070964574813842773e-01
1.786985039710998535e+00
2.163041353225708008e+00
-5.979461222887039185e-02
-1.616403698921203613e+00
6.081453338265419006e-02
8.161643147468566895e-01
1.392824649810791016e+00
8.530020117759704590e-01
2.609316110610961914e-01
-7.991579174995422363e-01
6.710460186004638672e-01
6.757756471633911133e-01
-4.954540729522705078e-02
1.554143667221069336e+00
1.991855949163436890e-01
-9.169456958770751953e-01
-1.385645627975463867e+00
1.249252483248710632e-01
-7.561700344085693359e-01
3.001781702041625977e-01
-1.951879382133483887e+00
1.571163892745971680e+00
-1.705513745546340942e-01
-3.990257024765014648e+00
-6.505913287401199341e-02
-1.256236314773559570e+00
