-2.912715971469879150e-01
-1.547346234321594238e+00
-2.777942419052124023e-01
-9.657059907913208008e-01
-1.118162631988525391e+00
8.650999665260314941e-01
3.838825225830078125e-01
2.481449842453002930e-01
-2.601275742053985596e-01
-8.699987530708312988e-01
-7.340286970138549805e-01
-2.211533933877944946e-01
-2.362956255674362183e-01
-1.139203429222106934e+00
-8.874610662460327148e-01
3.636415004730224609e-01
1.161879301071166992e+00
1.009569168090820312e+00
8.867978453636169434e-01
1.059417247772216797e+00
1.314974784851074219e+00
-1.355984926223754883e+00
-3.472190797328948975e-01
1.436600089073181152e+00
-1.659250497817993164e+00
-2.160661935806274414e+00
-1.468150377273559570e+00
-8.617315888404846191e-01
-2.247317582368850708e-01
2.096541404724121094e+00
-9.568338394165039062e-01
9.031621813774108887e-01
7.481913566589355469e-01
-1.193358659744262695e+00
3.155767679214477539e+00
1.987611651420593262e+00
2.404958248138427734e+00
3.029733419418334961e+00
-1.220700383186340332e+00
-7.180276513099670410e-01
-1.249786972999572754e+00
2.393539100885391235e-01
-1.170163393020629883e+00
2.011233717203140259e-01
8.560718297958374023e-01
-1.274396300315856934e+00
1.632820248603820801e+00
1.076814293861389160e+00
-1.623149394989013672e+00
1.302715778350830078e+00
-9.971527457237243652e-01
-2.098891258239746094e+00
-1.007147789001464844e+00
4.160871505737304688e-01
2.399766206741333008e+00
3.779232501983642578e+00
-1.514237165451049805e+00
-1.750532627105712891e+00
-2.507786750793457031e-01
3.558633625507354736e-01
-6.263949275016784668e-01
