3.809602186083793640e-02
-3.133683800697326660e-01
1.036150336265563965e+00
1.059833884239196777e+00
-3.589421510696411133e-01
2.785180509090423584e-01
9.504929780960083008e-01
-1.003102302551269531e+00
2.822888493537902832e-01
-1.280949234962463379e+00
-4.414151906967163086e-01
4.071628749370574951e-01
-1.061485528945922852e+00
3.222657740116119385e-01
-1.092377066612243652e+00
1.741281270980834961e+00
-1.426056474447250366e-01
1.166818380355834961e+00
9.142832756042480469e-01
8.896632194519042969e-01
3.734803795814514160e-01
1.267787933349609375e+00
-9.478016495704650879e-01
-2.865797996520996094e+00
1.577329874038696289e+00
-5.464438796043395996e-01
-3.502229690551757812e+00
1.842180728912353516e+00
-1.036370038986206055e+00
-2.825634956359863281e+00
-1.081308960914611816e+00
1.938282489776611328e+00
2.061682939529418945e-01
-1.399082303047180176e+00
-3.331162214279174805e+00
1.384135961532592773e+00
-3.813560009002685547e-01
1.686404943466186523e+00
-9.054649472236633301e-01
-2.620839476585388184e-01
1.080278873443603516e+00
-1.873221397399902344e+00
3.492674604058265686e-02
-1.890019893646240234e+00
-1.296676993370056152e+00
5.002692341804504395e-01
-2.390376567840576172e+00
1.010197520256042480e+00
1.333814978599548340e+00
1.155467271804809570e+00
-5.657328367233276367e-01
3.939255952835083008e+00
-4.952391237020492554e-02
1.937302827835083008e+00
1.454874277114868164e+00
-5.425488576292991638e-02
-3.102489709854125977e-01
-1.094159364700317383e+00
2.594342231750488281e-01
8.836181759834289551e-01
-6.483986377716064453e-01
