5.771669149398803711e-01
-3.625198900699615479e-01
-1.434595704078674316e+00
8.768177032470703125e-01
2.214272767305374146e-01
4.551175832748413086e-01
1.042165994644165039e+00
-8.161372542381286621e-01
-5.949423909187316895e-01
-5.772065520286560059e-01
7.706170678138732910e-01
4.111388698220252991e-02
-8.241155147552490234e-01
-9.608328938484191895e-01
1.375312209129333496e+00
-1.215916648507118225e-01
1.247241854667663574e+00
-9.388679862022399902e-01
1.439495444297790527e+00
8.303436636924743652e-01
2.578029632568359375e+00
1.551032900810241699e+00
2.391245216131210327e-01
-7.659214735031127930e-01
-7.323359251022338867e-01
-2.193583488464355469e+00
-2.454670220613479614e-01
-2.363991498947143555e+00
1.223528027534484863e+00
1.190202593803405762e+00
-2.783056020736694336e+00
6.211330890655517578e-01
2.079034090042114258e+00
9.937282204627990723e-01
-3.508440852165222168e-01
3.632191121578216553e-01
-2.517526745796203613e-01
-1.718897223472595215e+00
1.442131400108337402e-01
3.830679133534431458e-02
2.278458118438720703e+00
-1.202321529388427734e+00
-1.760621219873428345e-01
8.770247697830200195e-01
1.116739749908447266e+00
1.881724715232849121e+00
-1.395920962095260620e-01
1.385472416877746582e+00
3.093375265598297119e-01
3.892695009708404541e-01
-2.222911596298217773e+00
1.658474326133728027e+00
1.148838877677917480e+00
-1.141847670078277588e-01
5.839864723384380341e-03
-1.014491081237792969e+00
1.308249216526746750e-02
1.142925620079040527e+00
1.233070716261863708e-01
2.395693063735961914e-01
-4.993790984153747559e-01
