9.874335527420043945e-01
-8.476036787033081055e-01
1.310860179364681244e-02
9.652572274208068848e-01
4.244453907012939453e-01
9.883240461349487305e-01
-1.005415201187133789e+00
-1.137969970703125000e+00
-9.623073786497116089e-02
-1.978960037231445312e-01
9.454442262649536133e-01
1.499476730823516846e-01
1.130598485469818115e-01
3.719142377376556396e-01
1.987342238426208496e-01
9.000148177146911621e-01
1.288719415664672852e+00
2.706713378429412842e-01
-2.684220969676971436e-01
1.008444666862487793e+00
-1.368219733238220215e+00
-2.629857301712036133e+00
-5.758168101310729980e-01
1.025524258613586426e+00
2.082156658172607422e+00
1.699654459953308105e+00
-2.228106021881103516e+00
-6.599969267845153809e-01
-1.921682000160217285e+00
7.157726883888244629e-01
-3.224632263183593750e+00
-3.528874218463897705e-01
3.581694960594177246e-01
1.114974077790975571e-02
-6.471319794654846191e-01
1.034161925315856934e+00
-3.579486906528472900e-01
-1.471770405769348145e+00
9.604409337043762207e-01
-2.359208345413208008e+00
-5.142664909362792969e-01
1.752357006072998047e+00
1.657019853591918945e-01
-1.284901797771453857e-01
2.899993658065795898e+00
-4.486081898212432861e-01
8.858489990234375000e-01
-2.548234164714813232e-01
-1.435540318489074707e+00
-7.349690198898315430e-01
-1.768743157386779785e+00
2.256155729293823242e+00
5.569834113121032715e-01
6.975806951522827148e-01
9.735018610954284668e-01
-3.331494927406311035e-01
2.721943259239196777e-01
1.666344642639160156e+00
-1.707000255584716797e+00
-1.737233638763427734e+00
-5.062630176544189453e-01
