-2.596342563629150391e-01
2.537082135677337646e-01
9.959504008293151855e-01
8.995252251625061035e-01
-1.614650934934616089e-01
-9.225152134895324707e-01
-4.288216829299926758e-01
-1.142365336418151855e+00
1.157381534576416016e+00
7.524742484092712402e-01
9.999666810035705566e-01
-2.283203601837158203e-01
-9.869759082794189453e-01
6.275414228439331055e-01
-1.096086621284484863e+00
-1.121202707290649414e+00
5.508418679237365723e-01
1.350575566291809082e+00
-1.763473600149154663e-01
-5.991641283035278320e-01
-4.583642780780792236e-01
1.369019031524658203e+00
-5.311846733093261719e-02
-2.974041700363159180e+00
-3.007270768284797668e-02
-2.857316732406616211e+00
-5.554566383361816406e-01
-1.379316329956054688e+00
-5.903409719467163086e-01
1.196338057518005371e+00
-2.267155408859252930e+00
6.542070508003234863e-01
9.789263606071472168e-01
2.622562348842620850e-01
-2.327355623245239258e+00
7.922038435935974121e-01
-2.825021982192993164e+00
8.725970387458801270e-01
-9.784172773361206055e-01
-2.886517345905303955e-01
-1.099098443984985352e+00
3.112493038177490234e+00
7.164664864540100098e-01
-1.742759704589843750e+00
-2.096453905105590820e+00
2.009511232376098633e+00
-1.099400401115417480e+00
5.556765794754028320e-01
-4.439332783222198486e-01
-3.186344504356384277e-01
-1.411858081817626953e+00
-1.214635014533996582e+00
7.834873199462890625e-01
-3.882999718189239502e-01
1.499601721763610840e+00
-9.919574260711669922e-01
1.992321729660034180e+00
3.757765144109725952e-02
-2.562121629714965820e+00
3.972877264022827148e-01
-2.112565517425537109e+00
