1.521497726440429688e+00
1.393908143043518066e+00
-2.083091586828231812e-01
-1.615482091903686523e+00
-2.169833518564701080e-02
-2.990917265415191650e-01
1.306748688220977783e-01
-1.335530877113342285e+00
1.211946010589599609e+00
1.296919584274291992e+00
8.915911912918090820e-01
-1.047442317008972168e+00
-9.658299088478088379e-01
-5.598288774490356445e-01
-1.121426701545715332e+00
-8.199287056922912598e-01
1.016579151153564453e+00
1.117778301239013672e+00
-8.015736937522888184e-01
-1.645071990787982941e-02
-6.645213961601257324e-01
5.081967115402221680e-01
8.887494802474975586e-01
4.785033762454986572e-01
-2.705582857131958008e+00
-1.817183017730712891e+00
-9.370330572128295898e-01
-2.181993961334228516e+00
1.621849276125431061e-02
-2.736960649490356445e-01
-3.348704099655151367e+00
-2.935599565505981445e+00
2.721251249313354492e+00
2.178939819335937500e+00
2.184305667877197266e+00
-6.483464241027832031e-01
1.947761893272399902e+00
4.279934406280517578e+00
-3.181299686431884766e+00
-2.282911241054534912e-01
1.057187393307685852e-01
-8.393313735723495483e-02
-1.576849222183227539e+00
1.061239242553710938e-01
1.149396538734436035e+00
-2.969887733459472656e+00
1.717860817909240723e+00
3.427229523658752441e-01
4.606323540210723877e-01
3.144146203994750977e-01
-2.428086757659912109e+00
1.932251453399658203e+00
2.310247421264648438e+00
-4.871726989746093750e+00
1.078612685203552246e+00
-8.218104243278503418e-01
-7.584477066993713379e-01
-1.817157387733459473e+00
-2.772871494293212891e+00
-1.323385357856750488e+00
1.086383819580078125e+00
