-1.426210403442382812e-01
7.305672764778137207e-01
1.525093615055084229e-01
1.065278768539428711e+00
4.191996455192565918e-01
7.216541767120361328e-01
-1.028108835220336914e+00
-1.182830452919006348e+00
8.520925045013427734e-01
-6.142708659172058105e-01
-7.051917910575866699e-01
4.306289553642272949e-01
-3.276969194412231445e-01
1.294506669044494629e+00
-3.820582032203674316e-01
1.167682185769081116e-01
8.994520306587219238e-01
3.737833797931671143e-01
8.978765606880187988e-01
8.541116714477539062e-01
-2.369738556444644928e-02
7.557171583175659180e-01
-1.648654937744140625e-01
3.265985846519470215e-01
-1.514010071754455566e+00
-2.583048105239868164e+00
-2.135814189910888672e+00
-9.825781583786010742e-01
-2.230693101882934570e+00
-3.382399082183837891e-01
-9.000004529953002930e-01
-5.813436508178710938e-01
-1.494476914405822754e+00
7.301945090293884277e-01
-5.601546764373779297e-01
1.275777220726013184e-01
2.851120233535766602e+00
-1.536769986152648926e+00
-1.505127787590026855e+00
-1.234852075576782227e+00
-2.390210866928100586e+00
-3.653104603290557861e-01
2.333820819854736328e+00
-2.834673412144184113e-02
1.846574664115905762e+00
-1.865395665168762207e+00
1.305600166320800781e+00
5.075251460075378418e-01
-1.907483100891113281e+00
2.233283827081322670e-03
-4.597819596529006958e-02
7.241746783256530762e-01
-1.969113945960998535e+00
3.508597910404205322e-01
-7.608743309974670410e-01
6.472716927528381348e-01
-1.714185237884521484e+00
1.627608418464660645e+00
-7.967405319213867188e-01
-5.273352861404418945e-01
1.312915086746215820e-01
