-2.313867658376693726e-01
3.952196538448333740e-01
-2.614196836948394775e-01
-7.099874615669250488e-01
6.231473684310913086e-01
-7.581192851066589355e-01
6.534018516540527344e-01
-5.545706748962402344e-01
-4.174014329910278320e-01
7.562493681907653809e-01
3.209971487522125244e-01
7.366820573806762695e-01
-8.011583089828491211e-01
-3.316585719585418701e-01
-7.472699284553527832e-01
-4.281958937644958496e-01
5.190386176109313965e-01
-3.723799064755439758e-02
-5.581820607185363770e-01
3.828745186328887939e-01
-1.081331133842468262e+00
1.075405836105346680e+00
8.893640041351318359e-01
-1.742124199867248535e+00
-3.334801495075225830e-01
-1.306932512670755386e-02
4.809269681572914124e-02
2.527884244918823242e-01
-2.147252082824707031e+00
-1.609203666448593140e-01
-1.474834561347961426e+00
-7.959197163581848145e-01
1.753684997558593750e+00
9.502960443496704102e-01
2.392971277236938477e+00
2.081629276275634766e+00
-8.818244338035583496e-01
5.608816742897033691e-01
-8.692045807838439941e-01
-1.005839705467224121e+00
-3.396602571010589600e-01
-4.518972635269165039e-01
-9.229537844657897949e-01
2.007307529449462891e+00
6.802060008049011230e-01
-9.779422730207443237e-02
6.702446937561035156e-01
2.968631386756896973e-01
-3.157072305679321289e+00
6.597607731819152832e-01
4.099765419960021973e-01
-4.225465357303619385e-01
1.415369629859924316e+00
-1.331889152526855469e+00
2.135019540786743164e+00
-1.615984916687011719e+00
-4.772820174694061279e-01
-1.572314858436584473e+00
5.258965492248535156e-01
8.701359629631042480e-01
3.317265808582305908e-01
