-8.874922394752502441e-01
-3.187723457813262939e-01
-7.913163900375366211e-01
-4.180579185485839844e-01
3.781127333641052246e-01
3.027255535125732422e-01
5.555240511894226074e-01
2.946709096431732178e-01
8.123197555541992188e-01
-6.770563721656799316e-01
6.641222238540649414e-01
-1.230104938149452209e-01
-2.733788490295410156e-01
9.161249399185180664e-01
8.364386558532714844e-01
3.545839488506317139e-01
-7.300824522972106934e-01
-6.797187924385070801e-01
7.739701867103576660e-01
3.591197133064270020e-01
3.347353339195251465e-01
1.377619504928588867e+00
1.884553670883178711e+00
-1.426107168197631836e+00
-1.818793535232543945e+00
-1.233875513076782227e+00
2.671774625778198242e-01
-7.236841917037963867e-01
-2.990301132202148438e+00
3.115966320037841797e-01
-7.424224615097045898e-01
-3.231551051139831543e-01
1.213167309761047363e+00
1.664333820343017578e+00
2.437550783157348633e+00
1.943897724151611328e+00
1.319226145744323730e+00
1.183282494544982910e+00
-2.039968729019165039e+00
-1.175414562225341797e+00
-1.331797242164611816e+00
-1.329002261161804199e+00
1.455715060234069824e+00
-2.097959280014038086e+00
1.439576148986816406e+00
1.120659470558166504e+00
-8.125600963830947876e-02
6.714065074920654297e-01
-2.032917022705078125e+00
1.839745640754699707e-01
-5.428844690322875977e-01
-1.005152106285095215e+00
-9.284959435462951660e-01
-1.588721513748168945e+00
-2.113106012344360352e+00
2.564529180526733398e+00
-1.529009699821472168e+00
1.061867952346801758e+00
-1.516613483428955078e+00
8.498632907867431641e-01
-5.414303541183471680e-01
