8.718742728233337402e-01
3.575076162815093994e-01
-9.578954577445983887e-01
-8.249746561050415039e-01
-8.425687551498413086e-01
-1.078153729438781738e+00
7.556790113449096680e-01
1.085997581481933594e+00
8.734804391860961914e-01
-9.909077882766723633e-01
4.666962027549743652e-01
-9.297425746917724609e-01
-1.678181141614913940e-01
-7.087999582290649414e-01
6.239587441086769104e-02
9.313225746154785156e-01
4.811751842498779297e-01
-1.119726777076721191e+00
8.135209083557128906e-01
1.347277879714965820e+00
-1.932672142982482910e+00
1.478396177291870117e+00
-7.288890331983566284e-02
2.652773618698120117e+00
-5.360614135861396790e-02
-9.109932184219360352e-01
1.548181414604187012e+00
2.566455304622650146e-01
2.202766656875610352e+00
-1.166592478752136230e+00
-2.503624677658081055e+00
-1.108112573623657227e+00
-3.872915804386138916e-01
-7.213512063026428223e-02
-9.929587244987487793e-01
1.606778651475906372e-01
1.820041894912719727e+00
6.292340755462646484e-01
2.885992050170898438e+00
8.529995083808898926e-01
-9.314258694648742676e-01
1.397645711898803711e+00
8.584587574005126953e-01
1.291779279708862305e+00
-8.956261277198791504e-01
2.221127599477767944e-01
-8.979776501655578613e-01
1.673405803740024567e-02
-1.359633088111877441e+00
-6.651725172996520996e-01
2.714428663253784180e+00
9.462822675704956055e-01
-2.135634869337081909e-01
-7.575567364692687988e-01
7.771127223968505859e-01
4.983140826225280762e-01
3.418700933456420898e+00
-2.265687286853790283e-01
-2.023025274276733398e+00
1.517979949712753296e-01
8.388010859489440918e-01
