-1.016195654869079590e+00
-9.100119471549987793e-01
-9.452324509620666504e-01
-2.297513633966445923e-01
1.807097792625427246e-01
8.889863491058349609e-01
3.808137476444244385e-01
-1.170712471008300781e+00
-8.427098989486694336e-01
-1.192634701728820801e+00
8.947592973709106445e-01
1.066086649894714355e+00
6.606862545013427734e-01
2.498580515384674072e-02
-3.973409235477447510e-01
9.294934272766113281e-01
2.271516770124435425e-01
-7.099215984344482422e-01
1.427888154983520508e+00
-1.038042902946472168e+00
2.365612030029296875e+00
9.476806521415710449e-01
-1.849995851516723633e+00
-1.142438203096389771e-01
-4.127635359764099121e-01
-3.029263615608215332e-01
-1.803379416465759277e+00
6.437693834304809570e-01
-2.554046154022216797e+00
2.303836494684219360e-01
-5.275299549102783203e-01
-4.842377603054046631e-01
3.980309963226318359e-01
-1.965735435485839844e+00
-1.880202889442443848e+00
-3.193951845169067383e+00
-1.158181786537170410e+00
9.610789269208908081e-02
-4.496916532516479492e-01
4.338405132293701172e-01
1.315939664840698242e+00
2.058869451284408569e-01
1.305303335189819336e+00
-4.871983528137207031e-01
1.414971470832824707e+00
-1.878579556941986084e-01
1.586421489715576172e+00
3.113756179809570312e-01
1.603671193122863770e+00
-4.349977374076843262e-01
-9.674117714166641235e-02
5.847450494766235352e-01
-1.620019823312759399e-01
-1.375185370445251465e+00
-3.351401090621948242e+00
-1.732563138008117676e+00
2.220518589019775391e+00
-2.111250609159469604e-01
-2.727478444576263428e-01
-5.782737731933593750e-01
-1.044334053993225098e+00
