-5.951861143112182617e-01
4.040645658969879150e-01
-6.365799307823181152e-01
9.537534117698669434e-01
8.687826991081237793e-01
-9.390844404697418213e-02
5.226339697837829590e-01
-8.634222745895385742e-01
-7.639909982681274414e-01
6.737452745437622070e-01
1.368336230516433716e-01
3.553994297981262207e-01
8.120825290679931641e-01
-8.422695398330688477e-01
4.700839892029762268e-02
-6.043186187744140625e-01
-8.410837650299072266e-01
8.210540413856506348e-01
-1.757675260305404663e-01
-4.667601585388183594e-01
2.685365974903106689e-01
2.104384183883666992e+00
7.202193140983581543e-01
1.250890195369720459e-01
2.580790042877197266e+00
-9.976654499769210815e-02
5.854342505335807800e-02
-1.559610128402709961e+00
-7.928985357284545898e-01
9.797221422195434570e-01
9.449900984764099121e-01
-1.326528191566467285e+00
1.420086026191711426e+00
2.813541650772094727e+00
-4.925806224346160889e-01
1.321136951446533203e-01
5.645371079444885254e-01
-1.790490031242370605e+00
-3.526023030281066895e-01
2.331697702407836914e+00
6.207348704338073730e-01
2.708222150802612305e+00
3.842911720275878906e-01
5.649980902671813965e-01
-1.697826504707336426e+00
-1.552950620651245117e+00
-2.724637463688850403e-02
8.850533366203308105e-01
-8.827624320983886719e-01
-2.783481776714324951e-01
1.286377072334289551e+00
1.733561515808105469e+00
-7.827503085136413574e-01
1.944624423980712891e+00
1.004791021347045898e+00
6.272571533918380737e-02
-1.242010354995727539e+00
-1.659536123275756836e+00
-9.169127345085144043e-01
-1.977361679077148438e+00
-7.996622920036315918e-01
