1.924571096897125244e-01
-1.232687115669250488e+00
3.876892030239105225e-01
8.773192763328552246e-01
4.327287673950195312e-01
-1.955497264862060547e-01
1.038335084915161133e+00
4.708027243614196777e-01
-4.029744565486907959e-01
5.362077355384826660e-01
1.623318791389465332e+00
-1.147798180580139160e+00
-9.783060550689697266e-01
9.793651700019836426e-01
-9.110903143882751465e-01
1.719329357147216797e+00
8.075547218322753906e-01
-1.010725498199462891e+00
1.286862343549728394e-01
9.260953664779663086e-01
-5.036900043487548828e-01
1.655190944671630859e+00
-1.711428284645080566e+00
2.059061765670776367e+00
1.244796037673950195e+00
-9.140132665634155273e-01
-2.271753787994384766e+00
2.339090824127197266e+00
1.834387540817260742e+00
-1.434792578220367432e-01
-4.164093136787414551e-01
3.576181083917617798e-02
1.409392356872558594e+00
6.206697970628738403e-02
2.982353448867797852e+00
-3.511448502540588379e-01
-2.656724676489830017e-02
1.812643259763717651e-01
3.942883610725402832e-01
3.209252119064331055e+00
9.021119475364685059e-01
1.139001369476318359e+00
1.229031801223754883e+00
-1.665411829948425293e+00
2.673237025737762451e-01
-1.357222080230712891e+00
-1.636697530746459961e+00
1.771943449974060059e+00
-1.777349710464477539e+00
1.264610886573791504e-01
-2.342968136072158813e-01
-9.789373725652694702e-02
-1.256383419036865234e+00
6.563535332679748535e-01
1.490288019180297852e+00
6.665442138910293579e-02
1.305085569620132446e-01
6.483134627342224121e-02
1.277797818183898926e+00
-1.264242172241210938e+00
-2.610285878181457520e-01
