-7.800403237342834473e-01
1.010924816131591797e+00
-8.886998891830444336e-01
-7.535137534141540527e-01
-2.051242142915725708e-01
9.962772727012634277e-01
-8.447473049163818359e-01
-7.834956049919128418e-01
-7.005239129066467285e-01
-9.122445583343505859e-01
-3.322004973888397217e-01
7.316911816596984863e-01
2.830244302749633789e-01
1.921359300613403320e-01
-8.270854949951171875e-01
1.022932171821594238e+00
7.613360881805419922e-01
-1.108068346977233887e+00
-3.313163518905639648e-01
-8.733801245689392090e-01
2.570332765579223633e+00
-6.592398881912231445e-01
-1.720825195312500000e+00
2.268457263708114624e-01
-8.417166471481323242e-01
7.006916403770446777e-01
7.772005796432495117e-01
1.339109539985656738e+00
1.272522926330566406e+00
1.218701243400573730e+00
1.527947425842285156e+00
1.115854158997535706e-01
1.190362453460693359e+00
2.022516578435897827e-01
1.323107361793518066e+00
-5.500484704971313477e-01
-6.414147615432739258e-01
1.728525310754776001e-01
1.613454937934875488e+00
-2.644912242889404297e+00
1.903671145439147949e+00
-4.004427790641784668e-02
1.478822708129882812e+00
-3.212144076824188232e-01
-2.147773027420043945e+00
-1.180650144815444946e-01
-4.774767458438873291e-01
6.626008749008178711e-01
1.119489908218383789e+00
-1.358999133110046387e+00
-2.131494283676147461e+00
-3.598867356777191162e-02
2.556370258331298828e+00
5.010730624198913574e-01
6.156971454620361328e-01
-2.758402526378631592e-01
-4.152902364730834961e-01
-5.670095682144165039e-01
-1.358299732208251953e+00
1.399635672569274902e+00
-5.965886712074279785e-01
