7.881560921669006348e-01
-1.033726811408996582e+00
1.212048768997192383e+00
-4.980543553829193115e-01
1.082530498504638672e+00
-1.790183663368225098e+00
1.014939785003662109e+00
6.357094645500183105e-01
-9.042387008666992188e-01
1.100164294242858887e+00
-2.357021123170852661e-01
-1.185273289680480957e+00
7.540732026100158691e-01
-3.428643047809600830e-01
1.310480713844299316e+00
-8.820186257362365723e-01
8.876513838768005371e-01
-1.781921684741973877e-01
-1.999361217021942139e-01
1.118833541870117188e+00
-2.963307201862335205e-01
1.733568429946899414e+00
-2.991242110729217529e-01
-2.216660022735595703e+00
1.107802033424377441e+00
1.848445385694503784e-01
1.101326107978820801e+00
2.544398009777069092e-01
-1.175725102424621582e+00
4.208845198154449463e-01
-7.180831432342529297e-01
-6.762069463729858398e-01
2.590735912322998047e+00
1.510274529457092285e+00
-1.823509186506271362e-01
2.471200704574584961e+00
2.127253055572509766e+00
-4.628544151782989502e-01
-5.435701012611389160e-01
1.361526250839233398e-01
2.007587254047393799e-01
1.213476538658142090e+00
-2.748679518699645996e-01
-1.294932246208190918e+00
5.139085650444030762e-01
-2.646692097187042236e-01
-4.165447652339935303e-01
4.833973348140716553e-01
5.830599069595336914e-01
4.190381243824958801e-02
-1.937412142753601074e+00
-1.947585679590702057e-02
-2.253546714782714844e+00
-3.044141769409179688e+00
-3.919775187969207764e-01
1.747868180274963379e+00
-1.407841205596923828e+00
-1.777998566627502441e+00
-1.844324707984924316e+00
1.991469413042068481e-01
-1.784742027521133423e-01
