1.199472069740295410e+00
3.721357285976409912e-01
-5.683403015136718750e-01
9.534808397293090820e-01
-1.253146290779113770e+00
-1.352775096893310547e+00
-6.642161011695861816e-01
-9.368031024932861328e-01
-3.577074110507965088e-01
9.951326251029968262e-01
6.928291916847229004e-01
1.194886565208435059e+00
2.438985407352447510e-01
-7.686523199081420898e-01
-1.296997785568237305e+00
-6.870288848876953125e-01
2.756578326225280762e-01
6.657649874687194824e-01
1.794833540916442871e-01
6.290666460990905762e-01
1.283870339393615723e-01
9.707482457160949707e-01
6.816102862358093262e-01
-4.574061036109924316e-01
-9.740713238716125488e-02
5.581390261650085449e-01
1.180319547653198242e+00
5.253291726112365723e-01
-1.951720118522644043e+00
-6.526042222976684570e-01
-2.154946327209472656e+00
6.809988617897033691e-02
-8.891737461090087891e-01
1.871455073356628418e+00
5.391040444374084473e-01
-1.688849687576293945e+00
-1.030333518981933594e+00
-1.579633831977844238e+00
5.778072401881217957e-02
-1.801760315895080566e+00
1.556091606616973877e-01
-5.097064971923828125e-01
3.292168676853179932e-01
-5.116351693868637085e-02
-1.923396140336990356e-01
3.745513558387756348e-01
8.432796597480773926e-01
-5.523291230201721191e-01
-2.820465326309204102e+00
6.621768474578857422e-01
-1.528029322624206543e+00
-8.693581819534301758e-02
2.252680063247680664e+00
-1.392260551452636719e+00
1.063102972693741322e-03
1.642000198364257812e+00
2.370786190032958984e+00
-1.170744776725769043e+00
1.993202120065689087e-01
-1.199649214744567871e+00
-3.681161105632781982e-01
