-1.180628389120101929e-01
7.479903101921081543e-01
-8.412173986434936523e-01
2.401479035615921021e-01
1.250917464494705200e-01
-8.152348995208740234e-01
-3.605750799179077148e-01
1.041687726974487305e+00
1.406587362289428711e-01
6.905955672264099121e-01
-8.067574501037597656e-01
9.389075636863708496e-01
8.806160688400268555e-01
-8.950478434562683105e-01
-1.239863336086273193e-01
7.386875748634338379e-01
-6.156870126724243164e-01
-1.808833181858062744e-01
-1.470163017511367798e-01
6.910799145698547363e-01
1.784498095512390137e-01
-1.609730720520019531e+00
-1.975262016057968140e-01
9.021502137184143066e-01
-2.045547366142272949e-01
-2.486599206924438477e+00
1.778555870056152344e+00
-2.105776220560073853e-01
4.422563314437866211e-01
-6.933281570672988892e-02
2.742047548294067383e+00
1.033861994743347168e+00
-1.652096956968307495e-01
-1.820308327674865723e+00
-6.071878075599670410e-01
-7.184800505638122559e-01
1.486601114273071289e+00
-3.330077826976776123e-01
3.232530057430267334e-01
-4.778680801391601562e-01
-1.535872936248779297e+00
-1.370376825332641602e+00
1.200397871434688568e-02
2.357260704040527344e+00
1.511441826820373535e+00
1.808217644691467285e+00
-1.529511094093322754e+00
-6.048870831727981567e-02
1.229012966156005859e+00
1.811966150999069214e-01
1.556056976318359375e+00
-6.539130210876464844e-01
1.318490952253341675e-01
1.545923948287963867e+00
-2.064801216125488281e+00
9.670837782323360443e-03
1.057005643844604492e+00
-3.236432373523712158e-01
-2.564035892486572266e+00
2.084879130125045776e-01
-7.188962101936340332e-01
