8.466392159461975098e-01
7.519534826278686523e-01
-8.037685155868530273e-01
-5.425036549568176270e-01
-1.659767180681228638e-01
-1.291747242212295532e-01
-1.316477656364440918e+00
8.276979923248291016e-01
-1.473909378051757812e+00
1.161857843399047852e+00
1.236225485801696777e+00
8.259154558181762695e-01
4.868785738945007324e-01
-1.231664419174194336e+00
1.139427125453948975e-01
-3.118915855884552002e-01
-1.126102447509765625e+00
-3.883198499679565430e-01
-1.235577344894409180e+00
-1.146426320075988770e+00
2.648881196975708008e+00
2.657837867736816406e-01
2.215271472930908203e+00
7.134712487459182739e-02
-3.809520304203033447e-01
-2.020294666290283203e-01
1.886866688728332520e-01
1.683998346328735352e+00
9.134713560342788696e-02
-5.713209509849548340e-01
-3.894042074680328369e-01
7.463668584823608398e-01
-2.464858293533325195e+00
8.798993378877639771e-02
-1.328769419342279434e-02
-1.205124258995056152e+00
1.541670680046081543e+00
-1.756044030189514160e+00
2.733461558818817139e-01
1.767650842666625977e+00
-1.497574210166931152e+00
5.192672014236450195e-01
1.885508656501770020e+00
-2.801325358450412750e-02
-1.760133147239685059e+00
-1.236514806747436523e+00
1.128679290413856506e-01
-1.645012259483337402e+00
-3.832378983497619629e-02
-4.219393134117126465e-01
1.219740286469459534e-01
3.933912888169288635e-02
2.159942865371704102e+00
-9.730852209031581879e-03
3.915492594242095947e-01
-4.848115742206573486e-01
-9.882435798645019531e-01
-2.019932508468627930e+00
-4.936500787734985352e-01
1.247618436813354492e+00
-3.441426157951354980e-01
