4.929746985435485840e-01
8.509491682052612305e-01
3.576058745384216309e-01
8.381587266921997070e-01
9.819207787513732910e-01
-4.682420194149017334e-01
-5.128443241119384766e-01
1.252556204795837402e+00
9.371911287307739258e-01
-1.109422683715820312e+00
5.807592868804931641e-01
1.841721087694168091e-01
8.284924030303955078e-01
8.320667147636413574e-01
4.004844129085540771e-01
1.607384920120239258e+00
-8.987432718276977539e-01
4.891461730003356934e-01
-8.802644014358520508e-01
1.096048593521118164e+00
3.639701902866363525e-01
2.723255872726440430e+00
-7.413446307182312012e-01
-2.713299095630645752e-01
2.117055416107177734e+00
9.158737212419509888e-02
2.573411703109741211e+00
3.383814394474029541e-01
-2.214822292327880859e+00
2.946936786174774170e-01
-3.744819164276123047e-01
1.124735951423645020e+00
-1.760123372077941895e-01
-1.008341908454895020e+00
1.832233905792236328e+00
-4.101687297224998474e-02
1.006025791168212891e+00
-8.979591131210327148e-01
2.996351957321166992e+00
1.100346326828002930e+00
-4.431300610303878784e-02
-1.586138844490051270e+00
4.099324047565460205e-01
1.547086834907531738e-01
-1.183506846427917480e+00
-6.750257611274719238e-01
-2.388890504837036133e+00
3.524119853973388672e-01
-1.232333779335021973e+00
-4.682549238204956055e-01
1.117281094193458557e-01
1.475363969802856445e+00
2.670203447341918945e-01
-3.734767138957977295e-01
2.880183219909667969e+00
-2.576850652694702148e-01
5.536648631095886230e-02
1.423513293266296387e-01
1.223212122917175293e+00
-2.685559391975402832e-01
-9.065055847167968750e-01
