-7.550496459007263184e-01
-1.140619158744812012e+00
-8.938236236572265625e-01
8.603363633155822754e-01
2.080204039812088013e-01
8.075145483016967773e-01
-4.459694325923919678e-01
-5.818924903869628906e-01
-1.211810469627380371e+00
1.033308148384094238e+00
-8.471992015838623047e-01
1.727587729692459106e-01
-3.822569549083709717e-01
-8.215703964233398438e-01
-2.432059347629547119e-01
-9.462258815765380859e-01
9.561416506767272949e-01
1.268558859825134277e+00
9.226875305175781250e-01
-6.796142458915710449e-01
-1.737071633338928223e+00
3.816814124584197998e-01
1.940953016281127930e+00
-2.712963223457336426e-01
5.397332832217216492e-02
-2.497940510511398315e-01
2.559726476669311523e+00
-1.468005418777465820e+00
1.168666243553161621e+00
-3.258032202720642090e-01
2.785879611968994141e+00
1.019743323326110840e+00
-4.179962873458862305e-01
-1.859528660774230957e+00
-1.278404831886291504e+00
-1.010985016822814941e+00
2.254011392593383789e+00
7.625569105148315430e-01
-3.218537569046020508e-01
-1.810479998588562012e+00
1.964132785797119141e+00
-1.121291294693946838e-01
1.235248327255249023e+00
1.434975862503051758e+00
2.226168632507324219e+00
-1.035787105560302734e+00
-2.352343797683715820e+00
1.009732842445373535e+00
1.179479211568832397e-01
-2.463473528623580933e-01
1.446622371673583984e+00
2.439724445343017578e+00
-2.166666269302368164e+00
2.207010507583618164e+00
-3.037504673004150391e+00
1.070256978273391724e-01
2.206149816513061523e+00
-9.641043841838836670e-02
-7.406425476074218750e-02
1.572097063064575195e+00
-1.623664021492004395e+00
