-1.032646775245666504e+00
-1.147479653358459473e+00
-7.071729302406311035e-01
-7.268005609512329102e-01
-5.747273564338684082e-01
-8.742138147354125977e-01
1.155264735221862793e+00
-1.745255589485168457e-01
-9.535414576530456543e-01
8.613876700401306152e-01
8.825369477272033691e-01
-5.302312970161437988e-01
9.636169075965881348e-01
4.594321548938751221e-01
6.407867074012756348e-01
-2.566740103065967560e-02
-9.731582999229431152e-01
-3.257799148559570312e-01
-1.881788253784179688e+00
7.376332283020019531e-01
-2.655319310724735260e-02
1.863742470741271973e-01
1.788532018661499023e+00
2.716177225112915039e+00
2.524343252182006836e+00
-1.068732261657714844e+00
-8.527735471725463867e-01
-3.676514625549316406e-01
-1.778055071830749512e+00
2.549016714096069336e+00
-7.846307754516601562e-01
2.310184538364410400e-01
-1.826463490724563599e-01
-1.523959755897521973e+00
-1.263403654098510742e+00
2.048107534646987915e-01
-9.493710398674011230e-01
-1.412869930267333984e+00
5.174465775489807129e-01
6.926800608634948730e-01
-3.848335519433021545e-02
-2.342286258935928345e-01
9.975539445877075195e-01
2.095080137252807617e+00
-2.204569578170776367e+00
-4.280442893505096436e-01
-4.153956174850463867e-01
-5.633617639541625977e-01
9.065133333206176758e-01
-1.179137706756591797e+00
1.061238527297973633e+00
-1.095958873629570007e-01
2.823475897312164307e-01
1.196220278739929199e+00
-8.179016709327697754e-01
5.671138167381286621e-01
2.046717405319213867e-01
-2.704395771026611328e+00
5.803689360618591309e-02
-3.342778086662292480e-01
-8.492125868797302246e-01
