-9.735651016235351562e-01
-8.746462464332580566e-01
-6.222634315490722656e-01
-1.141844034194946289e+00
-1.333440423011779785e+00
2.451429665088653564e-01
3.766467571258544922e-01
-3.456266522407531738e-01
-1.198929786682128906e+00
-8.921977877616882324e-01
-9.449450373649597168e-01
5.416978597640991211e-01
-1.117995023727416992e+00
1.593349218368530273e+00
-3.634435534477233887e-01
-1.574118882417678833e-01
-4.390462338924407959e-01
1.461708694696426392e-01
5.949348807334899902e-01
1.228414535522460938e+00
2.595777273178100586e+00
-1.168417811393737793e+00
1.288327872753143311e-01
3.107440769672393799e-01
1.396672844886779785e+00
-7.395241856575012207e-01
-1.725322842597961426e+00
-1.798393368721008301e+00
2.193835496902465820e+00
3.251433134078979492e+00
-3.139202117919921875e+00
7.385594844818115234e-01
-2.602516651153564453e+00
-4.009264335036277771e-02
1.327005505561828613e+00
-2.972922027111053467e-01
-2.080533266067504883e+00
1.619394719600677490e-01
1.565836928784847260e-02
1.681956529617309570e+00
1.995932698249816895e+00
1.079802393913269043e+00
-1.279249310493469238e+00
1.002642735838890076e-01
3.688128292560577393e-01
2.305993080139160156e+00
2.199429512023925781e+00
-8.581284880638122559e-01
8.828703761100769043e-01
1.579411149024963379e+00
1.716453433036804199e+00
1.242078065872192383e+00
1.512576341629028320e+00
-2.134580723941326141e-02
-4.495604932308197021e-01
-2.437917232513427734e+00
-1.168137669563293457e+00
2.985496282577514648e+00
-8.589596152305603027e-01
-3.775419294834136963e-01
-2.191881686449050903e-01
