-2.121523171663284302e-01
-1.329840719699859619e-01
2.398506700992584229e-01
-8.255836367607116699e-01
4.601680040359497070e-01
1.681414246559143066e-01
-1.122116804122924805e+00
1.189414143562316895e+00
4.398938715457916260e-01
-7.722294330596923828e-01
-1.884087026119232178e-01
-9.300060272216796875e-01
-1.660144329071044922e-01
2.900182604789733887e-01
-9.977235198020935059e-01
-1.957636177539825439e-01
5.795928239822387695e-01
-1.260955691337585449e+00
-9.017088413238525391e-01
-8.473091125488281250e-01
7.868281006813049316e-01
-2.897546589374542236e-01
-8.441912531852722168e-01
-2.811491012573242188e+00
2.044070005416870117e+00
-3.557287156581878662e-01
-3.286028206348419189e-01
-1.091778516769409180e+00
1.082435846328735352e+00
2.491058826446533203e+00
-5.526892542839050293e-01
-2.229990243911743164e+00
2.710716128349304199e-01
-1.142037153244018555e+00
-1.435806512832641602e+00
5.423458218574523926e-01
-5.230706930160522461e-01
1.183842658996582031e+00
1.886898517608642578e+00
3.519690036773681641e-01
-1.019327640533447266e+00
-1.730200648307800293e+00
1.472324132919311523e+00
1.912446141242980957e+00
1.097229123115539551e+00
1.335523843765258789e+00
1.035670712590217590e-01
1.073764085769653320e+00
2.126434087753295898e+00
2.396844625473022461e+00
-1.686352968215942383e+00
1.999425649642944336e+00
-1.226195454597473145e+00
9.187762737274169922e-01
1.102060556411743164e+00
-1.181815862655639648e+00
-1.171407580375671387e+00
1.036477923393249512e+00
1.397473335266113281e+00
-3.754706084728240967e-01
3.616939783096313477e-01
