-3.948229253292083740e-01
1.442263275384902954e-01
-6.530539393424987793e-01
-1.961849480867385864e-01
-3.814403414726257324e-01
-4.599378407001495361e-01
1.146737694740295410e+00
8.101488947868347168e-01
1.068643569946289062e+00
1.040277481079101562e+00
-1.524077355861663818e-01
-1.031006693840026855e+00
8.646407127380371094e-01
-2.129768580198287964e-01
-6.312175989151000977e-01
-7.102031707763671875e-01
-8.266080021858215332e-01
-9.080231189727783203e-01
9.549518823623657227e-01
-4.488586485385894775e-01
5.892768502235412598e-01
-2.758807539939880371e-01
-1.882319450378417969e-01
1.077364012598991394e-01
1.251785159111022949e+00
-1.746955990791320801e+00
2.912648022174835205e-01
-2.994335070252418518e-02
2.564565837383270264e-01
-5.463949963450431824e-02
5.833140015602111816e-01
1.340505003929138184e+00
3.093035459518432617e+00
1.739640831947326660e+00
8.974198698997497559e-01
-1.472152113914489746e+00
-2.100762605667114258e+00
2.985872030258178711e+00
-2.132037639617919922e+00
-1.989723801612854004e+00
2.867840826511383057e-01
2.171320438385009766e+00
-2.402304857969284058e-01
-1.176757454872131348e+00
-3.413873195648193359e+00
-1.804004907608032227e+00
-1.659435927867889404e-01
-3.059767782688140869e-01
6.892234683036804199e-01
-2.869365364313125610e-02
-8.544262051582336426e-01
1.042659878730773926e+00
-1.626394629478454590e+00
-1.194454550743103027e+00
-1.208052992820739746e+00
1.223349928855895996e+00
1.604885578155517578e+00
1.927068233489990234e+00
-2.360206842422485352e+00
-1.965535640716552734e+00
1.397795200347900391e+00
