3.928512334823608398e-01
-7.713185548782348633e-01
-8.362998366355895996e-01
-5.716224908828735352e-01
2.874917984008789062e-01
8.765845298767089844e-01
-2.944091558456420898e-01
7.855411618947982788e-02
-7.324059009552001953e-01
7.707894444465637207e-01
-2.307315468788146973e-01
-5.390049219131469727e-01
-7.257057428359985352e-01
-6.180454492568969727e-01
8.276099562644958496e-01
-6.115623712539672852e-01
-8.283612132072448730e-01
-8.092093467712402344e-01
8.222793340682983398e-01
9.637376666069030762e-02
-2.236243724822998047e+00
-1.559425592422485352e-01
7.107737064361572266e-01
7.531144618988037109e-01
8.931498527526855469e-01
-3.690382838249206543e-01
1.824375391006469727e+00
-1.335616469383239746e+00
1.868592202663421631e-01
-1.897175550460815430e+00
7.991580367088317871e-01
-2.443883121013641357e-01
-1.951203107833862305e+00
-1.961287111043930054e-01
-2.932910680770874023e+00
-2.753906250000000000e+00
-1.768150687217712402e+00
-6.071577593684196472e-02
2.925078630447387695e+00
8.789632916450500488e-01
2.543088197708129883e+00
-3.140018880367279053e-01
3.246314525604248047e-01
-3.175650238990783691e-01
-4.886385202407836914e-01
7.869620323181152344e-01
-2.068153619766235352e+00
9.381638765335083008e-01
-3.522094488143920898e-01
-2.659205675125122070e+00
-1.887180089950561523e+00
-9.745481610298156738e-02
8.706315159797668457e-01
-1.650031954050064087e-01
-1.592864394187927246e+00
-3.184882879257202148e+00
1.612964510917663574e+00
-3.458851575851440430e-01
-1.460058212280273438e+00
3.203544378280639648e+00
1.120928525924682617e+00
