4.084984958171844482e-01
-1.016777396202087402e+00
1.305665373802185059e+00
-6.999406814575195312e-01
1.117373347282409668e+00
1.351883053779602051e+00
-7.026603221893310547e-01
-3.982682228088378906e-01
8.278937339782714844e-01
8.831938505172729492e-01
-8.392561674118041992e-01
7.093569040298461914e-01
-7.376339435577392578e-01
2.967950999736785889e-01
-9.764236807823181152e-01
-1.146889805793762207e+00
5.210958719253540039e-01
6.365860104560852051e-01
-1.238334327936172485e-01
2.538194358348846436e-01
1.966435074806213379e+00
2.463591098785400391e+00
-7.738164663314819336e-01
-1.544482588768005371e+00
5.304253697395324707e-01
1.183649897575378418e+00
-8.813261985778808594e-03
1.871937990188598633e+00
-9.689822196960449219e-01
4.395389258861541748e-01
-2.737984180450439453e+00
1.304328680038452148e+00
-8.077641129493713379e-01
-1.250478744506835938e+00
3.430057048797607422e+00
-4.354810714721679688e-01
5.951910838484764099e-02
2.245113551616668701e-01
-1.430207192897796631e-01
-1.157161831855773926e+00
2.884883880615234375e+00
1.401699900627136230e+00
2.554879784584045410e-01
1.523880481719970703e+00
-3.009815514087677002e-01
-1.290773451328277588e-01
3.487017378211021423e-02
-1.681391477584838867e+00
-6.102741360664367676e-01
2.868655622005462646e-01
1.026886105537414551e+00
-1.227728962898254395e+00
-4.430280029773712158e-01
9.421284794807434082e-01
1.372828006744384766e+00
-2.408297955989837646e-01
6.016755700111389160e-01
6.750687956809997559e-01
-2.446502923965454102e+00
7.136202454566955566e-01
-3.171757459640502930e-01
