-1.128265738487243652e+00
7.731165289878845215e-01
1.052734494209289551e+00
-5.649775862693786621e-01
-1.250581860542297363e+00
-1.112272381782531738e+00
-1.010396480560302734e+00
3.084442019462585449e-01
8.696712553501129150e-02
-7.746560573577880859e-01
6.416982412338256836e-01
-3.991382420063018799e-01
-8.910911083221435547e-01
3.728882670402526855e-01
8.681982755661010742e-01
-9.331002235412597656e-01
-1.205996394157409668e+00
-1.106397509574890137e+00
7.405453324317932129e-01
-3.676269352436065674e-01
1.886073589324951172e+00
6.508640646934509277e-01
1.776669740676879883e+00
-2.039144039154052734e+00
-5.722441673278808594e-01
-1.192806124687194824e+00
3.613499402999877930e+00
-1.370658993721008301e+00
-7.605318427085876465e-01
2.297327518463134766e-01
-2.084171533584594727e+00
-1.947803616523742676e+00
-3.260800361633300781e+00
-7.017945051193237305e-01
2.290231943130493164e+00
-1.391521334648132324e+00
-3.999034464359283447e-01
2.928235292434692383e+00
7.804332375526428223e-01
1.809209942817687988e+00
1.204169988632202148e+00
7.954199314117431641e-01
-1.661298155784606934e+00
-2.187128782272338867e+00
-9.863909333944320679e-02
4.305510520935058594e-01
2.346483707427978516e+00
9.836014509201049805e-01
1.868546485900878906e+00
-5.824423432350158691e-01
3.782202720642089844e+00
-2.536996364593505859e+00
1.781028389930725098e+00
5.138063430786132812e-01
-2.178508281707763672e+00
-2.324622631072998047e+00
-2.768327891826629639e-01
2.286706686019897461e+00
-1.274213671684265137e+00
-1.040917277336120605e+00
9.723752140998840332e-01
