-9.553223252296447754e-01
9.992793798446655273e-01
9.676772356033325195e-01
-9.918760061264038086e-01
-3.765216171741485596e-01
6.779147386550903320e-01
-1.167677640914916992e+00
-8.891365677118301392e-02
1.507841110229492188e+00
-1.000920414924621582e+00
1.361661911010742188e+00
-8.315656781196594238e-01
-1.281264126300811768e-01
1.083442211151123047e+00
1.873345851898193359e+00
-1.305452466011047363e+00
2.429908514022827148e-01
-4.089854657649993896e-01
4.987699389457702637e-01
-1.721413731575012207e-01
-1.042355418205261230e+00
-3.744078278541564941e-01
3.050082206726074219e+00
-2.148349285125732422e+00
1.734315156936645508e+00
-4.190072417259216309e-01
1.864700555801391602e+00
-6.058585643768310547e-01
2.576457858085632324e-01
2.508871555328369141e+00
-7.580915093421936035e-01
2.847981691360473633e+00
5.061674863100051880e-03
1.677062064409255981e-01
2.318523377180099487e-01
5.463384389877319336e-01
-1.339637637138366699e+00
1.970412373542785645e+00
2.300034046173095703e+00
-1.022769689559936523e+00
4.878059029579162598e-01
6.639785170555114746e-01
-1.108288645744323730e+00
1.376786828041076660e+00
-2.118785619735717773e+00
1.266058683395385742e+00
6.562389731407165527e-01
-9.855371117591857910e-01
6.854020059108734131e-02
1.343759775161743164e+00
-3.913693726062774658e-01
1.854424953460693359e+00
-5.818573236465454102e-01
4.672763049602508545e-01
-1.729888767004013062e-01
8.584757894277572632e-02
1.347472667694091797e+00
-1.224391460418701172e+00
2.418736696243286133e+00
-8.609915971755981445e-01
-8.126217126846313477e-02
