1.760659068822860718e-01
2.076245993375778198e-01
8.361733555793762207e-01
8.427004814147949219e-01
1.048921704292297363e+00
-1.429159790277481079e-01
6.505391597747802734e-01
8.902810811996459961e-01
7.234094142913818359e-01
6.598840951919555664e-01
7.744216322898864746e-01
-1.086361765861511230e+00
-2.338687032461166382e-01
-7.274667620658874512e-01
-3.764503896236419678e-01
5.750502943992614746e-01
3.146893680095672607e-01
-6.007615104317665100e-02
5.947495698928833008e-01
-6.566612720489501953e-01
-1.409233927726745605e+00
6.872735619544982910e-01
2.517311573028564453e-01
1.775804877281188965e+00
-6.287859082221984863e-01
-3.170960247516632080e-01
-5.722357034683227539e-01
9.390233457088470459e-02
4.967590272426605225e-01
8.448657393455505371e-01
2.458733558654785156e+00
7.547214627265930176e-01
9.056242555379867554e-02
-5.059338361024856567e-02
1.582707166671752930e+00
-3.976556956768035889e-01
1.532634019851684570e+00
1.370495259761810303e-01
-1.293877124786376953e+00
1.880800008773803711e+00
2.398642778396606445e+00
1.826587319374084473e+00
6.303123831748962402e-01
-9.170728921890258789e-01
-2.891944944858551025e-01
-1.349158883094787598e+00
-5.479912757873535156e-01
6.303556561470031738e-01
-2.159062922000885010e-01
-9.993351250886917114e-02
-1.655075907707214355e+00
-6.306651830673217773e-01
-5.629935264587402344e-01
5.536040067672729492e-01
-1.885748863220214844e+00
-2.861250638961791992e-01
1.396540760993957520e+00
-6.250107288360595703e-01
-9.335384964942932129e-01
1.832518935203552246e+00
1.080037474632263184e+00
