-1.497406661510467529e-01
3.048184514045715332e-01
-1.036738634109497070e+00
1.653973907232284546e-01
6.141883730888366699e-01
-7.791930437088012695e-01
-1.308448314666748047e+00
-8.714596033096313477e-01
-1.515660047531127930e+00
-1.622118055820465088e-01
1.023898363113403320e+00
3.911207318305969238e-01
8.907647132873535156e-01
-2.637243270874023438e-01
-1.665417253971099854e-01
1.006921887397766113e+00
-8.366895318031311035e-01
8.289852738380432129e-01
-1.650714278221130371e-01
3.271592259407043457e-01
3.140465021133422852e-01
1.321680784225463867e+00
-2.041562795639038086e+00
-2.839514017105102539e-01
-1.021894335746765137e+00
1.965771079063415527e+00
-8.319931030273437500e-01
-1.912382841110229492e-01
-8.255250453948974609e-01
1.531464606523513794e-01
2.590830922126770020e-01
-1.894117832183837891e+00
2.654705762863159180e+00
1.156291723251342773e+00
-1.579317599534988403e-01
1.322002887725830078e+00
2.976074457168579102e+00
-1.842825055122375488e+00
-6.333984136581420898e-01
1.950066685676574707e-01
-9.705820083618164062e-01
1.768363595008850098e+00
1.200385928153991699e+00
2.996796667575836182e-01
1.240357384085655212e-01
1.052556037902832031e+00
7.823202013969421387e-02
4.652939271181821823e-03
1.506141424179077148e-01
-1.752874612808227539e+00
1.584550738334655762e-01
1.082958221435546875e+00
-1.835502743721008301e+00
-1.171256184577941895e+00
-2.107561826705932617e+00
-7.807334065437316895e-01
1.816333174705505371e+00
-1.015048623085021973e+00
-1.939448475837707520e+00
5.500711202621459961e-01
-6.975582242012023926e-01
