4.625696837902069092e-01
1.172995924949645996e+00
-4.026594460010528564e-01
-1.052392959594726562e+00
-1.004691600799560547e+00
-1.106559753417968750e+00
-3.359867632389068604e-01
9.000997543334960938e-01
6.812853217124938965e-01
9.353403449058532715e-01
-1.098419308662414551e+00
-7.787924408912658691e-01
-1.293198227882385254e+00
2.512371838092803955e-01
-3.812600076198577881e-01
9.530003666877746582e-01
1.090449929237365723e+00
1.011988639831542969e+00
9.104977250099182129e-01
1.344506382942199707e+00
2.363238573074340820e+00
-2.121116220951080322e-01
1.688298225402832031e+00
2.623337507247924805e-01
1.697307109832763672e+00
1.164404273033142090e+00
6.399287581443786621e-01
-1.323151946067810059e+00
-1.908796280622482300e-01
4.321411252021789551e-02
-2.068688154220581055e+00
9.605213403701782227e-01
-3.646925985813140869e-01
-6.203517317771911621e-01
1.584339737892150879e+00
2.720757007598876953e+00
-1.951530098915100098e+00
-2.449507951736450195e+00
-3.129184007644653320e+00
5.347867608070373535e-01
4.258751869201660156e+00
9.822614192962646484e-01
-2.673667669296264648e+00
-2.372082769870758057e-01
1.656834721565246582e+00
-1.455032587051391602e+00
-1.316129803657531738e+00
-1.370789289474487305e+00
2.802512608468532562e-02
-5.076236724853515625e-01
1.165107607841491699e+00
1.193484425544738770e+00
1.736070364713668823e-01
1.371674537658691406e+00
-2.485661029815673828e+00
-1.956946730613708496e+00
1.717768907546997070e+00
-2.042165994644165039e+00
-2.663005352020263672e+00
5.801635384559631348e-01
-4.615312814712524414e-01
