1.179691076278686523e+00
-8.832739591598510742e-01
-2.168833017349243164e-01
9.670597314834594727e-01
-1.025948405265808105e+00
-1.072888374328613281e+00
9.161657094955444336e-01
2.354815751314163208e-01
-1.040039420127868652e+00
-5.946142077445983887e-01
-4.791248142719268799e-01
3.673581480979919434e-01
9.799829721450805664e-01
-2.576674818992614746e-01
2.768492698669433594e-01
-5.391761660575866699e-01
-8.309951424598693848e-01
-9.597630500793457031e-01
-1.014148354530334473e+00
5.792064070701599121e-01
2.013979911804199219e+00
-1.502850294113159180e+00
2.335520535707473755e-01
-3.473951578140258789e+00
-2.723119020462036133e+00
-7.110763788223266602e-01
-1.527022242546081543e+00
-8.139391988515853882e-02
-3.419893980026245117e-01
-2.277460694313049316e-01
2.255086898803710938e+00
2.089322566986083984e+00
5.331397056579589844e-01
1.191675543785095215e+00
-1.075858831405639648e+00
-1.504463911056518555e+00
1.515848934650421143e-01
-3.528352737426757812e+00
2.603175163269042969e+00
2.332662582397460938e+00
-8.120896816253662109e-01
6.144639253616333008e-01
-1.404679059982299805e+00
-1.932822823524475098e+00
2.208505153656005859e+00
1.932131201028823853e-01
-1.031449556350708008e+00
1.522598028182983398e+00
-1.098997443914413452e-01
-5.456190705299377441e-01
-2.032547473907470703e+00
7.266638278961181641e-01
-2.244201749563217163e-01
-1.410910248756408691e+00
1.376167654991149902e+00
-4.031535089015960693e-01
-1.030870079994201660e+00
2.017211914062500000e+00
1.951457738876342773e+00
3.952621936798095703e+00
4.247880578041076660e-01
