8.344277739524841309e-01
2.911008596420288086e-01
-5.672370195388793945e-01
-5.816441178321838379e-01
-1.518426388502120972e-01
-8.902927041053771973e-01
1.204693198204040527e+00
-1.057472944259643555e+00
3.600942194461822510e-01
1.286668419837951660e+00
6.580702662467956543e-01
9.159412980079650879e-01
9.348279237747192383e-01
-1.166497707366943359e+00
-4.279791116714477539e-01
9.194754362106323242e-01
-1.295962929725646973e-01
-6.974920630455017090e-01
-6.229172348976135254e-01
-2.794598340988159180e-01
1.256496191024780273e+00
1.745146274566650391e+00
1.307393908500671387e-01
-1.908404827117919922e+00
-9.679853916168212891e-03
1.871537685394287109e+00
2.109755426645278931e-01
-2.619350194931030273e+00
-1.638269066810607910e+00
9.779854118824005127e-02
-2.826279699802398682e-01
-2.900440454483032227e+00
3.747454285621643066e-01
-8.268247842788696289e-01
-1.469076037406921387e+00
3.175988674163818359e+00
9.190139919519424438e-02
8.966439366340637207e-01
-6.548267602920532227e-01
1.084590435028076172e+00
-1.412859439849853516e+00
1.073754668235778809e+00
-6.802058815956115723e-01
-2.008162736892700195e+00
-8.575003147125244141e-01
1.557219386100769043e+00
-4.205098748207092285e-01
1.529664635658264160e+00
1.010173678398132324e+00
1.237755343317985535e-01
2.060331404209136963e-01
-1.525531649589538574e+00
9.910475015640258789e-01
8.506200462579727173e-02
-1.303920388221740723e+00
-2.344577312469482422e+00
-4.236023426055908203e+00
9.807570576667785645e-01
3.476243913173675537e-01
-1.933903098106384277e+00
2.747659385204315186e-01
