-3.827878534793853760e-01
-3.406700789928436279e-01
-3.487159907817840576e-01
8.087409138679504395e-01
6.323276758193969727e-01
-7.407838106155395508e-01
-6.553133726119995117e-01
7.258612513542175293e-01
-7.892939448356628418e-01
6.948074102401733398e-01
-4.841278195381164551e-01
-5.988218188285827637e-01
4.643063545227050781e-01
-7.417597770690917969e-01
1.266239583492279053e-01
-3.743595182895660400e-01
5.837818980216979980e-01
-8.077460527420043945e-01
3.453859388828277588e-01
-8.055415749549865723e-01
1.707311272621154785e+00
1.722135424613952637e+00
1.290032386779785156e+00
-3.160060882568359375e+00
1.604134678840637207e+00
1.679582118988037109e+00
6.399224400520324707e-01
-2.590183317661285400e-01
2.368639230728149414e+00
-8.541197776794433594e-01
-2.018327474594116211e+00
1.391349196434020996e+00
-1.038246035575866699e+00
-2.034398317337036133e+00
8.304792642593383789e-02
1.043753147125244141e+00
-5.721699595451354980e-01
1.692149341106414795e-01
-3.753806650638580322e-01
-1.227519989013671875e+00
-1.469973921775817871e+00
-1.801933407783508301e+00
-1.498970866203308105e+00
-1.908503532409667969e+00
-1.193182945251464844e+00
9.617731571197509766e-01
-5.249200463294982910e-01
3.634226024150848389e-01
1.583093762397766113e+00
3.213839232921600342e-01
-3.493355512619018555e+00
7.453944683074951172e-01
-4.338198602199554443e-01
1.308095932006835938e+00
2.178514003753662109e-01
-9.402223229408264160e-01
1.621959656476974487e-01
-4.124458432197570801e-01
7.169505953788757324e-01
1.170112609863281250e+00
8.150659501552581787e-02
