5.892392992973327637e-01
-1.128367781639099121e-01
-1.275217533111572266e-01
1.216260045766830444e-01
-1.126533031463623047e+00
2.792624831199645996e-01
1.018472433090209961e+00
-8.934419751167297363e-01
1.183426380157470703e-01
1.110113978385925293e+00
8.714331388473510742e-01
2.658448219299316406e-01
-9.162240028381347656e-01
1.427515745162963867e-01
1.217276930809020996e+00
-1.043959379196166992e+00
9.053835868835449219e-01
7.673307657241821289e-01
1.529154926538467407e-01
3.050615787506103516e-01
5.552259087562561035e-01
-2.332168966531753540e-01
-1.450905501842498779e-01
-3.207348883152008057e-01
-1.365386962890625000e+00
8.141185045242309570e-01
9.458909034729003906e-01
3.073581695556640625e+00
3.585752099752426147e-02
1.225729346275329590e+00
-1.131984829902648926e+00
1.034469604492187500e+00
2.094810485839843750e+00
-5.314236283302307129e-01
2.517218589782714844e+00
-3.190641164779663086e+00
-7.770269513130187988e-01
-1.559361457824707031e+00
3.404446542263031006e-01
-1.547618150711059570e+00
9.690912067890167236e-02
-5.764807462692260742e-01
-1.446426033973693848e+00
6.317481398582458496e-01
5.533480644226074219e-01
2.547473192214965820e+00
-2.288287729024887085e-01
1.955409526824951172e+00
6.787334680557250977e-01
-4.025268852710723877e-01
4.611492902040481567e-02
1.439045071601867676e+00
1.000775575637817383e+00
1.842308402061462402e+00
-1.406628131866455078e+00
1.572785735130310059e+00
4.432639479637145996e-01
-3.012522459030151367e-01
5.154284238815307617e-01
1.156813144683837891e+00
-7.168964743614196777e-01
