-8.884260654449462891e-01
1.036100745201110840e+00
2.671645581722259521e-01
9.639250040054321289e-01
7.582259774208068848e-01
1.018645167350769043e+00
1.511073485016822815e-02
8.772456049919128418e-01
-7.113279700279235840e-01
1.173548325896263123e-01
-8.934279680252075195e-01
4.287888705730438232e-01
9.354314804077148438e-01
-2.989434897899627686e-01
1.502565741539001465e-01
-3.227621316909790039e-01
4.557856917381286621e-01
8.071229457855224609e-01
-3.949689865112304688e-01
-1.928123086690902710e-01
-3.054668664932250977e+00
2.207830995321273804e-01
8.452001810073852539e-01
-8.605915904045104980e-01
2.164814025163650513e-01
1.711757630109786987e-01
-1.274771690368652344e+00
1.096224039793014526e-01
-1.278201192617416382e-01
-1.083617448806762695e+00
1.703076362609863281e+00
-1.948055386543273926e+00
-2.807914018630981445e+00
-1.468155622482299805e+00
4.800478518009185791e-01
-1.161606311798095703e+00
5.671789050102233887e-01
1.920639514923095703e+00
-1.378234326839447021e-01
-1.626479744911193848e+00
1.687367439270019531e+00
5.530558228492736816e-01
1.176506280899047852e+00
1.772081851959228516e-01
5.087643265724182129e-01
-9.511683136224746704e-02
2.869682073593139648e+00
6.159458309412002563e-02
-6.559634208679199219e-01
2.914868831634521484e+00
1.936930418014526367e+00
3.360242843627929688e+00
-1.654277920722961426e+00
-3.069616794586181641e+00
9.522503614425659180e-01
-1.623662114143371582e+00
-3.608631789684295654e-01
-2.796581268310546875e+00
8.145140409469604492e-01
-1.942918419837951660e+00
2.138926982879638672e+00
