-8.260842561721801758e-01
-8.516492843627929688e-01
-7.684291601181030273e-01
4.388920068740844727e-01
-8.073194026947021484e-01
1.795346736907958984e-01
-9.766597151756286621e-01
1.224171280860900879e+00
-8.917735815048217773e-01
2.085264027118682861e-01
-7.832106351852416992e-01
-8.810011148452758789e-01
6.091757416725158691e-01
2.439425140619277954e-01
-8.161650896072387695e-01
6.351555585861206055e-01
7.163927555084228516e-01
-2.116562575101852417e-01
-1.278417587280273438e+00
-1.096644639968872070e+00
-2.750323772430419922e+00
4.982897639274597168e-01
1.568770766258239746e+00
-2.144411802291870117e+00
-1.759802937507629395e+00
-8.350364565849304199e-01
3.111704587936401367e-01
3.718321919441223145e-01
-2.733031213283538818e-01
9.948729872703552246e-01
5.266427397727966309e-01
4.421569872647523880e-03
-1.022164344787597656e+00
1.121965885162353516e+00
6.459267437458038330e-02
-6.207904815673828125e-01
-2.287521362304687500e+00
-1.069719910621643066e+00
-7.563692927360534668e-01
-3.912058770656585693e-01
1.400688409805297852e+00
2.055506110191345215e-01
8.083245158195495605e-01
1.831998586654663086e+00
1.651340126991271973e+00
2.398706912994384766e+00
1.147031597793102264e-02
2.584264427423477173e-02
-3.452059626579284668e-01
1.639884352684020996e+00
-1.226825952529907227e+00
-1.788943111896514893e-01
-5.309816598892211914e-01
1.855973482131958008e+00
3.490084409713745117e-01
-3.798713982105255127e-01
-1.845253229141235352e+00
-1.791262984275817871e+00
1.215319260954856873e-01
-1.812249273061752319e-01
-5.886489748954772949e-01
