-5.895521640777587891e-01
1.042008325457572937e-01
-8.587135076522827148e-01
-8.283132910728454590e-01
-1.159364819526672363e+00
-9.639323949813842773e-01
1.241067171096801758e+00
5.656468868255615234e-01
-3.614364266395568848e-01
1.401078581809997559e+00
6.762338280677795410e-01
-7.817867398262023926e-01
1.076791763305664062e+00
-2.132046073675155640e-01
1.390279412269592285e+00
-1.328748226165771484e+00
-1.381387412548065186e-01
-1.106399059295654297e+00
-1.961897611618041992e-01
-9.559047222137451172e-01
3.777295947074890137e-01
2.036492824554443359e-01
1.420843243598937988e+00
-2.786666393280029297e+00
-1.485035300254821777e+00
-1.471425592899322510e-01
1.034040689468383789e+00
-2.242094278335571289e+00
-1.706611037254333496e+00
3.151568472385406494e-01
-2.205690383911132812e+00
1.944881558418273926e+00
1.094467282295227051e+00
6.848590373992919922e-01
-7.762069702148437500e-01
-7.000521421432495117e-01
-5.536670684814453125e-01
-8.593276739120483398e-01
-7.223602533340454102e-01
-2.234467267990112305e+00
-5.699691772460937500e-01
2.786820888519287109e+00
1.273050785064697266e+00
1.777267098426818848e+00
1.090667128562927246e+00
-1.642335653305053711e-01
-3.429137766361236572e-01
1.984464883804321289e+00
-1.491015434265136719e+00
2.399669401347637177e-02
-2.502282142639160156e+00
1.058915972709655762e+00
1.282225370407104492e+00
-2.997502088546752930e+00
-1.226897984743118286e-01
2.436601817607879639e-01
-2.235317707061767578e+00
-5.497103184461593628e-02
-1.024741768836975098e+00
1.387995719909667969e+00
-8.834345340728759766e-01
