-4.186325669288635254e-01
-5.827041268348693848e-01
8.480344414710998535e-01
-1.708191484212875366e-01
-8.871890306472778320e-01
-7.702518701553344727e-01
1.144181013107299805e+00
-2.298543751239776611e-01
-8.103323578834533691e-01
-6.761726737022399902e-01
-3.540357053279876709e-01
1.012242674827575684e+00
-6.604992151260375977e-01
-2.589402496814727783e-01
9.632975459098815918e-01
-2.419194132089614868e-01
9.122828245162963867e-01
-9.964146614074707031e-01
8.365927934646606445e-01
-2.963441014289855957e-01
1.906880974769592285e+00
-2.521535158157348633e-01
2.451865911483764648e+00
-4.868635237216949463e-01
7.289025783538818359e-01
2.610739707946777344e+00
8.553244471549987793e-01
6.292200088500976562e-01
4.022408425807952881e-01
9.285697340965270996e-01
-1.637003660202026367e+00
-1.662148237228393555e-01
1.976121515035629272e-01
7.857331633567810059e-01
4.436288774013519287e-01
6.616191864013671875e-01
-2.060224056243896484e+00
-1.811398863792419434e+00
-4.539348185062408447e-01
1.028410434722900391e+00
-1.679291248321533203e+00
-6.390373110771179199e-01
-1.835120439529418945e+00
-1.392866015434265137e+00
1.235191226005554199e-01
2.585020780563354492e+00
-5.648924112319946289e-01
-1.496614336967468262e+00
2.059035003185272217e-01
4.543329775333404541e-01
-2.949148178100585938e+00
-3.879488678649067879e-03
1.356447339057922363e-01
-1.031172871589660645e+00
3.873579800128936768e-01
-9.201444983482360840e-01
-1.345208525657653809e+00
1.294356584548950195e+00
6.335896253585815430e-01
-8.217985033988952637e-01
-3.348210453987121582e-01
