-2.058189213275909424e-01
6.990680098533630371e-01
-2.802673168480396271e-02
-4.409237802028656006e-01
9.198536723852157593e-02
-7.337480783462524414e-01
-2.336120903491973877e-01
-7.078400254249572754e-02
-8.235880136489868164e-01
-7.844305634498596191e-01
9.326030015945434570e-01
5.533175468444824219e-01
-8.403858542442321777e-01
9.606989622116088867e-01
-4.169789254665374756e-01
2.858346402645111084e-01
-1.783480197191238403e-01
-6.544730663299560547e-01
-8.266932964324951172e-01
-1.105736374855041504e+00
8.861467838287353516e-01
-2.722307443618774414e-01
-8.956772089004516602e-01
-3.142856955528259277e-01
-2.856501936912536621e-01
1.080215573310852051e+00
5.946756005287170410e-01
-2.518205642700195312e-01
2.532981872558593750e+00
-1.570332288742065430e+00
2.892168998718261719e+00
-1.241781711578369141e+00
1.460937261581420898e+00
-6.606104969978332520e-01
5.553513020277023315e-02
1.464424133300781250e+00
5.460924506187438965e-01
2.283195972442626953e+00
1.803985118865966797e+00
7.941970229148864746e-02
-3.014488697052001953e+00
-1.170476377010345459e-01
-1.208488225936889648e+00
1.817963570356369019e-01
8.125109672546386719e-01
-2.914264202117919922e-01
-3.129893064498901367e+00
-1.242504835128784180e+00
1.290162682533264160e+00
1.823871970176696777e+00
-9.251753091812133789e-01
4.276421070098876953e-01
8.857508897781372070e-01
-6.093969941139221191e-02
1.686430871486663818e-01
2.796950578689575195e+00
-7.674687504768371582e-01
1.223833084106445312e+00
1.131123304367065430e+00
-2.569091022014617920e-01
-5.223105549812316895e-01
