1.087892279028892517e-01
-3.376951813697814941e-01
-9.341935515403747559e-01
-3.177979886531829834e-01
8.047302365303039551e-01
-3.934578895568847656e-01
-6.878225803375244141e-01
1.839032024145126343e-01
8.813295960426330566e-01
8.070886135101318359e-01
7.416847348213195801e-01
-6.912850737571716309e-01
6.008050441741943359e-01
-2.470902055501937866e-01
9.171474575996398926e-01
1.539814621210098267e-01
-9.244117140769958496e-01
-7.108545899391174316e-01
6.154851913452148438e-01
-3.511661589145660400e-01
-1.045054197311401367e-01
-1.478887557983398438e+00
1.694815516471862793e+00
-1.246580362319946289e+00
1.972559094429016113e-01
2.112196445465087891e+00
4.653422236442565918e-01
2.249237447977066040e-01
3.122959375381469727e+00
3.747224509716033936e-01
9.049143195152282715e-01
-9.605408906936645508e-01
1.316884040832519531e+00
-7.826430201530456543e-01
2.302572250366210938e+00
1.262889802455902100e-01
2.666266918182373047e+00
-9.152613282203674316e-01
-4.930409789085388184e-01
-1.589765548706054688e+00
2.067517757415771484e+00
-1.420044183731079102e+00
1.591309666633605957e+00
-1.080371975898742676e+00
3.402489423751831055e-01
-3.516946315765380859e+00
7.866929471492767334e-02
6.400271654129028320e-01
-1.961193680763244629e+00
1.220690608024597168e+00
-3.455913364887237549e-01
1.871238797903060913e-01
-8.925385475158691406e-01
-1.317479014396667480e+00
-1.696821212768554688e+00
8.822138309478759766e-01
1.671237349510192871e+00
3.832758665084838867e-01
1.743357256054878235e-02
-1.549062013626098633e+00
6.242570281028747559e-01
