9.036939740180969238e-01
6.697805523872375488e-01
-9.757554531097412109e-01
-1.247944593429565430e+00
-1.745961010456085205e-01
1.065115928649902344e+00
1.658783853054046631e-01
7.032962441444396973e-01
3.925756514072418213e-01
-9.967229366302490234e-01
-9.167491197586059570e-01
-1.105300635099411011e-01
1.043524980545043945e+00
4.406854808330535889e-01
-9.210855960845947266e-01
-7.059546113014221191e-01
9.037532806396484375e-01
2.871838510036468506e-01
4.034559428691864014e-01
-8.866152763366699219e-01
-1.616931319236755371e+00
-1.080195426940917969e+00
-3.174834728240966797e+00
5.157279372215270996e-01
1.224664330482482910e+00
2.602849304676055908e-01
-6.891871094703674316e-01
-1.504467129707336426e+00
-1.668736577033996582e+00
9.545160084962844849e-02
2.363113403320312500e+00
-1.874606758356094360e-01
-4.446388185024261475e-01
-1.627313971519470215e+00
3.292223691940307617e+00
1.094636559486389160e+00
1.088817268610000610e-01
1.364938139915466309e+00
2.025687456130981445e+00
-1.910329222679138184e+00
-7.922420501708984375e-01
7.504865527153015137e-01
1.291885256767272949e+00
5.321227014064788818e-03
-5.033542513847351074e-01
2.326042056083679199e-01
2.121232032775878906e+00
-5.717797279357910156e-01
2.761449337005615234e+00
-2.754411995410919189e-01
1.850099205970764160e+00
-9.808065891265869141e-01
3.148445487022399902e-01
1.122858643531799316e+00
1.746894955635070801e+00
2.782561480998992920e-01
2.221160829067230225e-01
1.304730772972106934e+00
2.754667520523071289e+00
2.031029701232910156e+00
1.840464770793914795e-02
