-1.961156278848648071e-01
-6.682516336441040039e-01
-2.375625967979431152e-01
7.685246467590332031e-01
2.053680270910263062e-01
9.714342951774597168e-01
-5.680672526359558105e-01
6.249925494194030762e-01
-1.188588619232177734e+00
8.362187743186950684e-01
2.380975782871246338e-01
-7.454326152801513672e-01
2.680689692497253418e-01
-5.209348797798156738e-01
-6.587331295013427734e-01
6.576159000396728516e-01
2.487921863794326782e-01
-9.957699179649353027e-01
5.849084258079528809e-01
7.995276451110839844e-01
-5.836322307586669922e-01
-1.254164576530456543e+00
-9.425882697105407715e-01
-7.651998996734619141e-01
-4.247461557388305664e-01
5.128970742225646973e-01
-5.204932093620300293e-01
1.107761144638061523e+00
-2.072262912988662720e-01
-1.375509500503540039e+00
-1.272825479507446289e+00
-2.394768238067626953e+00
1.180608391761779785e+00
-8.461792767047882080e-02
-6.967287063598632812e-01
1.223103523254394531e+00
9.281079769134521484e-01
4.845459461212158203e-01
-1.024176597595214844e+00
-2.258690595626831055e+00
-1.257600903511047363e+00
6.165878176689147949e-01
-7.396486997604370117e-01
1.548451781272888184e-01
3.866475820541381836e-01
3.345202505588531494e-01
5.472578406333923340e-01
-5.064141154289245605e-01
-1.202120818197727203e-02
-9.766230583190917969e-01
3.197933912277221680e+00
1.568249225616455078e+00
1.017332434654235840e+00
5.542994141578674316e-01
-1.174948453903198242e+00
-5.873999595642089844e-01
1.378777861595153809e+00
-1.971322298049926758e-01
1.410431414842605591e-01
-1.332043528556823730e+00
4.809862971305847168e-01
