-4.492042660713195801e-01
-5.122088193893432617e-01
5.031518936157226562e-01
-2.478930652141571045e-01
1.291629552841186523e+00
-8.378164172172546387e-01
-6.362937092781066895e-01
5.652459263801574707e-01
9.710640907287597656e-01
-2.045464962720870972e-01
6.683555245399475098e-01
-4.323312640190124512e-01
3.252303600311279297e-01
6.522275805473327637e-01
4.343625605106353760e-01
4.522906541824340820e-01
-1.021082520484924316e+00
6.999256014823913574e-01
-9.612374901771545410e-01
7.710577249526977539e-01
2.157077789306640625e+00
5.166251659393310547e-01
-1.032906413078308105e+00
7.352435588836669922e-01
3.600264489650726318e-01
-1.255612075328826904e-01
-1.556871533393859863e+00
-8.492994904518127441e-01
-6.255037784576416016e-01
8.533371090888977051e-01
1.705295920372009277e+00
6.555420756340026855e-01
1.185442924499511719e+00
-1.318365454673767090e+00
2.565367937088012695e+00
-8.747302293777465820e-01
2.045231461524963379e-01
-5.012053251266479492e-01
1.168113708496093750e+00
-2.544715404510498047e+00
-1.834247469902038574e+00
3.948837816715240479e-01
-9.127918481826782227e-01
-3.756797790527343750e+00
3.057006895542144775e-01
-5.196642875671386719e-01
2.715680122375488281e+00
-4.105332493782043457e-01
7.724490165710449219e-01
-1.963889479637145996e+00
-1.376542925834655762e+00
1.174310326576232910e+00
3.416500806808471680e+00
-1.019257307052612305e+00
2.207621812820434570e+00
-8.372276425361633301e-01
-3.179635703563690186e-01
-4.219050705432891846e-01
-9.352937936782836914e-01
-1.992203593254089355e+00
-3.435062766075134277e-01
