9.574709087610244751e-02
-2.207658290863037109e-01
-6.899213194847106934e-01
8.507428765296936035e-01
-4.054485857486724854e-01
-8.470499515533447266e-01
-5.708513855934143066e-01
8.304892182350158691e-01
9.381673932075500488e-01
9.177470207214355469e-01
-9.964157342910766602e-01
-9.821106791496276855e-01
-6.770637631416320801e-01
6.683470308780670166e-02
-7.559174299240112305e-02
7.781262397766113281e-01
1.189463436603546143e-01
-1.159862518310546875e+00
-4.118421375751495361e-01
8.540779352188110352e-01
-4.081681743264198303e-02
-8.133287429809570312e-01
-2.149177551269531250e+00
-1.870180726051330566e+00
-2.047976255416870117e+00
-1.156215429306030273e+00
2.957231521606445312e+00
2.789976358413696289e+00
1.330016732215881348e+00
5.569772124290466309e-01
3.179619312286376953e+00
-2.358449220657348633e+00
-2.014430284500122070e+00
-4.576216638088226318e-01
7.905423045158386230e-01
6.617898344993591309e-01
6.260890364646911621e-01
2.933707535266876221e-01
-9.843260645866394043e-01
6.398307085037231445e-01
7.507968544960021973e-01
-5.440359115600585938e-01
-1.913245081901550293e+00
-1.895744204521179199e+00
-2.583070278167724609e+00
8.874008655548095703e-01
-2.268520355224609375e+00
-2.743884801864624023e+00
-5.819336175918579102e-01
-1.561013702303171158e-02
8.722019195556640625e-01
1.517165541648864746e+00
1.150109171867370605e+00
1.450971364974975586e+00
-6.321178078651428223e-01
1.412259936332702637e+00
3.029798030853271484e+00
-4.473103582859039307e-01
-8.509079217910766602e-01
1.308998167514801025e-01
-4.564940929412841797e-01
