8.848416209220886230e-01
-1.194395661354064941e+00
-1.376932859420776367e-01
-2.217558026313781738e-01
-8.726294040679931641e-01
-3.978260755538940430e-01
1.951318085193634033e-01
-3.044976890087127686e-01
1.098345637321472168e+00
2.728435397148132324e-01
1.029384851455688477e+00
1.057335257530212402e+00
1.796527385711669922e+00
1.170669674873352051e+00
-3.446886539459228516e-01
-7.032645940780639648e-01
-3.604775369167327881e-01
-1.195811748504638672e+00
6.763193607330322266e-01
1.021775364875793457e+00
-3.038574695587158203e+00
-2.842178821563720703e+00
-9.622325003147125244e-02
-8.725773692131042480e-01
-8.495879173278808594e-01
2.688410758972167969e+00
7.325251102447509766e-01
1.264105796813964844e+00
3.617877244949340820e+00
8.537615537643432617e-01
-2.723193883895874023e+00
-1.286090850830078125e+00
-4.410881996154785156e-01
1.761983633041381836e+00
-1.533990025520324707e+00
1.658171892166137695e+00
1.657065987586975098e+00
-7.745725512504577637e-01
-1.894395202398300171e-01
-2.023090124130249023e+00
-1.793179392814636230e+00
1.255405902862548828e+00
-3.212465763092041016e+00
-9.872491955757141113e-01
1.648576110601425171e-01
-1.171266555786132812e+00
1.128183245658874512e+00
-5.661734938621520996e-01
-1.105542182922363281e+00
7.240664958953857422e-01
-1.372728347778320312e+00
-2.935800254344940186e-01
6.399922072887420654e-02
-8.810234665870666504e-01
-1.133911371231079102e+00
-1.663756012916564941e+00
-1.818849086761474609e+00
8.134457282721996307e-03
4.490463137626647949e-01
-1.422619104385375977e+00
9.939905256032943726e-02
