-1.093547582626342773e+00
-2.248081862926483154e-01
1.030027151107788086e+00
-3.741089403629302979e-01
1.258541464805603027e+00
-1.847412437200546265e-01
-8.467643260955810547e-01
-5.705681443214416504e-01
7.570350170135498047e-01
-1.600181758403778076e-01
4.647244513034820557e-01
8.414485454559326172e-01
1.022274851799011230e+00
9.474560022354125977e-01
-1.059085726737976074e+00
-7.329101860523223877e-02
7.681244611740112305e-01
-9.561952948570251465e-01
-2.203539609909057617e-01
7.210628986358642578e-01
-8.760952949523925781e-02
-1.122803092002868652e+00
4.063229262828826904e-01
-1.622674942016601562e+00
-3.987959921360015869e-01
3.804533779621124268e-01
-1.970174431800842285e+00
-2.343504190444946289e+00
2.009164571762084961e+00
5.092752575874328613e-01
-2.353962182998657227e+00
1.238433241844177246e+00
3.229591250419616699e-01
-2.183810472488403320e+00
-6.770920157432556152e-01
-1.502828598022460938e-01
2.747837066650390625e+00
3.228475332260131836e+00
-5.987511873245239258e-01
-1.004144906997680664e+00
-3.085501790046691895e-01
-9.752190113067626953e-01
-2.119396179914474487e-01
-2.511174201965332031e+00
3.323168754577636719e-01
-9.594402313232421875e-01
1.324475884437561035e+00
-1.320312261581420898e+00
-1.306692957878112793e+00
-3.435353755950927734e+00
2.005607366561889648e+00
-6.030175685882568359e-01
1.488689240068197250e-02
-1.799747228622436523e+00
-4.739609062671661377e-01
-6.572922468185424805e-01
-2.359605073928833008e+00
1.411210179328918457e+00
-1.648069143295288086e+00
-6.359330415725708008e-01
2.075805664062500000e-01
