-6.664834618568420410e-01
6.174400448799133301e-01
9.579470157623291016e-01
-1.067572951316833496e+00
-1.234942197799682617e+00
1.189224123954772949e+00
-9.931221008300781250e-01
-9.163546562194824219e-01
8.390669822692871094e-01
-2.916085720062255859e-01
-3.240093290805816650e-01
-8.243155479431152344e-02
-4.665906131267547607e-01
8.790661692619323730e-01
1.041353225708007812e+00
5.926436185836791992e-01
-9.101786613464355469e-01
-2.846639752388000488e-01
-1.034252166748046875e+00
-1.001400828361511230e+00
-3.689055144786834717e-01
-4.164696633815765381e-01
-1.669456362724304199e+00
-1.469713449478149414e-01
2.054911851882934570e-01
-2.644374966621398926e-01
1.616194397211074829e-01
3.222679138183593750e+00
2.272993475198745728e-01
-1.328095197677612305e+00
-1.719710946083068848e+00
1.180860474705696106e-01
2.260906219482421875e+00
2.936088323593139648e+00
8.838117122650146484e-02
-1.579379439353942871e+00
-1.989862680435180664e+00
-1.056934595108032227e+00
2.663406610488891602e+00
-1.375380009412765503e-01
7.038717716932296753e-02
5.460826754570007324e-01
-1.039158821105957031e+00
-1.680723726749420166e-01
8.097755163908004761e-02
-3.741642460227012634e-02
-1.992426514625549316e-01
1.553395390510559082e+00
-9.167669713497161865e-02
-1.673527121543884277e+00
-1.488383531570434570e+00
-2.853862285614013672e+00
-2.076967477798461914e+00
-1.586500287055969238e+00
1.645796597003936768e-01
1.292122721672058105e+00
1.447508692741394043e+00
-6.545807123184204102e-01
1.300671100616455078e+00
-1.617318689823150635e-01
-4.368080794811248779e-01
