-9.969901442527770996e-01
1.494851708412170410e-01
-1.192396283149719238e+00
-1.032000541687011719e+00
8.404315114021301270e-01
-4.326793551445007324e-01
-1.049736380577087402e+00
-5.830461978912353516e-01
-9.279587864875793457e-01
-9.014090299606323242e-01
9.068271517753601074e-01
-4.157688617706298828e-01
1.041880622506141663e-01
7.701371908187866211e-01
-2.163372635841369629e-01
-1.508697390556335449e+00
8.075232505798339844e-01
2.642379105091094971e-01
-1.386867046356201172e+00
-8.055444955825805664e-01
-2.201279163360595703e+00
1.344340741634368896e-01
-1.100070104002952576e-01
-2.314718812704086304e-01
-3.468431532382965088e-01
-2.267745494842529297e+00
2.210636377334594727e+00
3.610494434833526611e-01
9.621033072471618652e-01
-1.013953804969787598e+00
2.961511373519897461e+00
2.087641239166259766e+00
-1.520902812480926514e-01
-8.122981786727905273e-01
-6.216854453086853027e-01
-8.662641644477844238e-01
-2.477580785751342773e+00
8.692787289619445801e-01
8.588794469833374023e-01
-3.379602730274200439e-01
1.492197275161743164e+00
1.021574854850769043e+00
-2.354193478822708130e-01
-2.150635272264480591e-01
-3.063785433769226074e-01
-1.747374773025512695e+00
9.846373796463012695e-01
-1.115131020545959473e+00
4.898619651794433594e-01
4.409581422805786133e-01
-1.770609498023986816e+00
-3.244527101516723633e+00
1.011655092239379883e+00
-3.034794330596923828e-01
-2.411968946456909180e+00
-8.186306059360504150e-02
-2.075946569442749023e+00
7.709016799926757812e-01
-2.576777637004852295e-01
-2.670443058013916016e-02
-4.139967635273933411e-02
