6.560266017913818359e-01
6.271390914916992188e-01
-8.788285851478576660e-01
1.026532769203186035e+00
8.290843963623046875e-01
8.138608932495117188e-01
4.463786780834197998e-01
4.074835479259490967e-01
-5.563245415687561035e-01
7.310422658920288086e-01
-4.600397050380706787e-01
-2.406757324934005737e-01
3.278985619544982910e-01
-5.892210006713867188e-01
3.463889360427856445e-01
2.246584147214889526e-01
6.224859878420829773e-02
9.054822325706481934e-01
-1.482775658369064331e-01
-4.336263239383697510e-01
-1.790123462677001953e+00
2.234849452972412109e+00
3.041354417800903320e-01
2.909064292907714844e+00
6.731469631195068359e-01
1.502993702888488770e+00
-3.292324542999267578e-01
-1.922694087028503418e+00
8.960831761360168457e-01
1.295234203338623047e+00
-2.274205923080444336e+00
-6.858661770820617676e-01
-1.610332250595092773e+00
-1.853017508983612061e-01
-3.002472221851348877e-01
5.395801663398742676e-01
-8.413566946983337402e-01
3.430842876434326172e+00
9.729925394058227539e-01
6.246923804283142090e-01
-3.325848102569580078e+00
1.928707718849182129e+00
-1.415529608726501465e+00
-1.760495066642761230e+00
1.493854284286499023e+00
-1.164847254753112793e+00
-3.481896519660949707e-01
2.125168800354003906e+00
9.025307893753051758e-01
-9.300479888916015625e-01
-2.288547992706298828e+00
-1.740793824195861816e+00
2.770083665847778320e+00
2.456374913454055786e-01
-5.882589221000671387e-01
1.540232896804809570e+00
1.513630867004394531e+00
-2.440041303634643555e+00
-1.595988273620605469e+00
6.010658740997314453e-01
2.368331670761108398e+00
