-1.064834356307983398e+00
-1.131958246231079102e+00
3.610725104808807373e-01
-1.553918361663818359e+00
-2.260864526033401489e-01
1.256615668535232544e-01
8.914592266082763672e-01
1.089466333389282227e+00
1.002358317375183105e+00
-3.909699916839599609e-01
-1.005094408988952637e+00
1.077019810676574707e+00
1.984677165746688843e-01
3.317692875862121582e-01
-2.184977680444717407e-01
-1.053449630737304688e+00
7.776783704757690430e-01
-7.862749695777893066e-01
1.010786414146423340e+00
-1.611676663160324097e-01
1.573956727981567383e+00
-1.273740172386169434e+00
1.808057785034179688e+00
-7.224941849708557129e-01
3.930571973323822021e-01
-6.764414161443710327e-02
2.950611591339111328e+00
-2.700165987014770508e+00
7.889117598533630371e-01
1.997089385986328125e+00
3.508315563201904297e+00
-6.590076088905334473e-01
3.937730491161346436e-01
1.065766811370849609e+00
4.172183573246002197e-01
-1.756377816200256348e+00
-5.849851965904235840e-01
-1.195403575897216797e+00
2.443177223205566406e+00
3.025268316268920898e-01
6.488830447196960449e-01
4.590965807437896729e-01
2.171403169631958008e+00
-9.921902418136596680e-02
-1.754094958305358887e+00
6.921479701995849609e-01
-1.595676779747009277e+00
-1.564030528068542480e+00
2.574100857600569725e-03
-1.685988664627075195e+00
1.594449520111083984e+00
6.618591547012329102e-01
5.807533860206604004e-01
1.984078884124755859e+00
-1.176302075386047363e+00
8.940418362617492676e-01
-6.481350064277648926e-01
-2.254179269075393677e-01
-1.634148240089416504e+00
-2.082276344299316406e+00
-1.793930381536483765e-01
