6.006016731262207031e-01
-3.039347827434539795e-01
-8.305264115333557129e-01
-7.158761620521545410e-01
-7.467358112335205078e-01
1.810089945793151855e-01
-3.848194479942321777e-01
1.061621069908142090e+00
-2.366150468587875366e-01
-1.218685865402221680e+00
8.693182468414306641e-01
1.172021269798278809e+00
1.048917293548583984e+00
8.429696559906005859e-01
-7.430753111839294434e-01
-9.113950729370117188e-01
-2.782808244228363037e-01
7.717592120170593262e-01
6.820306777954101562e-01
-5.705598592758178711e-01
2.687187492847442627e-01
1.314811587333679199e+00
2.951819598674774170e-01
1.482536911964416504e+00
1.393475651741027832e+00
-6.486393809318542480e-01
-2.125051736831665039e+00
6.339026689529418945e-01
9.481398463249206543e-01
5.723737478256225586e-01
2.490956783294677734e+00
7.147289514541625977e-01
8.123968839645385742e-01
8.257458209991455078e-01
1.737174987792968750e-01
-1.530997514724731445e+00
1.206318259239196777e+00
-2.362127542495727539e+00
7.110493183135986328e-01
-9.491657018661499023e-01
-2.005209028720855713e-01
-1.316110849380493164e+00
1.512499898672103882e-01
7.892664074897766113e-01
6.215315461158752441e-01
7.287045717239379883e-01
-3.233367204666137695e+00
-4.665726721286773682e-01
-1.612645983695983887e+00
-4.463412463665008545e-01
-1.437340497970581055e+00
6.853758692741394043e-01
-3.608115315437316895e-01
6.018415689468383789e-01
-4.076344966888427734e-01
1.123756527900695801e+00
-1.870680928230285645e+00
-2.079978227615356445e+00
5.814803242683410645e-01
2.272884845733642578e-01
2.052605897188186646e-02
