-9.139863252639770508e-01
2.991415262222290039e-01
-1.030999064445495605e+00
-1.174900650978088379e+00
9.569188207387924194e-02
5.501149967312812805e-02
5.694516301155090332e-01
-1.089973092079162598e+00
-4.648834168910980225e-01
-9.111107587814331055e-01
1.465878367424011230e+00
1.242014050483703613e+00
1.282224178314208984e+00
-9.564273953437805176e-01
1.831541769206523895e-02
1.634408682584762573e-01
-2.418429404497146606e-01
1.258299231529235840e+00
1.070001125335693359e+00
-8.282496333122253418e-01
-3.198753118515014648e+00
-1.101751685142517090e+00
-2.457191944122314453e+00
3.386530876159667969e+00
1.639674305915832520e-01
6.822165846824645996e-01
2.260405063629150391e+00
2.343294143676757812e+00
2.081137657165527344e+00
5.053229928016662598e-01
1.005378723144531250e+00
-1.097770094871520996e+00
1.935055017471313477e+00
1.469909787178039551e+00
8.920356035232543945e-01
-3.327662646770477295e-01
7.266521453857421875e-01
1.346565961837768555e+00
-4.058053016662597656e+00
2.707011401653289795e-01
2.566519260406494141e+00
1.653119087219238281e+00
2.359097957611083984e+00
1.701272845268249512e+00
1.300818443298339844e+00
1.128362417221069336e+00
4.917779445648193359e+00
1.165565609931945801e+00
-2.175755977630615234e+00
-6.131208539009094238e-01
7.632114738225936890e-02
-5.999468266963958740e-02
-5.946810245513916016e-01
5.420640110969543457e-01
1.348341345787048340e+00
1.428503394126892090e+00
-1.744292497634887695e+00
-3.080645203590393066e-01
-1.964347004890441895e+00
-7.898129224777221680e-01
-1.395641088485717773e+00
