9.929191470146179199e-01
4.878478348255157471e-01
9.141281843185424805e-01
-3.017692267894744873e-01
-6.354421973228454590e-01
7.414007782936096191e-01
6.293979287147521973e-01
7.487183213233947754e-01
7.078948616981506348e-01
-7.801920771598815918e-01
1.244972705841064453e+00
-2.986532151699066162e-01
5.955967903137207031e-01
-1.777763843536376953e+00
-6.310488581657409668e-01
-8.609543442726135254e-01
-7.807518839836120605e-01
5.774260759353637695e-01
7.360351681709289551e-01
1.070968508720397949e+00
2.225843667984008789e-01
-2.060230493545532227e+00
-1.712267100811004639e-01
-1.527733087539672852e+00
1.916979104280471802e-01
-4.595314562320709229e-01
2.986610233783721924e-01
-2.726723432540893555e+00
1.370966792106628418e+00
1.788502693176269531e+00
-1.056165337562561035e+00
6.866090893745422363e-01
-1.743516623973846436e-01
4.941232204437255859e-01
-1.698478460311889648e+00
1.164019703865051270e-01
-4.163474142551422119e-01
5.324690937995910645e-01
3.169809281826019287e-01
-5.456057786941528320e-01
-3.032781481742858887e-01
1.607871651649475098e+00
1.333603113889694214e-01
-2.927540063858032227e+00
-3.661128580570220947e-01
4.833936989307403564e-01
-1.182111278176307678e-01
-1.849980115890502930e+00
-8.739467263221740723e-01
1.312810182571411133e+00
-5.842722058296203613e-01
-1.977777004241943359e+00
2.781848907470703125e-01
1.921614408493041992e-01
1.266846179962158203e+00
-8.149204403162002563e-02
3.139352202415466309e-01
2.449609637260437012e-01
-3.499937476590275764e-03
6.309067606925964355e-01
-1.067277431488037109e+00
