-7.877241969108581543e-01
-4.460324645042419434e-01
-9.172586202621459961e-01
8.861653208732604980e-01
4.017543196678161621e-01
-1.113625049591064453e+00
1.009819030761718750e+00
-3.102250993251800537e-01
-8.418430089950561523e-01
-7.758214473724365234e-01
-8.660680651664733887e-01
-4.664654731750488281e-01
7.375037670135498047e-01
-5.124421119689941406e-01
6.690503358840942383e-01
7.400749921798706055e-01
6.568812727928161621e-01
3.354161679744720459e-01
7.833722829818725586e-01
1.178158640861511230e+00
9.665875881910324097e-02
-2.563392639160156250e+00
3.401902318000793457e-01
-5.633324980735778809e-01
-2.010384798049926758e+00
-6.143862009048461914e-01
1.561547219753265381e-01
1.538090229034423828e+00
4.984086751937866211e-02
2.033554077148437500e+00
9.515370428562164307e-02
-5.674614906311035156e-01
-1.363777160644531250e+00
-1.411338329315185547e+00
1.304123044013977051e+00
-2.630038499832153320e+00
-9.398077130317687988e-01
-7.772086858749389648e-01
2.133902549743652344e+00
7.203490138053894043e-01
4.708566516637802124e-02
-3.310270786285400391e+00
-6.407662034034729004e-01
2.913931608200073242e-01
1.732179164886474609e+00
2.609196007251739502e-01
1.963211447000503540e-01
-2.083285331726074219e+00
-1.018152572214603424e-02
1.324298620223999023e+00
1.051059812307357788e-01
-7.406956553459167480e-01
-3.126299977302551270e-01
1.111206412315368652e+00
-5.899634361267089844e-01
-1.203085064888000488e+00
-2.570090889930725098e-01
2.747241854667663574e-01
-8.993436694145202637e-01
4.865766465663909912e-01
-3.761903643608093262e-01
