3.316666781902313232e-01
-9.825561046600341797e-01
-1.343433141708374023e+00
-4.769208729267120361e-01
1.237377047538757324e+00
-4.061754327267408371e-03
9.945670366287231445e-01
-7.733401656150817871e-01
-9.709541201591491699e-01
-4.352881312370300293e-01
1.347865819931030273e+00
-1.071937799453735352e+00
-1.105269193649291992e+00
3.533208072185516357e-01
1.185116887092590332e+00
-7.218598723411560059e-01
-1.687673926353454590e-01
8.890623450279235840e-01
1.466625332832336426e+00
2.989582419395446777e-01
-1.340206861495971680e+00
4.010458946228027344e+00
-1.337400674819946289e+00
2.853519916534423828e-01
2.303604602813720703e+00
1.231231212615966797e+00
-1.029790565371513367e-01
-5.332442522048950195e-01
-3.393724203109741211e+00
-1.741282701492309570e+00
-8.871755599975585938e-01
3.333839893341064453e+00
2.475519418716430664e+00
1.315090060234069824e+00
3.193656921386718750e+00
3.263874053955078125e+00
6.171096116304397583e-02
3.542757332324981689e-01
-9.595259428024291992e-01
-1.159779667854309082e+00
1.375883221626281738e+00
1.847427845001220703e+00
5.220263600349426270e-01
-7.156018633395433426e-03
-1.475613236427307129e+00
8.172622323036193848e-01
5.028852224349975586e-01
3.509143739938735962e-02
1.554332971572875977e+00
-2.828037977218627930e+00
1.370184570550918579e-01
1.654481291770935059e+00
1.216448307037353516e+00
3.062311172485351562e+00
-1.539970040321350098e+00
-2.452468395233154297e+00
-6.840303540229797363e-01
5.112510323524475098e-01
1.508332490921020508e-01
1.277546882629394531e+00
-1.322818517684936523e+00
