7.377614974975585938e-01
-6.956005096435546875e-01
8.658316731452941895e-01
9.976100921630859375e-01
1.168596670031547546e-01
-7.470837235450744629e-01
5.516297221183776855e-01
-2.587614059448242188e-01
-4.977392852306365967e-01
-3.090649545192718506e-01
6.509683132171630859e-01
8.759915232658386230e-01
9.341737031936645508e-01
-8.506053686141967773e-01
-2.686668038368225098e-01
2.717292308807373047e-01
7.213728427886962891e-01
-6.729260087013244629e-01
-1.039722204208374023e+00
-4.358314871788024902e-01
-8.873632550239562988e-02
-2.045661449432373047e+00
-1.852924078702926636e-01
9.178457856178283691e-01
4.369279444217681885e-01
1.553499341011047363e+00
-8.050574064254760742e-01
-1.101740837097167969e+00
-2.719461619853973389e-01
1.385037899017333984e+00
1.360895752906799316e+00
-3.420279622077941895e-01
-4.047768115997314453e-01
-5.580938458442687988e-01
-1.153346538543701172e+00
1.164742350578308105e+00
-2.274775266647338867e+00
-7.361524701118469238e-01
-2.881214618682861328e-01
1.917337179183959961e+00
4.609383642673492432e-02
1.910233855247497559e+00
-1.856739670038223267e-01
7.047055959701538086e-01
3.651528656482696533e-01
1.315380096435546875e+00
1.852374672889709473e-01
-1.999946832656860352e+00
2.152032032608985901e-02
-1.372166395187377930e+00
-1.092723250389099121e+00
-2.412170618772506714e-01
8.651587367057800293e-01
5.869253873825073242e-01
-9.675704240798950195e-01
1.960002422332763672e+00
-1.740708231925964355e+00
6.710892915725708008e-01
-6.242976784706115723e-01
-1.991271495819091797e+00
-7.362645268440246582e-01
