1.652343273162841797e-01
3.623735606670379639e-01
1.425934076309204102e+00
1.006543874740600586e+00
-1.053193569183349609e+00
-1.617299914360046387e+00
5.511794090270996094e-01
-2.264872342348098755e-01
1.608829796314239502e-01
1.426329731941223145e+00
-1.162217855453491211e+00
-2.763242721557617188e-01
-9.183730185031890869e-02
-1.415781497955322266e+00
-1.632790863513946533e-01
4.189713299274444580e-01
1.228514790534973145e+00
-9.944422841072082520e-01
-1.774182766675949097e-01
-1.054195284843444824e+00
-5.747131705284118652e-01
1.452935814857482910e+00
9.911921620368957520e-01
-2.328347682952880859e+00
-1.585108637809753418e+00
-1.123130798339843750e+00
7.215020656585693359e-01
1.077686786651611328e+00
6.495304107666015625e-01
-3.591848909854888916e-01
-2.808587312698364258e+00
1.277498960494995117e+00
-6.763990521430969238e-01
1.645298957824707031e+00
9.926975369453430176e-01
2.165187358856201172e+00
-1.531344652175903320e+00
3.305742025375366211e+00
-6.211924552917480469e-01
-3.516891956329345703e+00
1.517188191413879395e+00
1.006655454635620117e+00
1.361271739006042480e-01
-1.889005661010742188e+00
1.027457356452941895e+00
-5.489487946033477783e-02
4.724291861057281494e-01
-4.233988523483276367e-01
2.242437839508056641e+00
3.305990695953369141e-01
1.352820038795471191e+00
-3.640995502471923828e+00
-1.132939219474792480e+00
-4.192082881927490234e-01
-1.004688858985900879e+00
1.514042735099792480e+00
-8.868286013603210449e-01
1.337264180183410645e+00
-1.484565320424735546e-03
1.262878298759460449e+00
3.070268929004669189e-01
