-8.284701704978942871e-01
1.058398485183715820e+00
-5.439538359642028809e-01
1.056370735168457031e+00
-2.097457647323608398e-01
8.237629532814025879e-01
1.105413675308227539e+00
-1.107607483863830566e+00
-1.295261085033416748e-01
-2.595427334308624268e-01
6.377272605895996094e-01
-1.508133411407470703e-01
-9.178577661514282227e-01
9.639782905578613281e-01
3.147575259208679199e-01
-2.098423242568969727e-01
1.767297685146331787e-01
8.974481821060180664e-01
1.590169519186019897e-01
1.507754623889923096e-01
-2.688538074493408203e+00
7.746415734291076660e-01
2.026051044464111328e+00
9.096961617469787598e-01
-7.588367462158203125e-01
-1.793314218521118164e+00
-1.043758392333984375e+00
-9.254005551338195801e-01
6.126604080200195312e-01
1.333654671907424927e-01
3.533237874507904053e-01
-5.941930785775184631e-02
-1.930833697319030762e+00
8.799238204956054688e-01
1.506026744842529297e+00
-5.997149944305419922e-01
-5.117630958557128906e-01
-3.052013397216796875e+00
1.989436149597167969e-01
-3.134782910346984863e-01
1.575914502143859863e+00
5.207532048225402832e-01
-1.073719024658203125e+00
-2.577100396156311035e-01
-3.884419798851013184e-01
-1.923267960548400879e+00
-2.123548835515975952e-01
3.075387477874755859e-01
-4.813580214977264404e-01
-3.154004812240600586e-01
1.637925952672958374e-01
-1.030648350715637207e+00
1.321980714797973633e+00
-2.780463099479675293e-01
1.029336571693420410e+00
-1.214798331260681152e+00
1.115846514701843262e+00
-1.316947579383850098e+00
1.579484820365905762e+00
1.514222860336303711e+00
-1.097420006990432739e-01
