-8.126967549324035645e-01
-1.718236356973648071e-01
-2.360385954380035400e-01
-2.883222103118896484e-01
-7.996258735656738281e-01
7.010862827301025391e-01
-7.456688284873962402e-01
-7.143019437789916992e-01
6.174828410148620605e-01
-3.953624367713928223e-01
-7.955709695816040039e-01
6.908287405967712402e-01
-4.014827609062194824e-01
-7.998195290565490723e-01
-6.931509375572204590e-01
-6.402924656867980957e-01
-6.506410837173461914e-01
5.630950927734375000e-01
-5.636053681373596191e-01
3.424989581108093262e-01
2.792461395263671875e+00
-1.553067684173583984e+00
4.396307170391082764e-01
1.156050324440002441e+00
1.925747871398925781e+00
-1.196227431297302246e+00
-2.234548807144165039e+00
1.566542625427246094e+00
-4.287950396537780762e-01
1.794793367385864258e+00
-1.750069856643676758e+00
8.582653403282165527e-01
1.893901586532592773e+00
-1.729964464902877808e-01
5.730001330375671387e-01
8.796149492263793945e-02
-1.255894064903259277e+00
2.687887907028198242e+00
7.755050659179687500e-01
-1.437444090843200684e+00
2.334523916244506836e+00
-1.210963010787963867e+00
-3.626846671104431152e-01
-1.174813985824584961e+00
1.493732452392578125e+00
-4.916413724422454834e-01
1.731018185615539551e+00
9.847981333732604980e-01
-4.539565742015838623e-02
-1.910235404968261719e+00
9.203888773918151855e-01
-1.092984229326248169e-01
-1.697181820869445801e+00
-1.542302250862121582e+00
-1.788815259933471680e+00
-6.004256382584571838e-02
1.046768307685852051e+00
3.333719253540039062e+00
8.287069201469421387e-01
1.455203413963317871e+00
-2.065549790859222412e-01
