7.091840505599975586e-01
-3.421721756458282471e-01
-6.859343051910400391e-01
-5.099398493766784668e-01
4.782437086105346680e-01
7.406250834465026855e-01
-9.118313193321228027e-01
6.515201330184936523e-01
-3.622402846813201904e-01
9.070917963981628418e-01
-3.862863183021545410e-01
7.440134286880493164e-01
6.716954708099365234e-01
-1.035794734954833984e+00
-9.355477094650268555e-01
1.057535290718078613e+00
-4.325077235698699951e-01
-9.390770792961120605e-01
7.455427646636962891e-01
-3.367626368999481201e-01
2.068381309509277344e+00
-3.859394788742065430e-01
3.409829735755920410e-01
2.440337896347045898e+00
2.843949317932128906e+00
-6.628829240798950195e-02
1.850177347660064697e-01
-4.158104658126831055e-01
-3.083374977111816406e+00
-3.176040172576904297e+00
-8.440467715263366699e-02
-9.018626213073730469e-01
1.770498752593994141e-01
6.519557237625122070e-01
-7.707651853561401367e-01
-6.931501030921936035e-01
2.667922377586364746e-01
2.277072429656982422e+00
1.369982004165649414e+00
-1.566385746002197266e+00
-1.937564253807067871e+00
2.686948776245117188e+00
-1.845646053552627563e-01
-2.991135358810424805e+00
2.870882749557495117e+00
6.863180398941040039e-01
1.448125094175338745e-01
4.736941754817962646e-01
1.628545165061950684e+00
-1.249435663223266602e+00
1.038223981857299805e+00
-5.436152815818786621e-01
1.852233886718750000e+00
-1.688571870326995850e-01
-3.794764578342437744e-01
1.721272617578506470e-01
-6.207304596900939941e-01
1.175301313400268555e+00
-3.031846582889556885e-01
-2.626770973205566406e+00
-2.575970888137817383e-01
