-2.659201025962829590e-01
8.958359360694885254e-01
1.950203478336334229e-01
-1.440099477767944336e-01
4.206978678703308105e-01
8.573791980743408203e-01
-5.001467466354370117e-01
-6.880484819412231445e-01
-7.245472669601440430e-01
-8.419314622879028320e-01
-8.450976610183715820e-01
8.750336766242980957e-01
2.996245324611663818e-01
-9.117521345615386963e-02
8.953108191490173340e-01
-1.867653727531433105e-01
1.172796934843063354e-01
7.859199047088623047e-01
-4.734362959861755371e-01
-2.833161652088165283e-01
3.320335224270820618e-02
-1.895810604095458984e+00
-2.835340201854705811e-01
2.747090756893157959e-01
1.530280232429504395e+00
6.976337432861328125e-01
2.373963356018066406e+00
7.896368503570556641e-01
-1.324819684028625488e+00
2.662478685379028320e+00
-2.750688314437866211e+00
1.516739964485168457e+00
1.098835706710815430e+00
-9.069304466247558594e-01
2.134526968002319336e+00
-6.804438829421997070e-01
6.053981184959411621e-01
-1.026790440082550049e-01
-1.842025399208068848e+00
1.556261897087097168e+00
-1.305502772331237793e+00
-1.805252194404602051e+00
5.879082679748535156e-01
-1.856072068214416504e+00
1.011826872825622559e+00
-1.421952396631240845e-01
-2.260463237762451172e+00
7.147524952888488770e-01
6.573483347892761230e-01
2.231942892074584961e+00
2.374629259109497070e+00
-1.125185251235961914e+00
1.679711461067199707e+00
-1.582977890968322754e+00
-1.584704160690307617e+00
-6.911464333534240723e-01
1.591815471649169922e+00
1.369472026824951172e+00
-1.819737911224365234e+00
-1.232392311096191406e+00
-1.124018907546997070e+00
