-2.755558490753173828e-01
-6.380789279937744141e-01
5.130583643913269043e-01
8.152089118957519531e-01
9.369156956672668457e-01
1.539109945297241211e-01
1.065014958381652832e+00
1.468293219804763794e-01
6.125023365020751953e-01
6.623376011848449707e-01
1.722011864185333252e-01
4.181552529335021973e-01
-5.512692928314208984e-01
-3.094325363636016846e-01
4.116445481777191162e-01
7.738898992538452148e-01
-2.483253777027130127e-01
-1.721955239772796631e-01
-7.254862785339355469e-01
1.284562468528747559e+00
1.115707635879516602e+00
2.867704629898071289e-01
7.935150265693664551e-01
-1.898876428604125977e+00
-5.214115977287292480e-01
2.649082243442535400e-01
1.790362745523452759e-01
-1.985996812582015991e-01
-6.837050318717956543e-01
1.700717091560363770e+00
-1.740994676947593689e-02
-1.454957723617553711e+00
5.302968993782997131e-02
8.344834446907043457e-01
2.371511936187744141e+00
-2.660827636718750000e+00
1.311790585517883301e+00
8.736461400985717773e-02
-2.069403976202011108e-01
6.975744366645812988e-01
-1.469203472137451172e+00
2.807336747646331787e-01
-4.325885772705078125e-01
-1.590748667716979980e+00
7.694320082664489746e-01
1.329987883567810059e+00
3.364774286746978760e-01
3.473000824451446533e-01
-6.385576725006103516e-01
-2.534704208374023438e+00
6.735087633132934570e-01
1.250446796417236328e+00
-7.977022230625152588e-02
-6.246489882469177246e-01
2.826145172119140625e+00
-2.289882183074951172e+00
-1.219632863998413086e+00
-1.013282418251037598e+00
2.837867140769958496e-01
1.746826022863388062e-01
-7.217159271240234375e-01
