-1.287694454193115234e+00
2.507611215114593506e-01
-1.585417270660400391e+00
-5.788322165608406067e-02
1.740937590599060059e+00
1.811342954635620117e+00
-1.133913636207580566e+00
7.250088453292846680e-01
1.481271982192993164e-01
-1.037343621253967285e+00
4.767700284719467163e-02
1.090785741806030273e+00
-6.183572411537170410e-01
8.990270495414733887e-01
-1.193913698196411133e+00
1.812241792678833008e+00
1.262100696563720703e+00
5.812052488327026367e-01
-1.062286972999572754e+00
3.813048601150512695e-01
-2.492324829101562500e+00
-8.599168062210083008e-01
1.060188412666320801e+00
4.157587587833404541e-01
-1.187276959419250488e+00
5.602278709411621094e-01
3.999868392944335938e+00
-6.998773813247680664e-01
6.723237633705139160e-01
-3.814586877822875977e+00
-6.971883773803710938e-01
-2.742867946624755859e+00
-2.596320867538452148e+00
2.036581188440322876e-01
1.770771503448486328e+00
6.463517993688583374e-02
3.435023546218872070e+00
-3.021584987640380859e+00
-2.635576248168945312e+00
-1.201956987380981445e+00
1.817639350891113281e+00
1.836939215660095215e+00
-1.457038521766662598e+00
1.713561177253723145e+00
-9.394307732582092285e-01
3.433094918727874756e-01
1.706878781318664551e+00
1.028964877128601074e+00
2.102449417114257812e+00
2.046543598175048828e+00
5.948436260223388672e-01
-2.720143795013427734e+00
-4.479278564453125000e+00
-1.488666683435440063e-01
1.091142535209655762e+00
1.795297861099243164e-01
-2.440785408020019531e+00
2.049759864807128906e+00
-1.380041599273681641e+00
2.712069034576416016e+00
-3.215608298778533936e-01
