-3.429761528968811035e-01
-5.210790038108825684e-01
-9.731086492538452148e-01
9.081171154975891113e-01
-1.286629140377044678e-01
-8.117865920066833496e-01
-8.385304808616638184e-01
-3.586216568946838379e-01
1.196474552154541016e+00
1.152479171752929688e+00
-7.385166287422180176e-01
-5.798197388648986816e-01
-4.910603761672973633e-01
-6.954010128974914551e-01
-9.191125035285949707e-01
-1.934708952903747559e-01
-9.895374625921249390e-02
2.158522754907608032e-01
1.251270055770874023e+00
5.294367671012878418e-01
1.541354060173034668e+00
-5.128173232078552246e-01
6.916902065277099609e-01
2.050269842147827148e+00
-9.493370354175567627e-02
-2.545205593109130859e+00
1.917629003524780273e+00
5.463054180145263672e-01
-6.963675618171691895e-01
9.920668005943298340e-01
1.038861572742462158e-01
-2.877086639404296875e+00
2.206731319427490234e+00
2.060505390167236328e+00
-6.101868301630020142e-02
-6.694241166114807129e-01
1.312575101852416992e+00
-1.211221575736999512e+00
1.290248036384582520e-01
4.291425943374633789e-01
-1.828399419784545898e+00
8.544526100158691406e-01
1.953259706497192383e-01
-1.122889161109924316e+00
-1.103425383567810059e+00
2.445523977279663086e+00
1.685109615325927734e+00
1.178836464881896973e+00
1.043350338935852051e+00
1.161593317985534668e+00
3.187604844570159912e-01
-3.282208442687988281e+00
-2.896422147750854492e+00
2.886033773422241211e+00
-1.109996363520622253e-01
-2.089144468307495117e+00
6.322975158691406250e-01
3.069892644882202148e+00
1.131130695343017578e+00
-7.557300925254821777e-01
8.348228931427001953e-01
