-1.103146433830261230e+00
-1.518883407115936279e-01
-2.003829926252365112e-01
5.050916671752929688e-01
-9.072064161300659180e-01
1.554132103919982910e-01
-1.070503354072570801e+00
1.668562442064285278e-01
8.606613874435424805e-01
1.413774490356445312e-01
1.870772242546081543e-01
9.969570040702819824e-01
-3.348613381385803223e-01
1.085634350776672363e+00
9.200131893157958984e-01
-1.140525937080383301e+00
-2.446234673261642456e-01
-8.488927483558654785e-01
3.828653395175933838e-01
-1.591922640800476074e-01
4.315145909786224365e-01
3.876464962959289551e-01
3.133473694324493408e-01
3.961012661457061768e-01
3.204445362091064453e+00
4.159982204437255859e-01
-6.712341308593750000e-01
4.432052373886108398e-01
-1.557212591171264648e+00
-2.518436610698699951e-01
5.084823369979858398e-01
-2.475536108016967773e+00
1.632291555404663086e+00
2.503150224685668945e+00
2.948324918746948242e+00
-1.641452312469482422e+00
1.109901189804077148e+00
1.207475185394287109e+00
1.479643344879150391e+00
4.530977904796600342e-01
-2.889646887779235840e-01
-1.039695739746093750e+00
-1.432778593152761459e-02
1.429512798786163330e-01
2.025891542434692383e+00
7.127420902252197266e-01
2.936315536499023438e-01
1.930643320083618164e+00
-5.401173830032348633e-01
1.700968980789184570e+00
1.593081355094909668e+00
-1.361071586608886719e+00
-1.351280212402343750e+00
-1.522863864898681641e+00
-1.678318858146667480e+00
1.095158934593200684e+00
-1.234018445014953613e+00
9.254787862300872803e-02
2.151394367218017578e+00
-1.070250511169433594e+00
-2.022116482257843018e-01
