1.016851663589477539e+00
4.786763191223144531e-01
8.671602010726928711e-01
9.247467517852783203e-01
-8.271236419677734375e-01
-8.395482897758483887e-01
1.070880770683288574e+00
-6.995075941085815430e-01
2.580128312110900879e-01
-1.019901871681213379e+00
-7.087284326553344727e-01
-1.145353913307189941e+00
2.614139318466186523e-01
2.580563426017761230e-01
3.200769126415252686e-01
-2.869630157947540283e-01
6.546499133110046387e-01
1.339922100305557251e-01
9.321497678756713867e-01
-9.990984201431274414e-01
1.564656734466552734e+00
2.023713350296020508e+00
6.076774597167968750e-01
3.205785274505615234e+00
2.796322584152221680e+00
1.909188985824584961e+00
2.625750541687011719e+00
1.528267741203308105e+00
1.405122756958007812e+00
9.279799461364746094e-02
-1.092736005783081055e+00
1.096373200416564941e+00
-1.132661342620849609e+00
-1.077724218368530273e+00
1.368293166160583496e+00
1.194039821624755859e+00
-1.334654092788696289e-01
3.435514569282531738e-01
-1.037850022315979004e+00
1.383438110351562500e+00
-8.636608123779296875e-01
2.138579607009887695e+00
3.365804851055145264e-01
-1.609009265899658203e+00
1.876376271247863770e+00
1.163700819015502930e+00
-1.317743539810180664e+00
1.153772711753845215e+00
1.238563895225524902e+00
-6.187743544578552246e-01
-2.594156563282012939e-01
5.061362385749816895e-01
2.637363195419311523e+00
1.214765191078186035e+00
6.269482374191284180e-01
-2.176890134811401367e+00
-4.744209945201873779e-01
6.290501952171325684e-01
1.704093575477600098e+00
7.337076663970947266e-01
4.084272086620330811e-01
