-3.779143393039703369e-01
1.105605244636535645e+00
-9.341424703598022461e-01
9.390847384929656982e-02
1.141423106193542480e+00
1.007934808731079102e+00
1.068868398666381836e+00
-7.515864968299865723e-01
1.317748278379440308e-01
8.584868311882019043e-01
5.258126258850097656e-01
2.426306903362274170e-01
-9.347133636474609375e-01
-7.532469630241394043e-01
-9.274753928184509277e-01
1.112702727317810059e+00
1.292212843894958496e+00
-7.623815536499023438e-01
-1.244151368737220764e-01
7.327276468276977539e-01
-1.583151459693908691e+00
-9.787436723709106445e-01
-1.987486891448497772e-02
-6.115938350558280945e-02
1.077350854873657227e+00
-7.263470888137817383e-01
-3.819620609283447266e-01
1.580984145402908325e-01
7.089790105819702148e-01
7.113077044486999512e-01
-2.192350625991821289e+00
-8.514510393142700195e-01
-1.115063905715942383e+00
-2.176533699035644531e+00
-1.543300509452819824e+00
-8.892509341239929199e-01
-4.111026823520660400e-01
1.883658528327941895e+00
4.899577200412750244e-01
-2.698393583297729492e+00
-2.209576845169067383e+00
-1.011135935783386230e+00
-3.400723338127136230e-01
6.261418461799621582e-01
-2.771695554256439209e-01
4.053571820259094238e-01
1.895957626402378082e-02
-2.570250630378723145e-01
2.100430250167846680e+00
-3.392514288425445557e-01
2.251059770584106445e+00
1.705216765403747559e+00
-9.010242819786071777e-01
1.944847226142883301e+00
1.291019916534423828e+00
8.137077689170837402e-01
-1.838466376066207886e-01
1.811040639877319336e+00
-9.606289863586425781e-01
-2.061827659606933594e+00
-5.894783139228820801e-01
