-1.546714156866073608e-01
-7.997958064079284668e-01
6.867336630821228027e-01
9.394092559814453125e-01
1.314012169837951660e+00
1.042395710945129395e+00
9.561024308204650879e-01
9.390484094619750977e-01
8.518550992012023926e-01
-8.170570433139801025e-02
-3.419573605060577393e-01
-9.605845212936401367e-01
-9.232232570648193359e-01
1.111540436744689941e+00
-9.483686089515686035e-01
-9.332329034805297852e-01
4.644689261913299561e-01
3.614579737186431885e-01
7.080802917480468750e-01
-9.425331950187683105e-01
-4.596791565418243408e-01
1.299570560455322266e+00
-1.229556560516357422e+00
-2.927791595458984375e+00
2.055326998233795166e-01
-2.213047981262207031e+00
-7.273871302604675293e-01
2.024150609970092773e+00
-7.492367625236511230e-01
3.348319232463836670e-01
-9.596263617277145386e-02
1.035791516304016113e+00
1.495587825775146484e+00
6.927877664566040039e-01
-3.152113914489746094e+00
8.487133383750915527e-01
1.889330863952636719e+00
-1.391894817352294922e+00
2.336484342813491821e-01
9.135886430740356445e-01
-2.707320213317871094e+00
5.468703508377075195e-01
4.099372029304504395e-01
-1.695372939109802246e+00
3.517595231533050537e-01
-1.084205985069274902e+00
-2.674249410629272461e-01
-1.922777771949768066e+00
-7.171649485826492310e-02
-4.222600936889648438e+00
-2.593489885330200195e-01
-3.187860846519470215e-01
5.713864564895629883e-01
-4.440621733665466309e-01
1.512514233589172363e+00
2.971481978893280029e-01
1.919968247413635254e+00
2.665091276168823242e+00
6.367985606193542480e-01
-2.004903107881546021e-01
7.259677052497863770e-01
