8.386200666427612305e-01
-9.619693756103515625e-01
-3.019442260265350342e-01
-1.026488661766052246e+00
-1.079363584518432617e+00
-3.004613816738128662e-01
2.209040075540542603e-01
9.194273352622985840e-01
3.384663760662078857e-01
1.083727002143859863e+00
8.016325235366821289e-01
1.362835168838500977e+00
1.522340178489685059e-01
-2.524041831493377686e-01
8.758693933486938477e-01
-5.571276545524597168e-01
-1.149687409400939941e+00
-8.430504798889160156e-01
1.874704658985137939e-01
1.237834215164184570e+00
1.742158651351928711e+00
6.226713061332702637e-01
-1.142960071563720703e+00
2.389196157455444336e+00
2.983951196074485779e-02
1.143476486206054688e+00
-9.402166008949279785e-01
-3.066919088363647461e+00
1.588995814323425293e+00
2.813159823417663574e-01
1.757525920867919922e+00
3.433002233505249023e-01
-5.697551965713500977e-01
1.246920824050903320e+00
-1.133233308792114258e+00
1.805706143379211426e+00
1.791478097438812256e-01
-2.740845918655395508e+00
1.926441788673400879e-01
-1.146379858255386353e-01
-1.305618524551391602e+00
-3.190677464008331299e-01
-2.713689327239990234e+00
1.765468120574951172e+00
-6.625365614891052246e-01
-1.366780877113342285e+00
7.420933246612548828e-01
-2.100641489028930664e+00
2.092866182327270508e+00
3.058931827545166016e-01
-9.319998025894165039e-01
-1.910924762487411499e-01
1.377773284912109375e+00
-1.938907980918884277e+00
-1.172429442405700684e+00
-1.403497099876403809e+00
1.242790445685386658e-01
2.018197536468505859e+00
1.295214056968688965e+00
-1.036381199955940247e-01
4.746415019035339355e-01
