-5.790930390357971191e-01
8.509640097618103027e-01
3.581133484840393066e-01
7.481678724288940430e-01
-1.499839872121810913e-01
6.390408873558044434e-01
-6.279742121696472168e-01
-8.671396374702453613e-01
5.515793561935424805e-01
9.022671580314636230e-01
-9.772226810455322266e-01
-9.644460082054138184e-01
4.916180372238159180e-01
5.385601893067359924e-02
9.428005218505859375e-01
-5.017253160476684570e-01
7.987167239189147949e-01
-9.657448530197143555e-01
8.497067689895629883e-01
3.380555510520935059e-01
1.383597850799560547e+00
-2.121469020843505859e+00
8.562079668045043945e-01
1.787739992141723633e+00
-5.442922711372375488e-01
2.032793045043945312e+00
-1.277076125144958496e+00
2.476389259099960327e-01
-1.466392874717712402e+00
-3.948940634727478027e-01
4.454036056995391846e-01
3.371353745460510254e-01
-2.188332080841064453e+00
1.413151502609252930e+00
-2.709945440292358398e-01
-2.485224485397338867e+00
-2.885787963867187500e+00
-4.711410999298095703e-01
-2.851095497608184814e-01
-1.575618028640747070e+00
7.082501649856567383e-01
-1.445379137992858887e+00
8.368228077888488770e-01
-1.318560481071472168e+00
5.594109296798706055e-01
-2.258601903915405273e+00
7.430796623229980469e-01
8.622790873050689697e-02
-8.746793866157531738e-01
7.831601500511169434e-01
-6.069992184638977051e-01
2.402705699205398560e-01
3.376836061477661133e+00
1.282990813255310059e+00
-3.467915654182434082e-01
-4.327922821044921875e+00
-2.121655941009521484e+00
-9.642808437347412109e-01
7.106395363807678223e-01
2.416993379592895508e+00
-1.076486110687255859e+00
