1.521332383155822754e+00
-1.023451328277587891e+00
-3.326800763607025146e-01
-7.846847772598266602e-01
-2.899187505245208740e-01
-5.336890220642089844e-01
5.290715694427490234e-01
-6.764292120933532715e-01
-8.088164925575256348e-01
-1.891576945781707764e-01
-6.143025755882263184e-01
-2.926480174064636230e-01
-7.561433911323547363e-01
-3.486459553241729736e-01
6.405266523361206055e-01
-5.227310657501220703e-01
5.995920896530151367e-01
-5.965579152107238770e-01
-7.058209776878356934e-01
-8.964080810546875000e-01
-7.604771852493286133e-01
-1.495146453380584717e-01
-1.909171700477600098e+00
-1.488700389862060547e+00
-6.941719055175781250e-01
1.761842012405395508e+00
-1.653174042701721191e+00
3.516479730606079102e-01
3.791697919368743896e-01
5.031949281692504883e-01
7.349653244018554688e-01
1.301514148712158203e+00
-5.730763673782348633e-01
1.665699243545532227e+00
-1.999946594238281250e+00
7.152903079986572266e-01
-1.008363366127014160e+00
1.652684092521667480e+00
-2.028236150741577148e+00
1.510291844606399536e-01
-8.193472772836685181e-02
1.688530202955007553e-03
-2.519219636917114258e+00
9.956776499748229980e-01
-1.591454863548278809e+00
1.878075003623962402e+00
2.024492740631103516e+00
-1.653446197509765625e+00
1.061697527766227722e-01
-2.167954206466674805e+00
2.891887128353118896e-01
-1.223037362098693848e+00
2.398356944322586060e-01
-1.902047038078308105e+00
-1.482524633407592773e+00
3.720400035381317139e-01
-1.068142414093017578e+00
1.313983440399169922e+00
1.762294173240661621e+00
-1.125967204570770264e-01
-1.988969296216964722e-01
