1.182790398597717285e+00
8.997275829315185547e-01
1.435718983411788940e-01
3.301997482776641846e-01
-6.061138510704040527e-01
5.384960174560546875e-01
6.507184505462646484e-01
-4.321808815002441406e-01
-3.192611038684844971e-01
4.041371941566467285e-01
8.950350284576416016e-01
8.766604065895080566e-01
-9.452360272407531738e-01
-8.382512927055358887e-01
3.947380483150482178e-01
-8.937215805053710938e-01
9.950114488601684570e-01
9.612548351287841797e-01
8.776175975799560547e-01
-7.098778337240219116e-02
-2.087996244430541992e+00
2.735912322998046875e+00
3.232394456863403320e-01
4.278152883052825928e-01
-4.890934824943542480e-01
-1.591314315795898438e+00
-3.475356101989746094e-01
1.386894106864929199e+00
-8.187218904495239258e-01
1.720689535140991211e+00
3.286346197128295898e+00
-5.428650379180908203e-01
-2.423546552658081055e+00
-3.733928799629211426e-01
1.600979417562484741e-01
-1.324627518653869629e+00
-2.851148843765258789e+00
3.951492905616760254e-01
2.825663328170776367e+00
-8.554134964942932129e-01
-1.207766294479370117e+00
-2.555260419845581055e+00
4.864327609539031982e-01
4.612472951412200928e-01
5.570134893059730530e-02
-1.214115738868713379e+00
-2.874046564102172852e-01
-4.733138561248779297e+00
-2.686773538589477539e+00
2.833541154861450195e+00
-2.313401937484741211e+00
-4.919379651546478271e-01
1.462144851684570312e+00
-1.512427628040313721e-01
2.089383304119110107e-01
8.694961071014404297e-01
-1.682467579841613770e+00
5.849352478981018066e-01
2.643013477325439453e+00
1.391399383544921875e+00
5.095880031585693359e-01
