-1.085415363311767578e+00
-2.544312179088592529e-01
1.262091636657714844e+00
1.651701331138610840e-01
-4.347145557403564453e-01
1.106509566307067871e+00
-9.587424993515014648e-01
8.600449562072753906e-01
2.808659076690673828e-01
9.506666660308837891e-01
1.035789251327514648e+00
3.073329925537109375e-01
1.046754240989685059e+00
9.562417268753051758e-01
-9.842682480812072754e-01
-5.857797265052795410e-01
5.096312761306762695e-01
3.262648284435272217e-01
1.010613679885864258e+00
9.560802578926086426e-01
-6.881030201911926270e-01
8.493328690528869629e-01
-3.074797391891479492e-01
1.439741104841232300e-01
1.346292257308959961e+00
6.555563211441040039e-01
-2.136443853378295898e+00
-1.073263168334960938e+00
1.311977028846740723e+00
-2.001825571060180664e+00
-1.984338998794555664e+00
-1.830454587936401367e+00
1.340201199054718018e-01
3.124430418014526367e+00
2.985358953475952148e+00
6.455331444740295410e-01
2.771827697753906250e+00
-1.107034683227539062e+00
6.326314210891723633e-01
1.029933393001556396e-01
4.385288357734680176e-01
-7.308967709541320801e-01
1.089395135641098022e-01
3.004703044891357422e+00
-9.891400337219238281e-01
7.287368774414062500e-01
1.753064155578613281e+00
-4.785789251327514648e-01
1.321848392486572266e+00
-1.199273109436035156e+00
-7.560027837753295898e-01
3.219565391540527344e+00
4.010596573352813721e-01
-1.596553802490234375e+00
1.758276104927062988e+00
5.568277463316917419e-02
2.182986021041870117e+00
8.727061152458190918e-01
-1.477255821228027344e-01
2.531726360321044922e-01
7.390150427818298340e-01
