-1.024530291557312012e+00
9.604826569557189941e-01
-1.241523474454879761e-01
3.310146033763885498e-01
-1.113889813423156738e+00
-1.475850045680999756e-01
-1.064150094985961914e+00
-8.576687425374984741e-02
-3.879953324794769287e-01
1.117084503173828125e+00
-5.564849376678466797e-01
-5.485861897468566895e-01
-3.195006847381591797e-01
1.973718255758285522e-01
-3.189344406127929688e-01
-1.060727953910827637e+00
-1.003083348274230957e+00
1.083788275718688965e+00
-5.394230782985687256e-02
-9.381744265556335449e-01
3.632813692092895508e+00
-2.448641538619995117e+00
-1.820221990346908569e-01
-1.158245921134948730e+00
1.831609487533569336e+00
-7.764058709144592285e-01
-7.629594802856445312e-01
7.178099751472473145e-01
1.981610298156738281e+00
1.058859229087829590e-01
4.957054182887077332e-02
-2.862155199050903320e+00
-2.362596839666366577e-01
-4.304642975330352783e-01
8.409860134124755859e-01
-1.068131089210510254e+00
-3.360811948776245117e+00
2.318166941404342651e-01
2.777396934106945992e-03
-2.125584363937377930e+00
1.335015892982482910e+00
-2.410564899444580078e+00
-5.884959697723388672e-01
2.544597864151000977e+00
8.635030984878540039e-01
-9.936345815658569336e-01
-8.483798056840896606e-02
3.931043744087219238e-01
-2.248435020446777344e+00
3.644406199455261230e-01
-5.903069376945495605e-01
-2.559816360473632812e+00
-2.459866404533386230e-01
-6.089032813906669617e-02
-1.071590900421142578e+00
7.667125761508941650e-02
1.243924975395202637e+00
2.510907948017120361e-01
-1.267500996589660645e+00
1.816671371459960938e+00
-1.517302542924880981e-01
