-2.085786014795303345e-01
1.115887388586997986e-01
-8.716019392013549805e-01
1.163362860679626465e+00
8.353940844535827637e-01
-9.081636667251586914e-01
1.024829626083374023e+00
1.026968121528625488e+00
-3.090327680110931396e-01
-2.141882628202438354e-01
8.089641928672790527e-01
3.243405818939208984e-01
-7.263482213020324707e-01
-6.689943075180053711e-01
6.874033808708190918e-01
-8.539618849754333496e-01
-2.233024686574935913e-01
8.928647637367248535e-01
-6.173332929611206055e-01
-8.035390377044677734e-01
1.995733380317687988e-01
-3.455382287502288818e-01
-1.322933793067932129e+00
-3.244330585002899170e-01
1.117294549942016602e+00
-8.465427756309509277e-01
5.556129813194274902e-01
2.142229080200195312e-01
1.205257654190063477e+00
1.235349297523498535e+00
-1.905991315841674805e+00
1.913037180900573730e+00
3.765280842781066895e-01
-2.971152588725090027e-02
5.506893992424011230e-01
-8.371405005455017090e-01
6.045406460762023926e-01
2.341272592544555664e+00
1.260531544685363770e+00
2.823267698287963867e+00
-6.347786784172058105e-01
1.065254449844360352e+00
8.696039319038391113e-01
-9.479460865259170532e-02
-6.007019281387329102e-01
3.963661789894104004e-01
-1.210092529654502869e-01
9.484149515628814697e-03
-1.411284565925598145e+00
-1.032404661178588867e+00
-1.228127360343933105e+00
3.266342163085937500e+00
-5.780979394912719727e-01
-3.621889054775238037e-01
-5.113052204251289368e-02
-6.757294535636901855e-01
-2.833055496215820312e+00
-1.331349372863769531e+00
8.003391027450561523e-01
1.940337061882019043e+00
-5.987274646759033203e-01
