1.268010139465332031e-01
8.177635073661804199e-01
1.028974533081054688e+00
1.222295388579368591e-01
-8.673715591430664062e-01
9.811735153198242188e-01
-2.366576492786407471e-01
1.344099998474121094e+00
2.116561979055404663e-01
9.606842994689941406e-01
8.174552321434020996e-01
-1.434311866760253906e+00
9.699816107749938965e-01
4.011715054512023926e-01
8.079522848129272461e-01
3.571117520332336426e-01
8.085390329360961914e-01
-9.536238312721252441e-01
-1.204668760299682617e+00
1.050468564033508301e+00
2.071844339370727539e-01
2.400361776351928711e+00
9.255475997924804688e-01
2.466473579406738281e-01
1.350340247154235840e+00
1.972283005714416504e+00
8.054179549217224121e-01
2.767521739006042480e-01
-5.328941345214843750e-01
-1.482608765363693237e-01
-2.728979587554931641e+00
-6.867198348045349121e-01
-2.266694307327270508e+00
1.721136212348937988e+00
2.701441526412963867e+00
-1.576381921768188477e+00
-3.515413105487823486e-01
-8.788260817527770996e-01
1.038681387901306152e+00
8.242428898811340332e-01
1.611929416656494141e+00
-1.039196968078613281e+00
4.454910457134246826e-01
2.951452016830444336e+00
9.756612777709960938e-01
-1.080845355987548828e+00
-2.587008237838745117e+00
2.002335488796234131e-01
1.066415667533874512e+00
-5.961046218872070312e-01
-1.939809322357177734e+00
9.026813507080078125e-02
-1.147747278213500977e+00
2.056864261627197266e+00
-1.197491645812988281e+00
1.068067789077758789e+00
1.169371128082275391e+00
9.448442459106445312e-01
2.339309453964233398e-01
1.906127482652664185e-01
-8.632214367389678955e-02
