1.766021400690078735e-01
-9.311446547508239746e-01
-8.372822999954223633e-01
-7.744945287704467773e-01
-3.666675388813018799e-01
5.734640955924987793e-01
7.945041060447692871e-01
-6.780292987823486328e-01
-6.425984501838684082e-01
-7.713819742202758789e-01
4.055031538009643555e-01
1.058984160423278809e+00
-1.022328063845634460e-01
-6.681798696517944336e-01
-7.845112085342407227e-01
7.274616360664367676e-01
1.197637021541595459e-01
-6.828378438949584961e-01
1.048225402832031250e+00
8.966241478919982910e-01
-2.383924126625061035e-01
-1.794815182685852051e+00
-1.168869376182556152e+00
-1.873488426208496094e+00
-1.649958968162536621e+00
-1.470510959625244141e+00
-2.381282329559326172e+00
9.977580904960632324e-01
-1.974799931049346924e-01
8.188289403915405273e-01
-2.231110811233520508e+00
-1.096426367759704590e+00
-4.431852996349334717e-01
-5.543273687362670898e-01
-2.495608329772949219e+00
-7.414890527725219727e-01
3.871623575687408447e-01
-7.156000733375549316e-01
-8.094338327646255493e-02
9.615982174873352051e-01
1.683856368064880371e+00
1.326749801635742188e+00
-4.868019521236419678e-01
7.927763462066650391e-01
-3.468898296356201172e+00
-1.119922161102294922e+00
-1.550011157989501953e+00
8.556430935859680176e-01
3.399553596973419189e-01
7.146588563919067383e-01
3.345068454742431641e+00
1.204649448394775391e+00
-1.940048813819885254e+00
-1.313752055168151855e+00
2.154920101165771484e+00
-7.035353183746337891e-01
1.501442551612854004e+00
1.048668771982192993e-01
9.287463426589965820e-01
-6.824644804000854492e-01
-3.375284075736999512e-01
