1.066207885742187500e+00
-1.043391704559326172e+00
1.099908590316772461e+00
-9.210078120231628418e-01
-2.184986025094985962e-01
-1.133098959922790527e+00
-6.535720229148864746e-01
-1.045996069908142090e+00
-1.572849303483963013e-01
-1.004068493843078613e+00
8.060651421546936035e-01
-5.872957780957221985e-02
1.070242643356323242e+00
1.232898533344268799e-01
7.318164110183715820e-01
8.852611780166625977e-01
-8.536201119422912598e-01
6.504327654838562012e-01
-8.295981884002685547e-01
-5.482436418533325195e-01
4.958877861499786377e-01
2.638824939727783203e+00
1.198706984519958496e+00
-1.532770544290542603e-01
-1.002302169799804688e+00
-7.650136351585388184e-01
-2.996049642562866211e+00
-1.220626473426818848e+00
5.841090083122253418e-01
-2.435751557350158691e-01
-2.459380179643630981e-01
-1.060459971427917480e+00
-1.754308342933654785e+00
1.770650148391723633e-01
2.042088508605957031e+00
2.064561367034912109e+00
2.922294139862060547e+00
-5.524657294154167175e-02
-3.009959459304809570e+00
2.239862918853759766e+00
1.249145627021789551e+00
1.662662863731384277e+00
1.224585533142089844e+00
-2.067077457904815674e-01
-1.435590982437133789e+00
7.451059818267822266e-01
-3.095143318176269531e+00
9.720965623855590820e-01
-2.546104669570922852e+00
-5.618661642074584961e-02
4.393739402294158936e-01
1.199770808219909668e+00
-1.271530747413635254e+00
4.857079088687896729e-01
-1.307175040245056152e+00
-1.333952069282531738e+00
2.087219238281250000e+00
3.667783439159393311e-01
1.662879467010498047e+00
-4.126631736755371094e+00
1.427630543708801270e+00
