8.847963213920593262e-01
-2.758157439529895782e-03
-4.139673113822937012e-01
-9.450918436050415039e-01
-1.369797348976135254e+00
3.185404837131500244e-01
-7.534218430519104004e-01
6.491750478744506836e-01
-9.206151962280273438e-01
-6.997137069702148438e-01
1.014419913291931152e+00
1.270196139812469482e-01
-6.190903484821319580e-02
-4.524136483669281006e-01
-7.589555978775024414e-01
-1.047375202178955078e+00
8.041101694107055664e-01
-7.188036441802978516e-01
-5.212442278861999512e-01
6.551111936569213867e-01
2.032824277877807617e+00
-1.157901883125305176e+00
1.784813761711120605e+00
6.416886448860168457e-01
6.055104136466979980e-01
-1.766810119152069092e-01
1.774325728416442871e+00
-1.990130543708801270e+00
-1.139458417892456055e+00
1.120899915695190430e+00
-7.170184254646301270e-01
-2.340111508965492249e-02
-8.105191588401794434e-02
2.037541389465332031e+00
-2.547833442687988281e+00
-2.056823074817657471e-01
-2.892290353775024414e+00
6.013723015785217285e-01
-2.353707313537597656e+00
-1.166851520538330078e+00
-1.658427000045776367e+00
-1.144233465194702148e+00
-2.192078351974487305e+00
-1.405951380729675293e-01
5.902620777487754822e-02
8.045752048492431641e-01
1.507600784301757812e+00
-1.236538767814636230e+00
4.293493330478668213e-01
4.092362821102142334e-01
-4.319928213953971863e-02
-5.973281264305114746e-01
-1.057960629463195801e+00
-2.626504659652709961e+00
1.607068538665771484e+00
-6.228447556495666504e-01
-1.916334748268127441e+00
-1.825696587562561035e+00
-3.753164052963256836e+00
-4.529547393321990967e-01
-1.147020936012268066e+00
