-8.770049810409545898e-01
8.804234266281127930e-01
6.187618970870971680e-01
3.469938039779663086e-01
9.682506918907165527e-01
3.622366860508918762e-02
8.927485942840576172e-01
4.578948318958282471e-01
-8.230401873588562012e-01
9.580891132354736328e-01
8.414920568466186523e-01
-7.158019542694091797e-01
-8.348671197891235352e-01
9.203355908393859863e-01
-5.885023474693298340e-01
3.534469306468963623e-01
9.297918677330017090e-01
1.776723027229309082e+00
-7.288259267807006836e-01
-1.566213011741638184e+00
-4.740863740444183350e-01
-2.624288558959960938e+00
-2.651230335235595703e+00
1.300452232360839844e+00
-5.517849922180175781e-01
4.954445958137512207e-01
4.047076776623725891e-02
1.091762065887451172e+00
-3.413428068161010742e+00
2.566213846206665039e+00
-1.327852725982666016e+00
-3.195707559585571289e+00
-3.125765562057495117e+00
4.962809979915618896e-01
2.447101354598999023e+00
1.254547238349914551e+00
-1.848565697669982910e+00
-1.862863004207611084e-01
-1.749882817268371582e+00
4.871212840080261230e-01
-7.142579555511474609e-01
-1.491641879081726074e+00
-1.445485591888427734e+00
1.601803183555603027e+00
-5.949075147509574890e-02
-1.162485718727111816e+00
4.125158786773681641e-01
-3.284108340740203857e-01
1.942062735557556152e+00
-1.601616859436035156e+00
-8.267431855201721191e-01
-3.607028484344482422e+00
2.016288042068481445e+00
7.692494988441467285e-01
-5.121335983276367188e+00
1.746523737907409668e+00
-1.200399279594421387e+00
-5.421142652630805969e-02
5.880686044692993164e-01
-1.353601366281509399e-01
7.528333067893981934e-01
