-2.461223155260086060e-01
3.536571264266967773e-01
8.313878774642944336e-01
1.132510185241699219e+00
2.626789510250091553e-01
1.164404630661010742e+00
-1.475039571523666382e-01
-5.500164628028869629e-01
-7.941718101501464844e-01
1.912838816642761230e-01
2.654320001602172852e-01
-1.028782010078430176e+00
-6.294673681259155273e-01
6.120186448097229004e-01
9.367239475250244141e-01
9.250978231430053711e-01
-8.798362612724304199e-01
-3.000611662864685059e-01
6.221136450767517090e-01
-8.318153619766235352e-01
-7.734451889991760254e-01
-1.820927023887634277e+00
-2.402504920959472656e+00
8.158100396394729614e-02
1.048833847045898438e+00
5.184841156005859375e-02
-1.100793406367301941e-01
2.109815478324890137e-01
-2.701626777648925781e+00
4.772806167602539062e-01
1.051326394081115723e+00
1.254810214042663574e+00
2.048457115888595581e-01
1.038703799247741699e+00
-1.022065043449401855e+00
1.647765398025512695e+00
1.784688234329223633e+00
-1.198173761367797852e+00
3.375278413295745850e-01
-2.163644552230834961e+00
-7.772867679595947266e-01
3.282094955444335938e+00
-1.598154067993164062e+00
-5.257895588874816895e-02
1.615556359291076660e+00
3.221387267112731934e-01
-1.733342170715332031e+00
2.924024164676666260e-01
1.925512671470642090e+00
2.099619626998901367e+00
1.035512804985046387e+00
1.018803358078002930e+00
2.700924873352050781e-01
9.428888559341430664e-01
9.839735627174377441e-01
-1.355578303337097168e+00
1.201294183731079102e+00
-1.070442438125610352e+00
1.191900521516799927e-01
1.788637518882751465e+00
-6.376434862613677979e-02
