6.765469908714294434e-01
-4.898827672004699707e-01
-4.021468460559844971e-01
-7.438056468963623047e-01
7.142916321754455566e-01
7.969187498092651367e-01
-7.370876520872116089e-02
7.305299639701843262e-01
-1.185957551002502441e+00
-7.021744251251220703e-01
8.087350130081176758e-01
7.437173724174499512e-01
6.643688678741455078e-01
-3.923715353012084961e-01
6.609665155410766602e-01
3.880130052566528320e-01
-3.604860305786132812e-01
-9.007446765899658203e-01
4.954978227615356445e-01
-7.156043648719787598e-01
1.918170332908630371e+00
-1.979676842689514160e+00
1.798700809478759766e+00
-1.062076807022094727e+00
1.714581966400146484e+00
-1.590643525123596191e+00
-3.206658065319061279e-01
-5.856332182884216309e-01
7.407260537147521973e-01
8.809816241264343262e-01
-2.719710588455200195e+00
-1.040258407592773438e-01
-1.832659393548965454e-01
-2.541823387145996094e+00
-1.427904963493347168e-01
-1.794361829757690430e+00
-2.155339717864990234e+00
5.746726393699645996e-01
9.700911641120910645e-01
1.424362182617187500e+00
-1.207892894744873047e+00
-1.207365393638610840e+00
-1.627025127410888672e+00
2.572773098945617676e-01
-9.456987380981445312e-01
-9.940727353096008301e-01
-7.671111226081848145e-01
1.516632437705993652e-01
4.128408133983612061e-01
-9.572707414627075195e-01
-1.646841168403625488e+00
6.994331479072570801e-01
6.296737790107727051e-01
1.516199231147766113e+00
2.343976050615310669e-01
1.631875157356262207e+00
-3.870569944381713867e+00
-2.021891176700592041e-01
-5.171514749526977539e-01
1.116499662399291992e+00
-8.495390415191650391e-01
