-5.688399076461791992e-01
-4.849969148635864258e-01
-8.678373694419860840e-01
9.734726548194885254e-01
-9.710415005683898926e-01
-3.155407607555389404e-01
-1.006225585937500000e+00
3.631673753261566162e-01
1.460987687110900879e+00
9.464984536170959473e-01
1.041849613189697266e+00
-2.114218324422836304e-01
-2.666458785533905029e-01
-2.876535952091217041e-01
-3.656823337078094482e-01
-8.574804067611694336e-01
9.033442139625549316e-01
-8.836386799812316895e-01
9.503462910652160645e-01
-6.179027557373046875e-01
-1.118920207023620605e+00
2.037955760955810547e+00
2.790467262268066406e+00
1.616251945495605469e+00
-1.093330606818199158e-02
-1.378631591796875000e+00
-2.554773807525634766e+00
1.669141530990600586e+00
1.098567396402359009e-01
-1.032921195030212402e+00
7.509332895278930664e-01
-5.230892896652221680e-01
-1.052133440971374512e+00
1.162424564361572266e+00
1.658117651939392090e+00
1.337663680315017700e-01
3.467719852924346924e-01
-3.066073417663574219e+00
-2.053858995437622070e+00
-5.996735095977783203e-01
-8.005996346473693848e-01
-2.192067384719848633e+00
1.946110248565673828e+00
-1.137730836868286133e+00
-6.769694685935974121e-01
-2.114003181457519531e+00
1.823695778846740723e+00
1.111550807952880859e+00
-1.200075820088386536e-01
-5.753440856933593750e-01
4.354552924633026123e-01
-2.343582153320312500e+00
-1.768907666206359863e+00
-1.103407740592956543e+00
-1.210080265998840332e+00
-7.508480548858642578e-01
-4.182583391666412354e-01
2.047721862792968750e+00
-1.773712992668151855e+00
5.746751427650451660e-01
-6.325569748878479004e-01
