-3.673670887947082520e-01
1.114867687225341797e+00
-1.202807724475860596e-01
-9.680685997009277344e-01
2.828558981418609619e-01
1.163987398147583008e+00
1.413719542324542999e-02
-3.556429445743560791e-01
6.439542174339294434e-01
-1.096158146858215332e+00
8.923416137695312500e-01
-4.707035124301910400e-01
-8.991417884826660156e-01
-2.690219879150390625e-01
9.931594133377075195e-01
9.708094000816345215e-01
-1.002135157585144043e+00
-4.163906276226043701e-01
-6.028550863265991211e-01
-9.530913233757019043e-01
-1.061049222946166992e+00
-1.731697201728820801e+00
7.209051847457885742e-01
-9.050139784812927246e-01
1.475208401679992676e+00
3.754115104675292969e-01
6.011398434638977051e-01
1.467535138130187988e+00
4.207852482795715332e-01
2.610999107360839844e+00
9.021182358264923096e-02
-2.173807382583618164e+00
-3.094446182250976562e+00
-1.391269326210021973e+00
2.514761686325073242e+00
-3.230127811431884766e+00
-1.258791089057922363e-01
1.630635023117065430e+00
4.247375726699829102e-01
-1.695450425148010254e+00
-2.066780805587768555e+00
-8.961999416351318359e-01
-8.675019741058349609e-01
2.305878251791000366e-01
1.203873276710510254e+00
-4.319804534316062927e-02
-8.315241932868957520e-01
-2.736829042434692383e+00
9.292465448379516602e-01
1.730825066566467285e+00
4.635220766067504883e-01
-1.844168901443481445e+00
2.048182010650634766e+00
-1.466830015182495117e+00
-1.698978781700134277e+00
-1.908844590187072754e+00
-3.790408670902252197e-01
-2.607986450195312500e+00
1.302075237035751343e-01
1.209150552749633789e+00
3.152140378952026367e-01
