-6.831963658332824707e-01
-4.475349783897399902e-01
9.752662777900695801e-01
4.910362064838409424e-01
-1.969048082828521729e-01
9.568995237350463867e-01
4.936258494853973389e-01
1.042729258537292480e+00
1.007686257362365723e+00
4.696897268295288086e-01
6.771823167800903320e-01
-5.571520701050758362e-02
-6.970633864402770996e-01
5.864971280097961426e-01
-9.095573425292968750e-01
-8.408702611923217773e-01
8.207730650901794434e-01
-7.945048809051513672e-01
-1.113941907882690430e+00
-1.018034696578979492e+00
2.840225696563720703e-01
-7.884799838066101074e-01
-4.121954143047332764e-01
-2.188301086425781250e+00
-5.275339484214782715e-01
5.242609381675720215e-01
2.827653586864471436e-01
-6.937328726053237915e-03
-8.338763117790222168e-01
2.375322818756103516e+00
-2.832357883453369141e+00
6.800135970115661621e-01
1.601024389266967773e+00
-2.280869960784912109e+00
1.912351012229919434e+00
-2.842482328414916992e+00
-2.639563798904418945e+00
-1.883857369422912598e+00
-6.624705791473388672e-01
6.567622069269418716e-03
-5.505658984184265137e-01
1.538116782903671265e-01
7.901938557624816895e-01
3.741927862167358398e+00
-9.012495875358581543e-01
-2.371987253427505493e-01
4.476796984672546387e-01
-3.696086406707763672e-01
-4.262661039829254150e-01
2.999522686004638672e+00
-1.680924654006958008e+00
-2.737469196319580078e+00
1.290756225585937500e+00
1.784626603126525879e+00
8.413684368133544922e-01
1.264241933822631836e+00
-1.777584433555603027e+00
1.819101452827453613e+00
-5.918996334075927734e-01
-4.361550807952880859e-01
1.252610206604003906e+00
