-8.628723621368408203e-01
3.162922561168670654e-01
-8.300715684890747070e-01
3.814058601856231689e-01
9.096565842628479004e-01
-9.249072074890136719e-01
8.460664153099060059e-01
1.520445048809051514e-01
7.391065955162048340e-01
3.431379199028015137e-01
1.735193282365798950e-01
-8.664070963859558105e-01
1.030722975730895996e+00
-7.674762606620788574e-01
1.544070094823837280e-01
3.843674957752227783e-01
2.736018300056457520e-01
-9.186853170394897461e-01
-8.191893100738525391e-01
-3.421347141265869141e-01
1.805825471878051758e+00
-1.220775127410888672e+00
2.112420558929443359e+00
-1.713116049766540527e+00
1.792611122131347656e+00
-2.936131000518798828e+00
-7.900319695472717285e-01
5.597943663597106934e-01
-5.399543326348066330e-03
3.607161641120910645e-01
7.315613627433776855e-01
3.011316299438476562e+00
9.369330406188964844e-01
1.498021632432937622e-01
-4.831767380237579346e-01
1.774710059165954590e+00
-4.878961443901062012e-01
-1.913024902343750000e+00
8.146856427192687988e-01
1.638209104537963867e+00
1.094134569168090820e+00
8.310883045196533203e-01
1.327244639396667480e+00
1.460807442665100098e+00
-8.534156680107116699e-01
1.682035565376281738e+00
1.225843001157045364e-02
1.862994194030761719e+00
3.588472604751586914e-01
4.193665087223052979e-01
1.957156181335449219e+00
1.703120231628417969e+00
-3.398683667182922363e-01
-6.344848275184631348e-01
1.750655055046081543e+00
1.993530869483947754e+00
6.318325400352478027e-01
1.099869012832641602e+00
3.733452260494232178e-01
-1.150212407112121582e+00
-5.506887435913085938e-01
