1.244732737541198730e+00
3.090638518333435059e-01
2.612178623676300049e-01
-7.406409978866577148e-01
8.825637102127075195e-01
8.625143766403198242e-01
-5.216478109359741211e-01
1.296033114194869995e-01
-3.985936045646667480e-01
-9.650227427482604980e-01
-2.572022378444671631e-01
1.413991451263427734e+00
3.617680668830871582e-01
6.426200270652770996e-01
8.778291344642639160e-01
9.646684527397155762e-01
9.989917874336242676e-01
-1.462001919746398926e+00
1.116246819496154785e+00
-1.006561636924743652e+00
-6.935639381408691406e-01
-3.663786351680755615e-01
1.033179283142089844e+00
2.855202257633209229e-01
2.837971448898315430e+00
-3.110810279846191406e+00
2.243473768234252930e+00
7.516613602638244629e-01
1.714019894599914551e+00
-2.425112485885620117e+00
9.014092087745666504e-01
1.512690424919128418e+00
1.314251780509948730e+00
1.972792506217956543e+00
-8.460818529129028320e-01
-1.503937363624572754e+00
-6.456507444381713867e-01
7.174944281578063965e-01
2.082229137420654297e+00
2.548211097717285156e+00
-1.917959563434123993e-02
3.138872385025024414e-01
2.814525127410888672e+00
-4.658737778663635254e-01
-2.268504858016967773e+00
-2.722160100936889648e+00
-1.745854735374450684e+00
6.008564233779907227e-01
-1.444167017936706543e+00
1.414880275726318359e+00
-2.017262458801269531e+00
-4.079866409301757812e-01
2.843765497207641602e+00
1.137129068374633789e+00
1.300492435693740845e-01
-6.154068708419799805e-01
3.714110851287841797e-01
-2.968115545809268951e-02
-1.347730159759521484e+00
1.568429708480834961e+00
-1.003589034080505371e+00
