-4.804213643074035645e-01
-8.045197278261184692e-02
-6.761249899864196777e-01
3.403921127319335938e-01
-6.251085400581359863e-01
6.563513278961181641e-01
-4.956249594688415527e-01
-1.602782011032104492e-01
-8.441563844680786133e-01
6.071062684059143066e-01
6.766964197158813477e-01
5.958997607231140137e-01
8.151779770851135254e-01
-7.983476519584655762e-01
-3.836992979049682617e-01
2.136541306972503662e-01
-6.185811758041381836e-01
7.332081794738769531e-01
-5.401344895362854004e-01
1.131255030632019043e-01
1.063430070877075195e+00
-1.075767874717712402e+00
1.835910320281982422e+00
-1.500460386276245117e+00
-6.714062690734863281e-01
-3.565600514411926270e-02
-2.018622875213623047e+00
8.593658208847045898e-01
-1.477665781974792480e+00
-3.780395388603210449e-01
-2.573646605014801025e-01
5.656978487968444824e-01
2.283286333084106445e+00
-1.058914661407470703e+00
1.838913440704345703e+00
-1.702527105808258057e-01
6.498073935508728027e-01
-2.741728067398071289e+00
1.259834885597229004e+00
5.094243884086608887e-01
1.366572618484497070e+00
-1.505959987640380859e+00
1.743626952171325684e+00
1.848132371902465820e+00
2.044207900762557983e-01
-2.805403769016265869e-01
-2.502922296524047852e+00
-1.403899073600769043e+00
1.132908463478088379e+00
3.232739925384521484e+00
-4.769935011863708496e-01
-9.980045258998870850e-02
-1.755845189094543457e+00
6.750476360321044922e-01
-2.109681129455566406e+00
1.138529896736145020e+00
1.503343433141708374e-01
-2.173137426376342773e+00
3.845970928668975830e-01
1.791502952575683594e+00
-1.100732564926147461e+00
