1.080423831939697266e+00
-1.054576873779296875e+00
3.223084509372711182e-01
2.026127427816390991e-01
3.289318382740020752e-01
-9.458374977111816406e-01
1.257745742797851562e+00
-8.194013237953186035e-01
9.970792531967163086e-01
1.074414253234863281e+00
-1.155700325965881348e+00
-9.112445712089538574e-01
-9.698410630226135254e-01
3.416834473609924316e-01
-1.001943707466125488e+00
1.987201124429702759e-01
-1.849044710397720337e-01
-5.697402954101562500e-01
-9.726617932319641113e-01
9.477506875991821289e-01
2.629389166831970215e-01
5.528681874275207520e-01
-1.383061051368713379e+00
6.723441481590270996e-01
-1.517944574356079102e+00
3.212571382522583008e+00
5.358117818832397461e-01
-1.188415586948394775e-01
2.206797599792480469e+00
-1.559709429740905762e+00
-1.560535788536071777e+00
-2.908777952194213867e+00
2.302992582321166992e+00
1.570171833038330078e+00
-1.245952010154724121e+00
5.038164258003234863e-01
2.388971894979476929e-01
-8.195738792419433594e-01
-1.076520204544067383e+00
1.129338145256042480e+00
9.226441383361816406e-02
2.139647491276264191e-02
1.614553809165954590e+00
3.427828311920166016e+00
1.591374278068542480e+00
1.650147557258605957e+00
-1.894161701202392578e-01
-3.636558949947357178e-01
-1.824840188026428223e+00
-6.338970661163330078e-01
1.072385549545288086e+00
1.758470892906188965e+00
1.892743825912475586e+00
1.463200092315673828e+00
-1.564325928688049316e+00
1.485448122024536133e+00
-3.061260223388671875e+00
-9.219080954790115356e-02
5.511838197708129883e-01
-7.389606237411499023e-01
-4.750776886940002441e-01
