8.479344844818115234e-01
1.036883592605590820e+00
7.452899217605590820e-01
-1.006870865821838379e+00
-2.864623069763183594e-01
1.096654057502746582e+00
3.337913751602172852e-01
1.219451650977134705e-01
-8.466635346412658691e-01
9.499219655990600586e-01
-5.276062339544296265e-02
-8.594938516616821289e-01
6.965670585632324219e-01
9.641751050949096680e-01
-3.231464624404907227e-01
-8.465400338172912598e-01
7.092614769935607910e-01
-1.131619140505790710e-01
3.351600170135498047e-01
7.277248501777648926e-01
6.787998080253601074e-01
5.752027630805969238e-01
1.334831953048706055e+00
5.409335494041442871e-01
1.029795885086059570e+00
2.807503044605255127e-01
1.560168623924255371e+00
-6.452536582946777344e-02
-5.221254229545593262e-01
3.710773587226867676e-01
1.391270279884338379e+00
-6.226106286048889160e-01
-1.526460647583007812e+00
3.486390709877014160e-01
1.578270435333251953e+00
-2.542207241058349609e+00
1.235741853713989258e+00
-8.726191706955432892e-03
-1.748988032341003418e-01
-2.263050079345703125e+00
5.828548073768615723e-01
-6.572370529174804688e-01
-1.151728510856628418e+00
-3.977663516998291016e-01
-1.446699500083923340e+00
4.770232364535331726e-02
3.243095159530639648e+00
7.900298833847045898e-01
-4.196675121784210205e-01
3.280007839202880859e-01
1.993256688117980957e+00
-1.074359044432640076e-01
-1.713633894920349121e+00
2.518350780010223389e-01
-2.876348972320556641e+00
1.364599347114562988e+00
-6.796236038208007812e-01
-9.876096844673156738e-01
-2.494425624608993530e-01
-1.544774413108825684e+00
-1.450189113616943359e+00
