-1.020044088363647461e+00
-8.827136158943176270e-01
-5.024557709693908691e-01
-8.893209099769592285e-01
-7.979307770729064941e-01
-8.202008605003356934e-01
5.324328541755676270e-01
3.336468935012817383e-01
3.069685697555541992e-01
-7.531616687774658203e-01
1.148281812667846680e+00
2.301791682839393616e-02
-9.320756793022155762e-01
9.081504940986633301e-01
-8.930771946907043457e-01
8.178001046180725098e-01
6.185945868492126465e-01
8.539890050888061523e-01
-5.001814365386962891e-01
-9.711928963661193848e-01
-7.246760278940200806e-02
2.216859348118305206e-02
-7.665825486183166504e-01
2.082577943801879883e+00
2.644226551055908203e-01
3.129805028438568115e-01
-2.534942865371704102e+00
1.696338891983032227e+00
2.203829765319824219e+00
2.776060104370117188e+00
-4.676623046398162842e-01
1.218821883201599121e+00
4.790677428245544434e-01
2.741401672363281250e+00
1.367798149585723877e-01
-2.486683368682861328e+00
-1.932963371276855469e+00
-5.384998321533203125e-01
-9.226382374763488770e-01
-1.926904559135437012e+00
-3.239257037639617920e-01
-3.686064183712005615e-01
7.269631624221801758e-01
1.321082592010498047e+00
-4.482766985893249512e-01
-3.415294289588928223e-01
2.896742343902587891e+00
1.987280964851379395e+00
3.574245214462280273e+00
2.137712001800537109e+00
1.118402630090713501e-01
-2.484624385833740234e+00
-7.043190300464630127e-02
-1.416859626770019531e+00
3.531666994094848633e-01
-1.296448349952697754e+00
2.113023042678833008e+00
-1.494305022060871124e-02
-1.107496976852416992e+00
1.186210632324218750e+00
-7.982241511344909668e-01
