-1.488344073295593262e-01
6.119890809059143066e-01
-8.007087707519531250e-01
-3.710324168205261230e-01
-1.213276982307434082e+00
9.832959771156311035e-01
-7.732797265052795410e-01
8.574240207672119141e-01
8.668712973594665527e-01
-4.315512180328369141e-01
7.226086854934692383e-01
3.659634590148925781e-01
1.121750831604003906e+00
5.622787475585937500e-01
-2.559026479721069336e-01
-2.391310781240463257e-01
-1.411060690879821777e+00
6.422871351242065430e-01
9.819164872169494629e-01
-1.197122454643249512e+00
-2.744593843817710876e-02
4.868026375770568848e-01
5.707082748413085938e-01
-1.793338298797607422e+00
-2.410243988037109375e+00
2.835378646850585938e+00
1.713057756423950195e+00
-2.241337060928344727e+00
-3.174220085144042969e+00
1.899661421775817871e+00
1.645504832267761230e+00
-1.649138927459716797e+00
8.646699190139770508e-01
-2.097192406654357910e-01
8.545387983322143555e-01
4.156904816627502441e-01
-4.667394757270812988e-01
-1.582001686096191406e+00
5.008600354194641113e-01
-1.445140480995178223e+00
-1.562783718109130859e+00
4.790911674499511719e-01
-4.179116785526275635e-01
-3.345178127288818359e+00
1.371545433998107910e+00
-1.941847681999206543e+00
7.942959070205688477e-01
-1.232600569725036621e+00
-2.030486106872558594e+00
-1.519201159477233887e+00
9.104987978935241699e-01
1.426576256752014160e+00
-4.496576786041259766e-01
6.366836428642272949e-01
-1.628308892250061035e+00
-6.258674263954162598e-01
1.545886546373367310e-01
-6.114854216575622559e-01
4.069119691848754883e-01
7.991828918457031250e-01
-6.172646284103393555e-01
