-6.136000156402587891e-01
-8.849350810050964355e-01
-1.381903439760208130e-01
-6.916375756263732910e-01
1.280943036079406738e+00
1.155187726020812988e+00
-8.516499400138854980e-01
9.048156142234802246e-01
3.769128620624542236e-01
-3.209921717643737793e-01
-9.984527230262756348e-01
-3.098185360431671143e-01
9.505546689033508301e-01
4.310644268989562988e-01
1.065359830856323242e+00
4.712824523448944092e-01
4.158189892768859863e-01
-4.308885633945465088e-01
5.819582939147949219e-01
1.819278746843338013e-01
5.062594413757324219e-01
3.111056089401245117e+00
8.847723603248596191e-01
-6.449268758296966553e-02
1.020849823951721191e+00
1.796721577644348145e+00
-1.040919899940490723e+00
2.735780715942382812e+00
-1.561998486518859863e+00
1.186625719070434570e+00
2.439819335937500000e+00
1.115065574645996094e+00
2.216212987899780273e+00
2.409009695053100586e+00
-1.639164090156555176e+00
-6.989547610282897949e-01
1.114791393280029297e+00
1.928931236267089844e+00
5.717839002609252930e-01
-9.763278365135192871e-01
-3.223424553871154785e-01
2.321086645126342773e+00
-6.996318697929382324e-01
-8.098833560943603516e-01
-4.646632075309753418e-01
-1.116625428199768066e+00
-1.041841864585876465e+00
-1.222861051559448242e+00
1.171729207038879395e+00
-1.035744071006774902e+00
1.790255069732666016e+00
-3.701092004776000977e-01
-1.281934618949890137e+00
3.535872697830200195e+00
-6.621620655059814453e-01
1.072114586830139160e+00
7.997307777404785156e-01
-1.526203632354736328e+00
-2.446032129228115082e-02
8.002370595932006836e-01
-5.001499652862548828e-01
