-5.035058856010437012e-01
-4.999619126319885254e-01
-5.117843151092529297e-01
1.030816793441772461e+00
1.019253730773925781e+00
-7.757275104522705078e-01
7.659203410148620605e-01
-5.110010504722595215e-01
8.386952280998229980e-01
-7.987099885940551758e-01
3.837799727916717529e-01
-8.369398713111877441e-01
7.427070736885070801e-01
-8.898420333862304688e-01
-9.199591875076293945e-01
-6.258304417133331299e-02
7.323779463768005371e-01
8.201818466186523438e-01
1.132827639579772949e+00
8.129812479019165039e-01
-2.298574447631835938e+00
2.216616630554199219e+00
-1.036587715148925781e+00
-6.004323959350585938e-01
-1.262271523475646973e+00
3.651998937129974365e-01
-6.145934462547302246e-01
-9.269009828567504883e-01
6.793650239706039429e-02
8.306527733802795410e-01
-1.738508224487304688e+00
3.190885066986083984e+00
-3.436839878559112549e-01
2.485413551330566406e+00
1.586817950010299683e-01
8.280819058418273926e-01
1.856571197509765625e+00
-1.191222906112670898e+00
4.775387942790985107e-01
-8.206000328063964844e-01
-3.208993911743164062e+00
-2.357445001602172852e+00
5.908378958702087402e-01
1.303900241851806641e+00
1.289453148841857910e+00
5.365333557128906250e-01
-4.159404635429382324e-01
5.172518491744995117e-01
5.623097419738769531e-01
1.932542771100997925e-01
2.303691387176513672e+00
1.768379330635070801e+00
-2.232867926359176636e-01
1.579666256904602051e+00
-6.006442308425903320e-01
1.939255952835083008e+00
-1.774207115173339844e+00
-7.698498368263244629e-01
4.512218236923217773e-01
-7.053126692771911621e-01
-1.245262265205383301e+00
