3.854967281222343445e-02
8.914963603019714355e-01
-9.897538423538208008e-01
-1.176994919776916504e+00
9.635848999023437500e-01
8.469155430793762207e-01
4.083183407783508301e-01
-1.145151853561401367e+00
1.387435793876647949e+00
-3.137591481208801270e-01
3.747442960739135742e-01
-3.459671735763549805e-01
-9.636374115943908691e-01
1.059495329856872559e+00
-5.536332260817289352e-03
1.400951862335205078e+00
1.118341013789176941e-01
-9.101042151451110840e-02
9.754444956779479980e-01
1.164626479148864746e+00
2.104019671678543091e-01
1.065076947212219238e+00
2.922573089599609375e+00
-4.790886938571929932e-01
3.039161205291748047e+00
1.387959122657775879e+00
-3.088220357894897461e-01
-5.459111332893371582e-01
7.117071747779846191e-01
1.419167876243591309e+00
1.952854990959167480e+00
-1.630493640899658203e+00
1.841211557388305664e+00
-1.582770049571990967e-01
-3.189359009265899658e-01
-6.090313792228698730e-01
-2.882956862449645996e-01
1.954842060804367065e-01
2.028245449066162109e+00
2.385862320661544800e-01
7.009608149528503418e-01
8.101772665977478027e-01
1.412810802459716797e+00
1.008013486862182617e-01
-1.580913901329040527e+00
-7.574514150619506836e-01
1.214996650815010071e-01
2.703464962542057037e-02
-1.970411688089370728e-01
-3.695643901824951172e+00
1.792242884635925293e+00
-1.709446549415588379e+00
1.713441371917724609e+00
1.541130840778350830e-01
7.877483963966369629e-01
-6.811155378818511963e-02
1.213225841522216797e+00
-1.831093907356262207e+00
-1.188849329948425293e+00
7.876132726669311523e-01
6.980842947959899902e-01
