2.866670489311218262e-01
5.491058230400085449e-01
2.664221227169036865e-01
1.196913123130798340e+00
9.593558907508850098e-01
-8.406904339790344238e-01
-2.471787929534912109e-01
9.642507135868072510e-02
7.518292069435119629e-01
-9.584463238716125488e-01
-9.433318972587585449e-01
9.542208313941955566e-01
9.029392600059509277e-01
1.734085530042648315e-01
-1.096895933151245117e+00
-1.032674431800842285e+00
-1.069860577583312988e+00
9.294533729553222656e-01
-1.237349510192871094e+00
5.748158693313598633e-01
-1.643121004104614258e+00
2.386095046997070312e+00
-5.366887450218200684e-01
-5.828191041946411133e-01
-2.034234255552291870e-01
-9.231046587228775024e-02
-8.581343889236450195e-01
5.838143229484558105e-01
2.370895147323608398e+00
1.241911292076110840e+00
2.567727565765380859e-01
2.004213094711303711e+00
1.100334405899047852e+00
9.670107364654541016e-01
4.874540567398071289e-01
-6.616555452346801758e-01
2.500665903091430664e+00
-3.235356330871582031e+00
2.176195830106735229e-01
-2.489030122756958008e+00
1.440074920654296875e+00
1.492347478866577148e+00
6.907323598861694336e-01
-1.159835830330848694e-01
6.605646014213562012e-01
-2.493215203285217285e-01
-3.595315456390380859e+00
9.276894927024841309e-01
-2.517278432846069336e+00
4.289247393608093262e-01
-6.863701343536376953e-01
-1.365954041481018066e+00
-3.517763018608093262e-01
8.822160363197326660e-01
1.051527261734008789e-01
1.054298728704452515e-01
1.371527791023254395e+00
-1.856369972229003906e+00
2.549937367439270020e-01
1.940713763236999512e+00
-9.953491091728210449e-01
