-1.280016899108886719e-01
-1.029978632926940918e+00
5.916692018508911133e-01
-3.182410895824432373e-01
-1.106578707695007324e+00
-3.673230111598968506e-01
8.531476259231567383e-01
-1.022126555442810059e+00
-8.612942099571228027e-01
-4.300518035888671875e-01
-1.119568705558776855e+00
-4.120764881372451782e-02
1.293736994266510010e-01
1.037920832633972168e+00
9.408374428749084473e-01
7.415307760238647461e-01
9.278303384780883789e-01
9.785255193710327148e-01
-8.788465857505798340e-01
-4.466163218021392822e-01
-8.155879378318786621e-01
-3.202114343643188477e+00
3.342221379280090332e-01
1.484513044357299805e+00
-4.867145791649818420e-02
-1.323714256286621094e+00
-2.802791595458984375e+00
1.470270991325378418e+00
8.231173157691955566e-01
-2.340094804763793945e+00
-1.172242283821105957e+00
1.154640674591064453e+00
-1.002454638481140137e+00
2.142792701721191406e+00
-6.033862009644508362e-02
-6.751626729965209961e-01
-2.109446048736572266e+00
-1.522162109613418579e-01
1.098877549171447754e+00
1.547363758087158203e+00
-2.310244083404541016e+00
1.503859877586364746e+00
1.806671023368835449e+00
-3.310400247573852539e+00
-3.788623586297035217e-02
-1.255343198776245117e+00
-2.339811325073242188e+00
1.127144694328308105e+00
3.289867341518402100e-01
-2.109815597534179688e+00
6.738393902778625488e-01
-3.113830983638763428e-01
1.816294670104980469e+00
-1.800275564193725586e+00
3.177009522914886475e-01
-3.445718288421630859e-01
-1.911518692970275879e+00
-7.519152760505676270e-02
-1.406733155250549316e+00
-1.830068945884704590e+00
2.692768871784210205e-01
