-1.285271495580673218e-01
-5.634629130363464355e-01
9.200847148895263672e-01
9.138936400413513184e-01
1.080332398414611816e+00
-1.138012886047363281e+00
1.107324600219726562e+00
1.272463947534561157e-01
1.039163827896118164e+00
-7.942039966583251953e-01
2.218059748411178589e-01
-2.152071148157119751e-01
9.934273958206176758e-01
-9.220155477523803711e-01
8.245247006416320801e-01
-8.533592820167541504e-01
1.236782312393188477e+00
1.004403308033943176e-01
9.443551301956176758e-01
5.768390297889709473e-01
-1.013301238417625427e-01
-2.361475706100463867e+00
3.259800434112548828e+00
-1.360909491777420044e-01
3.097053766250610352e-01
1.492620855569839478e-01
-1.087195277214050293e+00
-7.641194462776184082e-01
-1.252529621124267578e+00
2.985537290573120117e+00
8.353350162506103516e-01
-7.485314011573791504e-01
2.444281816482543945e+00
-1.398454666137695312e+00
-1.854538798332214355e+00
2.342862606048583984e+00
5.608991384506225586e-01
2.506706118583679199e-01
-7.150529026985168457e-01
-2.429286956787109375e+00
-3.988972663879394531e+00
-2.370294094085693359e+00
-1.868697404861450195e+00
4.182170629501342773e-01
1.435896456241607666e-01
-1.346377581357955933e-01
1.153348565101623535e+00
9.461055397987365723e-01
-1.188213706016540527e+00
1.803268909454345703e+00
1.435047507286071777e+00
8.894047737121582031e-01
-1.775077223777770996e+00
6.629576683044433594e-01
-1.135399222373962402e+00
1.529913544654846191e+00
2.530348598957061768e-01
1.705745458602905273e+00
-3.766018450260162354e-01
3.436191082000732422e+00
-1.099389642477035522e-01
