-5.987825393676757812e-01
-7.212622761726379395e-01
-7.097018957138061523e-01
-5.517773032188415527e-01
8.429608941078186035e-01
1.864291280508041382e-01
-4.671399593353271484e-01
3.615612089633941650e-01
-9.189336299896240234e-01
6.531268358230590820e-01
-6.931308507919311523e-01
5.316024422645568848e-01
6.204033493995666504e-01
-8.517957329750061035e-01
-8.301262259483337402e-01
-2.726113200187683105e-01
3.581218719482421875e-01
-2.991734743118286133e-01
6.468411087989807129e-01
-3.032841086387634277e-01
-1.378672420978546143e-01
-2.521515190601348877e-01
-1.911642789840698242e+00
9.798494726419448853e-02
1.211669087409973145e+00
-1.665730923414230347e-01
-1.836605191230773926e+00
-1.487196981906890869e-01
2.047016620635986328e+00
-2.922225892543792725e-01
-1.762771964073181152e+00
1.835300587117671967e-02
1.579723358154296875e+00
5.278323963284492493e-02
2.790545225143432617e+00
1.033634305000305176e+00
-1.733870506286621094e+00
-2.074730634689331055e+00
-6.925179362297058105e-01
1.007737398147583008e+00
-1.785931438207626343e-01
3.563458621501922607e-01
8.854057192802429199e-01
-8.411595821380615234e-01
-6.910510063171386719e-01
6.313984394073486328e-01
-1.848070502281188965e+00
1.833015829324722290e-01
1.279756903648376465e+00
-1.783134341239929199e-01
8.748973608016967773e-01
7.482660412788391113e-01
-8.975277543067932129e-01
-3.853168785572052002e-01
1.897765517234802246e+00
-1.284376740455627441e+00
1.716258764266967773e+00
-2.645483255386352539e+00
-4.497517645359039307e-01
-1.060863733291625977e+00
-1.213267803192138672e+00
