1.701873391866683960e-01
2.834277153015136719e-01
1.651926636695861816e-01
-4.600226879119873047e-01
-5.894668102264404297e-01
-6.235800385475158691e-01
1.854342669248580933e-01
-2.888838648796081543e-01
8.698049783706665039e-01
-1.827274709939956665e-01
-7.076463699340820312e-01
8.807917833328247070e-01
9.529492855072021484e-01
8.533229231834411621e-01
8.684969544410705566e-01
9.713851213455200195e-01
-7.011709213256835938e-01
-6.069109439849853516e-01
-6.852681040763854980e-01
4.087483286857604980e-01
2.833722531795501709e-01
8.694536089897155762e-01
-1.407744050025939941e+00
-1.723146677017211914e+00
-1.237288266420364380e-01
-7.559492588043212891e-01
3.881255686283111572e-01
-1.202106237411499023e+00
-1.270213007926940918e+00
-4.768213331699371338e-01
2.057909965515136719e-01
1.472514033317565918e+00
-2.225433111190795898e+00
-2.729481697082519531e+00
3.181624412536621094e+00
2.585707426071166992e+00
-1.345665335655212402e+00
-3.009689152240753174e-01
1.062984094023704529e-01
-2.106868505477905273e+00
1.752876400947570801e+00
1.556861639022827148e+00
1.632183790206909180e+00
-1.937665581703186035e+00
-2.121721029281616211e+00
3.204271197319030762e-01
1.032803297042846680e+00
-1.587025761604309082e+00
-1.091157674789428711e+00
-7.959298491477966309e-01
3.422363102436065674e-02
-9.115210175514221191e-01
-1.191504240036010742e+00
-1.451912999153137207e+00
-2.195233583450317383e+00
-1.777203202247619629e+00
8.470466136932373047e-01
4.157086610794067383e-01
9.671311080455780029e-02
2.938698053359985352e+00
1.032544851303100586e+00
