-2.576135993003845215e-01
9.350159764289855957e-01
-9.805642962455749512e-01
3.769487142562866211e-01
-1.012043714523315430e+00
-9.397873878479003906e-01
4.083898961544036865e-01
-1.187840700149536133e+00
-9.623961448669433594e-01
-1.118946552276611328e+00
9.814136028289794922e-01
-9.354671090841293335e-02
-9.934759140014648438e-01
-4.711040854454040527e-01
-3.849951624870300293e-01
-5.175795033574104309e-02
-1.291791200637817383e+00
9.545620083808898926e-01
8.505300283432006836e-01
2.390347272157669067e-01
8.359742760658264160e-01
-6.775336861610412598e-01
-6.421414613723754883e-01
2.107182264328002930e+00
-1.771849155426025391e+00
1.038994073867797852e+00
1.242135643959045410e+00
1.182100176811218262e+00
-9.585662931203842163e-02
-2.877790927886962891e+00
3.282573938369750977e+00
-5.681037902832031250e-02
-1.760201692581176758e+00
2.225954055786132812e+00
1.628507494926452637e+00
-4.079185128211975098e-01
1.200677275657653809e+00
-2.263865709304809570e+00
-2.932785034179687500e+00
-1.252475738525390625e+00
-8.471765518188476562e-01
2.881913185119628906e-01
5.159612894058227539e-01
1.699174046516418457e+00
1.051323175430297852e+00
2.179440855979919434e-01
3.736431837081909180e+00
9.368432760238647461e-01
-9.337789416313171387e-01
1.384653210639953613e+00
-1.559217929840087891e+00
-2.812587022781372070e+00
7.784940600395202637e-01
-1.296001791954040527e+00
-1.593137860298156738e+00
-1.146702527999877930e+00
-8.781904578208923340e-01
-1.767202377319335938e+00
-2.395842313766479492e+00
1.332972645759582520e+00
-5.463724136352539062e-01
