-4.252786934375762939e-01
8.798694610595703125e-01
9.046048521995544434e-01
-9.764109849929809570e-01
-3.291899561882019043e-01
3.514955341815948486e-01
-1.372965574264526367e-01
2.881426513195037842e-01
-9.985398054122924805e-01
6.987314671277999878e-02
3.851851820945739746e-01
-8.588137626647949219e-01
-9.819707870483398438e-01
1.197724342346191406e+00
-7.351057529449462891e-01
1.150561690330505371e+00
9.393492341041564941e-01
2.494246363639831543e-01
-9.769533276557922363e-01
-2.530924379825592041e-01
-2.321650743484497070e+00
2.078978300094604492e+00
9.644379019737243652e-01
3.264869451522827148e+00
1.607119560241699219e+00
1.241397857666015625e+00
-3.206606805324554443e-01
1.102680206298828125e+00
-3.310895919799804688e+00
-8.811000734567642212e-02
-2.018581628799438477e+00
-1.627137184143066406e+00
-3.950749039649963379e-01
-2.891834378242492676e-01
2.792735099792480469e-01
7.745321989059448242e-01
-2.115161895751953125e+00
-9.529790878295898438e-01
-1.954789757728576660e-01
-9.925482869148254395e-01
-1.451736211776733398e+00
-1.600163698196411133e+00
-1.234440356492996216e-01
1.352142333984375000e+00
-1.534852027893066406e+00
1.038139820098876953e+00
-6.401371955871582031e-01
5.501741170883178711e-01
1.110451698303222656e+00
5.155558586120605469e-01
1.878763437271118164e+00
7.650318741798400879e-01
-1.554727852344512939e-01
3.668003082275390625e-01
-1.039092242717742920e-01
6.715801358222961426e-02
-1.774974226951599121e+00
9.114770889282226562e-01
-3.053340613842010498e-01
-1.758411884307861328e+00
-6.803383678197860718e-02
