2.949834465980529785e-01
2.441582083702087402e-01
-2.322921305894851685e-01
-1.318358480930328369e-01
-1.820148676633834839e-01
1.234648108482360840e+00
9.986018538475036621e-01
-4.186721742153167725e-01
-1.064746379852294922e+00
5.814285278320312500e-01
1.476696431636810303e-01
9.418714642524719238e-01
-1.128283739089965820e+00
1.179160952568054199e+00
1.559161394834518433e-01
1.571459323167800903e-01
1.297825217247009277e+00
3.147780299186706543e-01
-5.974561572074890137e-01
1.899804174900054932e-01
-1.182232737541198730e+00
8.836544752120971680e-01
-6.433521509170532227e-01
8.424787223339080811e-02
3.055645823478698730e-01
-1.828654050827026367e+00
-3.354282140731811523e+00
-2.049379348754882812e+00
-2.649406671524047852e+00
9.098166823387145996e-01
1.413103193044662476e-01
3.275123596191406250e+00
2.687912940979003906e+00
1.788588762283325195e+00
2.703353464603424072e-01
1.806765496730804443e-01
-9.617575407028198242e-01
-2.527733743190765381e-01
7.259969711303710938e-01
-6.882960200309753418e-01
2.526393413543701172e+00
1.773629307746887207e+00
-7.641637325286865234e-01
-1.609727859497070312e+00
-4.528690874576568604e-01
-1.164179682731628418e+00
-2.034572124481201172e+00
-1.742182493209838867e+00
2.065121412277221680e+00
-4.207575619220733643e-01
8.742663860321044922e-01
-1.895009398460388184e+00
2.130707263946533203e+00
-9.744874835014343262e-01
2.146745443344116211e+00
7.933540940284729004e-01
-2.053729891777038574e-01
7.196876406669616699e-01
-1.182929947972297668e-01
3.335778951644897461e+00
2.143051475286483765e-01
