1.039408206939697266e+00
-8.499319553375244141e-01
-1.036310672760009766e+00
2.315461784601211548e-01
1.086993217468261719e+00
9.765740036964416504e-01
-3.042819201946258545e-01
-4.405297040939331055e-01
-1.052464842796325684e+00
-1.207142472267150879e+00
-3.988494873046875000e-01
-1.086325764656066895e+00
-9.474932551383972168e-01
-5.154274702072143555e-01
1.512783616781234741e-01
-8.515038490295410156e-01
1.110785007476806641e+00
-9.111239910125732422e-01
-4.528961777687072754e-01
1.048830866813659668e+00
-1.325247287750244141e+00
6.907402873039245605e-01
-9.294005632400512695e-01
-5.687024593353271484e-01
-2.577606439590454102e+00
1.054461240768432617e+00
1.135174632072448730e+00
1.459653139114379883e+00
7.918212413787841797e-01
-1.460378170013427734e+00
1.838907599449157715e+00
-9.511827677488327026e-02
-3.193745136260986328e+00
-3.676972910761833191e-02
2.562814056873321533e-01
2.885907173156738281e+00
2.579071521759033203e+00
7.461140751838684082e-01
-2.104941606521606445e+00
-5.835727453231811523e-01
-1.388237476348876953e+00
6.289312243461608887e-01
-9.990997314453125000e-01
1.092818617820739746e+00
-1.646401762962341309e+00
-4.060937166213989258e-01
-1.930405855178833008e+00
-1.462720274925231934e+00
-2.352205812931060791e-01
8.307565450668334961e-01
-1.877593636512756348e+00
-2.936530299484729767e-02
1.695125818252563477e+00
-5.510553717613220215e-01
1.779782533645629883e+00
2.783200740814208984e+00
-1.492441892623901367e+00
-1.432330012321472168e+00
-3.209617137908935547e+00
-1.179779022932052612e-01
1.433626562356948853e-01
