1.001151442527770996e+00
4.918848574161529541e-01
1.196733236312866211e+00
-1.165457129478454590e+00
-3.078897893428802490e-01
9.303306341171264648e-01
1.352597773075103760e-01
5.644560456275939941e-01
-1.132890224456787109e+00
9.401103854179382324e-01
-1.062532901763916016e+00
-1.472242355346679688e+00
1.075028300285339355e+00
-3.414270877838134766e-01
8.728190064430236816e-01
-9.621584415435791016e-01
-7.256291508674621582e-01
-7.341510057449340820e-01
-2.087024152278900146e-01
9.613707065582275391e-01
1.985282063484191895e+00
2.304528236389160156e+00
2.087184190750122070e+00
-1.887195110321044922e-01
2.147224903106689453e+00
-1.903362154960632324e+00
7.062380909919738770e-01
-2.548421144485473633e+00
3.493505001068115234e+00
5.528731644153594971e-02
-2.533796072006225586e+00
-7.836807370185852051e-01
1.540284514427185059e+00
-2.033887863159179688e+00
2.845256567001342773e+00
-1.849394559860229492e+00
-3.222305476665496826e-01
-3.816762566566467285e-01
1.231171965599060059e+00
4.146593809127807617e-01
2.325234174728393555e+00
1.658277988433837891e+00
-1.059983253479003906e+00
-6.414984166622161865e-02
-2.304418802261352539e+00
-2.092223405838012695e+00
8.995451331138610840e-01
2.116676568984985352e+00
1.017633914947509766e+00
5.459834933280944824e-01
1.815233469009399414e+00
2.630383968353271484e-01
-2.004034072160720825e-01
-3.739601850509643555e+00
-2.000936746597290039e+00
1.138792872428894043e+00
-1.042136311531066895e+00
-6.472203135490417480e-01
-7.867650389671325684e-01
2.203559130430221558e-01
-2.531882226467132568e-01
