1.414410114288330078e+00
1.415860533714294434e+00
-4.273392260074615479e-01
7.468117475509643555e-01
-2.599031031131744385e-01
-3.583342432975769043e-01
-9.596175551414489746e-01
-1.073743343353271484e+00
9.955326318740844727e-01
4.910351932048797607e-01
-1.527350544929504395e+00
-9.606131315231323242e-01
1.619483083486557007e-01
9.345921277999877930e-01
-1.091492623090744019e-01
-1.252733945846557617e+00
5.188313126564025879e-01
-8.558657765388488770e-01
-8.320934772491455078e-01
-3.936816751956939697e-01
3.545711934566497803e-01
-1.851737022399902344e+00
-1.786368370056152344e+00
-5.925427675247192383e-01
8.108183145523071289e-01
1.664761066436767578e+00
-9.776360541582107544e-02
-6.398764252662658691e-01
-3.144934177398681641e+00
-8.012199997901916504e-01
3.038954138755798340e-01
-2.365682601928710938e+00
-1.083061173558235168e-01
3.245949983596801758e+00
-7.360823750495910645e-01
2.764650344848632812e+00
1.500129222869873047e+00
-1.382749915122985840e+00
-8.187363147735595703e-01
-2.058601379394531250e+00
2.100981920957565308e-01
-1.084016084671020508e+00
-1.858946084976196289e+00
-8.314184844493865967e-02
-3.148215532302856445e+00
-2.131727457046508789e+00
-2.514496147632598877e-01
-3.238450586795806885e-01
-2.221661329269409180e+00
1.848217725753784180e+00
2.182164341211318970e-01
2.353374004364013672e+00
1.903743147850036621e+00
-1.982965469360351562e+00
-8.917053341865539551e-01
1.937307119369506836e+00
1.577595829963684082e+00
6.612621545791625977e-01
5.192615985870361328e-01
-1.654603958129882812e+00
4.431250691413879395e-02
