7.584033608436584473e-01
9.344532489776611328e-01
1.070307970046997070e+00
4.663900732994079590e-01
9.226481318473815918e-01
-9.631314873695373535e-01
6.519994735717773438e-01
-9.325445294380187988e-01
-1.751027815043926239e-02
-8.431779146194458008e-01
-1.769106388092041016e-01
-1.089926004409790039e+00
-8.801665306091308594e-01
7.697190046310424805e-01
-4.306198656558990479e-01
6.209836602210998535e-01
-8.196240663528442383e-01
6.069425344467163086e-01
2.397188246250152588e-01
9.933977127075195312e-01
3.174178674817085266e-02
-4.910600781440734863e-01
1.373067855834960938e+00
1.909925341606140137e+00
-3.369795560836791992e+00
1.345289945602416992e-01
-2.659014463424682617e-01
2.350219964981079102e+00
-9.392932653427124023e-01
-2.731771707534790039e+00
4.313645958900451660e-01
1.722121983766555786e-01
-1.854079365730285645e+00
3.753078728914260864e-02
1.866254806518554688e+00
5.446378588676452637e-01
-5.305671691894531250e-01
4.470877945423126221e-01
-1.452865123748779297e+00
-4.576455652713775635e-01
1.018782854080200195e+00
2.775819599628448486e-01
-7.954965531826019287e-02
3.449528694152832031e+00
-1.681268453598022461e+00
-2.339565567672252655e-02
-1.453968882560729980e-01
1.459845781326293945e+00
-2.271015405654907227e+00
1.558465957641601562e+00
-1.140905976295471191e+00
7.155097275972366333e-02
1.501115202903747559e+00
1.754774898290634155e-01
-2.014825820922851562e+00
-4.483114480972290039e-01
-1.694122329354286194e-02
-3.234671354293823242e-01
1.427754998207092285e+00
2.409780919551849365e-01
-1.310636878013610840e+00
