4.895198345184326172e-01
-5.511600971221923828e-01
-6.061694025993347168e-01
7.176721096038818359e-01
-7.233815789222717285e-01
-6.024097800254821777e-01
-2.909966707229614258e-01
-6.200568675994873047e-01
-5.783174037933349609e-01
8.064690828323364258e-01
7.578255534172058105e-01
-6.865658760070800781e-01
-5.794616937637329102e-01
5.420071482658386230e-01
3.280678987503051758e-01
-8.919616937637329102e-01
6.464862227439880371e-01
3.868983983993530273e-01
6.599939465522766113e-01
-5.624427795410156250e-01
2.420482397079467773e+00
-7.991597652435302734e-01
-1.349885940551757812e+00
1.343308687210083008e+00
2.042811870574951172e+00
-1.229819059371948242e+00
1.288126707077026367e+00
-8.367699384689331055e-01
-6.349436044692993164e-01
2.152070254087448120e-01
-1.565316557884216309e+00
7.222308516502380371e-01
-1.744183301925659180e+00
8.935754299163818359e-01
-1.726797461509704590e+00
6.320527940988540649e-02
7.012410163879394531e-01
-8.106682300567626953e-01
2.063054293394088745e-01
-1.195463910698890686e-01
2.525108337402343750e+00
5.436513423919677734e-01
1.303937315940856934e+00
1.554656863212585449e+00
1.434191942214965820e+00
8.443584442138671875e-01
6.145260334014892578e-01
6.694766879081726074e-01
4.074108898639678955e-01
5.417448282241821289e-02
-1.114540815353393555e+00
3.588381409645080566e-01
1.193635940551757812e+00
-7.357698082923889160e-01
3.512283563613891602e+00
-2.515430748462677002e-01
1.402122616767883301e+00
1.402513146400451660e+00
1.388586521148681641e+00
1.010443866252899170e-01
7.967265248298645020e-01
