-2.905360888689756393e-03
1.072407960891723633e+00
1.188320517539978027e-01
4.731695652008056641e-01
5.854585766792297363e-01
-9.180313348770141602e-01
1.289269924163818359e+00
9.499751329421997070e-01
-5.894669890403747559e-02
6.999278664588928223e-01
2.289516180753707886e-01
6.967814564704895020e-01
-4.050053656101226807e-01
-1.594018340110778809e-01
8.395266532897949219e-01
1.076530218124389648e+00
3.828202486038208008e-01
-9.617587924003601074e-02
8.804327249526977539e-01
8.255109190940856934e-01
-5.208073854446411133e-01
-6.224767565727233887e-01
-6.159839034080505371e-01
-6.893130540847778320e-01
-9.890127778053283691e-01
1.862084746360778809e+00
-4.303193986415863037e-01
1.907199501991271973e+00
-6.213716864585876465e-01
-1.422851800918579102e+00
8.502035140991210938e-01
-1.201692819595336914e+00
1.441262245178222656e+00
-5.636322498321533203e-01
-2.589790105819702148e+00
-5.637886747717857361e-02
1.500076055526733398e+00
5.363066196441650391e-01
2.754538774490356445e+00
-5.625926256179809570e-01
3.168964624404907227e+00
-3.586230874061584473e-01
1.343964338302612305e+00
4.057825803756713867e-01
7.537896633148193359e-01
1.307967662811279297e+00
2.643867433071136475e-01
-1.512470722198486328e+00
-8.581590652465820312e-02
-6.110277175903320312e-01
1.847156405448913574e+00
-6.862046718597412109e-01
-3.122005701065063477e+00
-1.470844388008117676e+00
-1.885325431823730469e+00
2.886412739753723145e-01
1.792540431022644043e+00
-1.361229062080383301e+00
-1.803216695785522461e+00
-1.033401936292648315e-01
1.765952944755554199e+00
