-8.799417018890380859e-01
2.154677510261535645e-01
-4.691442847251892090e-01
-9.101510047912597656e-01
-8.551486730575561523e-01
8.457117080688476562e-01
-3.461212813854217529e-01
-3.008466446772217751e-03
-6.367394328117370605e-02
8.446140885353088379e-01
8.863995671272277832e-01
-9.522790908813476562e-01
-1.091653823852539062e+00
-1.193898916244506836e+00
2.866862416267395020e-01
-5.786957144737243652e-01
9.736551642417907715e-01
1.489078551530838013e-01
-7.275829315185546875e-01
-2.118304073810577393e-01
2.191804647445678711e+00
-5.599161386489868164e-01
2.365607023239135742e+00
3.170304059982299805e+00
3.081183433532714844e-01
1.835402488708496094e+00
2.158461570739746094e+00
1.796832919120788574e+00
-6.619978547096252441e-01
-8.573276996612548828e-01
-1.426675915718078613e+00
-2.978644847869873047e+00
-3.393689990043640137e-01
1.387035399675369263e-01
-1.304027676582336426e+00
-3.080017805099487305e+00
-5.217640995979309082e-01
1.905547022819519043e+00
5.657168477773666382e-02
1.306890726089477539e+00
2.146481513977050781e+00
1.333558917045593262e+00
-1.949844717979431152e+00
1.634404063224792480e+00
-8.525729775428771973e-01
-1.957280755043029785e+00
-1.579487442970275879e+00
-1.195417791604995728e-01
-5.194619894027709961e-01
3.418155014514923096e-02
-6.543042063713073730e-01
1.159908175468444824e+00
-4.584227800369262695e-01
2.146295458078384399e-01
1.011101841926574707e+00
-3.328603267669677734e+00
1.607016175985336304e-01
1.282934188842773438e+00
-9.343109726905822754e-01
-9.830613136291503906e-01
-1.188713982701301575e-01
