-6.177866458892822266e-01
-6.969038844108581543e-01
6.590759754180908203e-02
-1.716702878475189209e-01
4.607227444648742676e-01
8.927153944969177246e-01
-2.251978069543838501e-01
-9.178223609924316406e-01
-6.960188746452331543e-01
1.152172803878784180e+00
9.955345988273620605e-01
3.875517100095748901e-02
2.747208476066589355e-01
4.253718554973602295e-01
-8.844816684722900391e-01
-1.270128488540649414e-01
8.476600050926208496e-01
1.128283858299255371e+00
-1.042633652687072754e+00
1.108304262161254883e+00
-5.124564766883850098e-01
-1.434318184852600098e+00
-6.381490826606750488e-01
-3.012886345386505127e-01
-1.707277297973632812e+00
-2.980209350585937500e+00
1.304228186607360840e+00
2.040244340896606445e+00
-2.077672719955444336e+00
-4.992306828498840332e-01
5.187077522277832031e-01
-4.941889941692352295e-01
2.056976780295372009e-02
2.207952499389648438e+00
6.413710713386535645e-01
9.319479465484619141e-01
-1.978697478771209717e-01
6.327401399612426758e-01
-8.197367191314697266e-02
-4.565825760364532471e-01
6.073241233825683594e-01
1.064433097839355469e+00
-2.062735408544540405e-01
-8.735531568527221680e-01
3.054047822952270508e+00
-1.826510906219482422e+00
-4.389554858207702637e-01
1.930559635162353516e+00
2.154924869537353516e+00
1.126834750175476074e+00
1.392327904701232910e+00
7.803303003311157227e-01
2.129003763198852539e+00
2.895886182785034180e+00
8.046287894248962402e-01
-1.126156091690063477e+00
-4.247737228870391846e-01
-3.734531998634338379e-01
4.744824953377246857e-03
-3.188333213329315186e-01
2.820253372192382812e-01
