1.324051618576049805e-01
3.066232502460479736e-01
1.760687708854675293e+00
1.202533721923828125e+00
4.447509348392486572e-01
-7.006677985191345215e-01
-9.225744605064392090e-01
-1.030949831008911133e+00
-1.618709713220596313e-01
-2.387076914310455322e-01
1.726296395063400269e-01
-1.509719848632812500e+00
-6.926820874214172363e-01
1.742769241333007812e+00
-4.200473427772521973e-01
-1.023660302162170410e+00
8.626554012298583984e-01
1.799844652414321899e-01
-1.040086984634399414e+00
-1.959571689367294312e-01
-9.424037486314773560e-02
1.287378787994384766e+00
-1.053872585296630859e+00
-2.553719758987426758e+00
-2.221443414688110352e+00
8.092298507690429688e-01
-1.850283741950988770e+00
-3.699590682983398438e+00
4.087722599506378174e-01
3.658901751041412354e-01
1.146719753742218018e-01
1.850438952445983887e+00
2.597749829292297363e-01
-1.632060766220092773e+00
-2.171372413635253906e+00
3.129955053329467773e+00
2.265812903642654419e-01
-6.920518279075622559e-01
-2.813696622848510742e+00
-1.672462821006774902e-01
7.644037604331970215e-01
3.376196384429931641e+00
-3.085384368896484375e-01
-1.543967843055725098e+00
2.775711536407470703e+00
-6.206601262092590332e-01
1.405964612960815430e+00
1.438279271125793457e+00
-6.197285652160644531e-01
-5.150737762451171875e-01
7.200752496719360352e-01
9.242553710937500000e-01
-4.254408776760101318e-01
2.789524793624877930e-01
-1.209963679313659668e+00
1.521321415901184082e+00
5.537427663803100586e-01
5.656041502952575684e-01
1.355214357376098633e+00
-5.599626898765563965e-01
2.045616060495376587e-01
