1.538673639297485352e-01
1.400122791528701782e-01
-2.063609212636947632e-01
-2.262908369302749634e-01
6.804686188697814941e-01
4.469489157199859619e-01
1.035896658897399902e+00
3.401031792163848877e-01
8.285911083221435547e-01
3.877049386501312256e-01
1.389318406581878662e-01
1.187442302703857422e+00
9.498657584190368652e-01
-1.012603640556335449e+00
1.815205931663513184e+00
-9.381962418556213379e-01
-1.067062258720397949e+00
1.306579232215881348e+00
1.961826086044311523e-01
-2.851992845535278320e-01
3.509705960750579834e-01
1.287468373775482178e-01
-8.450947403907775879e-01
-5.760070681571960449e-01
4.551316201686859131e-01
-1.383967876434326172e+00
2.152197837829589844e+00
-8.434010744094848633e-01
5.730108022689819336e-01
-1.112546443939208984e+00
-1.649010926485061646e-01
4.333385825157165527e-01
2.956758260726928711e+00
1.817681550979614258e+00
8.547498583793640137e-01
3.460890531539916992e+00
2.926184892654418945e+00
1.191657930612564087e-01
-1.871926784515380859e-01
1.215654134750366211e+00
2.465307474136352539e+00
2.523371458053588867e+00
-3.108695268630981445e+00
-4.554683268070220947e-01
-1.382235407829284668e+00
1.646153330802917480e+00
-1.731675505638122559e+00
9.027297496795654297e-01
-1.130263805389404297e+00
1.046544194221496582e+00
2.942840576171875000e+00
8.228496313095092773e-01
-1.828473448753356934e+00
1.813460469245910645e+00
-5.067927762866020203e-02
2.242258310317993164e+00
2.109476566314697266e+00
6.822159141302108765e-02
7.236108183860778809e-01
-1.019111275672912598e+00
-1.136110305786132812e+00
