-1.282099008560180664e+00
1.117801547050476074e+00
1.069933295249938965e+00
-9.100241065025329590e-01
9.691067337989807129e-01
2.660063207149505615e-01
-3.343487679958343506e-01
1.009500265121459961e+00
-6.607807278633117676e-01
-1.024906039237976074e-01
-7.588263750076293945e-01
1.117910623550415039e+00
1.216317296028137207e+00
-3.343678116798400879e-01
9.081268310546875000e-01
7.697884440422058105e-01
8.541585206985473633e-01
-9.427296519279479980e-01
-8.461571335792541504e-01
-6.369312405586242676e-01
-1.087400317192077637e+00
3.942352831363677979e-01
-1.640710979700088501e-01
-4.971911013126373291e-01
1.991076946258544922e+00
7.284045219421386719e-01
-1.634917974472045898e+00
-3.625851273536682129e-01
2.975103378295898438e+00
2.861484885215759277e-01
2.713312387466430664e+00
-9.886703491210937500e-01
1.032735586166381836e+00
-9.729570150375366211e-01
2.785085201263427734e+00
-5.885177850723266602e-01
-1.899153113365173340e+00
-1.240871429443359375e+00
-2.680229842662811279e-01
1.007286682724952698e-01
7.108064889907836914e-01
1.628468930721282959e-02
1.826512664556503296e-01
4.714745283126831055e-02
-1.487863063812255859e+00
1.012782573699951172e+00
-3.100860118865966797e+00
6.799111515283584595e-02
-2.865190267562866211e+00
-1.299451112747192383e+00
2.122278213500976562e+00
-3.380718529224395752e-01
8.567188382148742676e-01
-1.231132268905639648e+00
-1.861034393310546875e+00
1.169088482856750488e+00
-1.684869050979614258e+00
5.562583208084106445e-01
-1.481599658727645874e-01
-2.726282179355621338e-01
-9.874198436737060547e-01
