2.315033674240112305e-01
-7.770428657531738281e-01
1.898989230394363403e-01
7.353866696357727051e-01
8.108660578727722168e-01
-9.971684813499450684e-01
9.671114087104797363e-01
-6.939501166343688965e-01
1.157705664634704590e+00
-1.160097241401672363e+00
-2.073362022638320923e-01
-1.053634166717529297e+00
-9.381259679794311523e-01
-8.665802478790283203e-01
-9.517286419868469238e-01
-4.331808686256408691e-01
-1.535225212574005127e-01
6.097967028617858887e-01
-3.376276791095733643e-01
-1.469077616930007935e-01
1.143977880477905273e+00
2.195554733276367188e+00
-5.347194075584411621e-01
5.938215255737304688e-01
-4.459204673767089844e-01
-1.688289344310760498e-01
-1.787734508514404297e+00
2.377696752548217773e+00
9.952805042266845703e-01
-1.016761884093284607e-01
8.852270841598510742e-01
-2.119462728500366211e+00
-4.463700950145721436e-02
2.968812547624111176e-02
-2.957833766937255859e+00
2.275840520858764648e+00
-9.090985059738159180e-01
-5.184037685394287109e-01
-1.578166007995605469e+00
4.160373806953430176e-01
2.859573364257812500e+00
1.593607664108276367e+00
1.059188127517700195e+00
-1.502038389444351196e-01
2.899133414030075073e-02
-2.114785611629486084e-01
-7.001993060111999512e-01
1.232166171073913574e+00
-2.580704689025878906e-01
-1.069063171744346619e-01
-1.335719108581542969e+00
1.303352952003479004e+00
8.888822793960571289e-02
-2.477552145719528198e-01
1.490517258644104004e+00
-1.896761298179626465e+00
-6.933470964431762695e-01
4.290898442268371582e-01
-1.081559181213378906e+00
-1.591885566711425781e+00
-2.839654684066772461e-01
