6.735343337059020996e-01
6.341658234596252441e-01
-7.049268577247858047e-03
6.393823623657226562e-01
-9.931093454360961914e-01
-9.116709232330322266e-01
9.273090958595275879e-01
-7.844771742820739746e-01
9.650121927261352539e-01
-1.203057318925857544e-01
-1.040200233459472656e+00
-8.685945272445678711e-01
-1.904522329568862915e-01
-8.500663638114929199e-01
8.689455986022949219e-01
-2.339672893285751343e-01
-6.180443763732910156e-01
-8.306570053100585938e-01
5.575209856033325195e-01
9.373922944068908691e-01
-7.863075733184814453e-01
6.702893972396850586e-01
-1.043913006782531738e+00
2.652836799621582031e+00
9.329448938369750977e-01
8.790213465690612793e-01
2.467657774686813354e-01
-2.290144681930541992e+00
-2.089259147644042969e+00
-1.590483307838439941e+00
3.590644001960754395e-01
-1.656077861785888672e+00
1.002945229411125183e-01
2.864175796508789062e+00
-6.093003153800964355e-01
4.587370753288269043e-01
-2.733554840087890625e+00
-8.772559762001037598e-01
-2.487154006958007812e+00
4.284157752990722656e-01
1.185618996620178223e+00
6.634426712989807129e-01
-9.486113786697387695e-01
-1.481518864631652832e+00
6.454479694366455078e-02
5.627937912940979004e-01
2.447608411312103271e-01
1.604953646659851074e+00
-1.668161273002624512e+00
-8.075001239776611328e-01
-5.362203121185302734e-01
1.397553324699401855e+00
-2.197030067443847656e+00
2.270569562911987305e+00
-3.084223568439483643e-01
-1.808823108673095703e+00
-3.393019199371337891e+00
4.616679847240447998e-01
1.973497271537780762e+00
-8.348159492015838623e-02
-1.392072200775146484e+00
