7.194513082504272461e-02
1.003571867942810059e+00
-5.380076169967651367e-01
3.550049364566802979e-01
-1.272403240203857422e+00
-5.781453847885131836e-01
3.344760239124298096e-01
-2.836228907108306885e-01
1.140244454145431519e-01
-5.708049535751342773e-01
1.058725595474243164e+00
2.820935547351837158e-01
9.468632936477661133e-01
3.735904991626739502e-01
-9.534404277801513672e-01
-1.026180982589721680e+00
2.457944452762603760e-01
-1.005550622940063477e+00
4.538279175758361816e-01
1.161122202873229980e+00
3.903083130717277527e-02
-1.707610130310058594e+00
4.663930833339691162e-01
1.644130110740661621e+00
-6.926432251930236816e-01
-1.712476760149002075e-01
1.661893844604492188e+00
-8.101742863655090332e-01
-8.092858195304870605e-01
2.586112976074218750e+00
2.587623357772827148e+00
5.686320662498474121e-01
1.474845409393310547e+00
-1.093723058700561523e+00
-3.281578779220581055e+00
-1.092940568923950195e+00
-6.813301146030426025e-02
3.619081020355224609e+00
-3.013937175273895264e-01
-3.065704822540283203e+00
3.771435022354125977e-01
-1.643037915229797363e+00
-4.151496887207031250e-01
1.144025921821594238e+00
-2.217626720666885376e-01
-4.509043395519256592e-01
2.521228075027465820e+00
-1.046809196472167969e+00
3.435127258300781250e+00
-2.028010845184326172e+00
-1.833513855934143066e+00
9.526064991950988770e-01
-1.060884714126586914e+00
5.588035583496093750e-01
1.897076368331909180e+00
3.832051157951354980e-01
1.895962953567504883e+00
1.617915511131286621e+00
3.306628167629241943e-01
-1.459253787994384766e+00
6.958582401275634766e-01
