8.831722736358642578e-01
3.555522998794913292e-03
-2.590912580490112305e-01
-1.219425559043884277e+00
9.395045638084411621e-01
-9.141743779182434082e-01
3.804762661457061768e-01
7.040510773658752441e-01
-1.360101699829101562e-01
-6.527337431907653809e-01
5.285644531250000000e-01
-5.919016599655151367e-01
8.686282038688659668e-01
2.652480900287628174e-01
-2.466564625501632690e-01
8.680513501167297363e-01
-8.726452589035034180e-01
-3.600547015666961670e-01
4.738342389464378357e-02
-4.905840158462524414e-01
-2.082996368408203125e+00
1.551251858472824097e-01
1.077172160148620605e+00
2.957529425621032715e-01
1.698243737220764160e+00
-2.597558736801147461e+00
2.008298397064208984e+00
-3.822932243347167969e-01
4.337892234325408936e-01
1.457664370536804199e-01
-1.788304001092910767e-01
-4.306944310665130615e-01
-3.043534517288208008e+00
-1.106962561607360840e+00
-3.410481214523315430e-01
1.583072066307067871e+00
-1.045772552490234375e+00
1.739029288291931152e+00
5.700471997261047363e-01
-9.445246458053588867e-01
-1.897357821464538574e+00
1.810429930686950684e+00
-1.336359977722167969e+00
-3.123621940612792969e-01
-7.481235861778259277e-01
1.446733951568603516e+00
3.437395572662353516e+00
3.251074580475687981e-03
-1.128160357475280762e+00
-3.615508675575256348e-01
2.830917835235595703e-01
-1.813449710607528687e-01
-1.995089530944824219e+00
1.909665465354919434e+00
-6.465681791305541992e-01
-6.680557131767272949e-01
2.125021219253540039e-01
-1.584120273590087891e+00
5.124447345733642578e-01
8.592067286372184753e-03
-7.056083679199218750e-01
