-5.187543034553527832e-01
-9.849988818168640137e-01
8.209340572357177734e-01
-1.032467007637023926e+00
-4.222826659679412842e-01
1.036194205284118652e+00
1.263915896415710449e+00
-2.877293527126312256e-01
-3.235235214233398438e-01
1.465929508209228516e+00
1.243438601493835449e+00
8.212872147560119629e-01
-9.033916592597961426e-01
-1.016326069831848145e+00
1.048845887184143066e+00
-8.324437737464904785e-01
9.132340550422668457e-01
-1.182478904724121094e+00
2.955420315265655518e-01
6.058573722839355469e-01
4.935141801834106445e-01
3.802001178264617920e-01
-2.568305969238281250e+00
1.322035551071166992e+00
-2.166129589080810547e+00
3.416400909423828125e+00
-1.619684815406799316e+00
9.048495888710021973e-01
1.750881671905517578e+00
-6.744269728660583496e-01
3.046869754791259766e+00
-7.515497207641601562e-01
1.997337102890014648e+00
1.324419140815734863e+00
-1.411823630332946777e+00
1.443897128105163574e+00
-1.804667472839355469e+00
-1.895415663719177246e+00
1.058809280395507812e+00
1.487482190132141113e+00
-8.161297440528869629e-01
-8.844345808029174805e-01
-1.849549889564514160e+00
7.484753727912902832e-01
-1.777270674705505371e+00
-1.549850463867187500e+00
1.943558216094970703e+00
-9.020209312438964844e-01
-3.694184303283691406e+00
2.334470003843307495e-01
-1.417178869247436523e+00
-6.467673778533935547e-01
1.218362092971801758e+00
1.410458922386169434e+00
-5.321864485740661621e-01
1.022907733917236328e+00
1.491727232933044434e+00
1.197934389114379883e+00
1.291290521621704102e+00
2.197280645370483398e+00
7.361173033714294434e-01
