-7.202981114387512207e-01
1.017483949661254883e+00
8.328735232353210449e-01
-7.976402044296264648e-01
3.198766112327575684e-01
-4.634716510772705078e-01
2.582468390464782715e-01
-1.143946409225463867e+00
-8.320864439010620117e-01
7.471844553947448730e-01
-7.114617228507995605e-01
-4.665718376636505127e-01
9.064620137214660645e-01
-9.980559945106506348e-01
-5.386360287666320801e-01
7.539740204811096191e-01
8.149612545967102051e-01
1.175002455711364746e+00
-7.087162733078002930e-01
8.355357646942138672e-01
2.434392690658569336e+00
1.160276159644126892e-01
7.540462613105773926e-01
2.697825729846954346e-01
-1.602614641189575195e+00
-1.897463917732238770e+00
-1.269121289253234863e+00
-9.993494749069213867e-01
1.382789760828018188e-01
2.131585836410522461e+00
-1.650048732757568359e+00
-2.865362167358398438e+00
6.314717531204223633e-01
-4.002603590488433838e-01
2.848209857940673828e+00
-6.400334239006042480e-01
-1.866775393486022949e+00
1.075848340988159180e+00
2.878013253211975098e-01
9.212365746498107910e-01
2.512388467788696289e+00
6.208504438400268555e-01
-4.114797115325927734e-01
-2.816661298274993896e-01
1.374947071075439453e+00
-1.885886192321777344e+00
1.275295376777648926e+00
-9.302735924720764160e-01
-7.383811473846435547e-01
-1.980183601379394531e+00
1.109894633293151855e+00
-3.450951337814331055e+00
-1.721671819686889648e-01
8.972810208797454834e-02
-2.276491165161132812e+00
8.978624343872070312e-01
-1.419233560562133789e+00
-1.438255310058593750e-01
1.260113865137100220e-01
-6.366307139396667480e-01
-9.564191102981567383e-01
