1.293807387351989746e+00
-2.213727980852127075e-01
-3.882057368755340576e-01
-7.819909453392028809e-01
-1.136020779609680176e+00
2.315277308225631714e-01
9.534067511558532715e-01
2.605096995830535889e-01
-2.143393009901046753e-01
9.832457900047302246e-01
-9.364979267120361328e-01
2.735974788665771484e-01
-1.963979601860046387e-01
-4.992310702800750732e-01
5.546177625656127930e-01
-1.031779885292053223e+00
1.396376729011535645e+00
-1.189764022827148438e+00
-2.216007560491561890e-01
-2.236820161342620850e-01
8.796158432960510254e-01
-5.397039055824279785e-01
-2.201819658279418945e+00
3.133348941802978516e+00
-1.688754677772521973e+00
5.146161913871765137e-01
-1.681319832801818848e+00
-1.102084755897521973e+00
-6.874513626098632812e-01
-3.002880334854125977e+00
2.137585639953613281e+00
-1.009936213493347168e+00
7.742553353309631348e-01
2.226966857910156250e+00
-1.041662693023681641e+00
-3.322229623794555664e+00
-7.961540222167968750e-01
-2.783885478973388672e+00
-6.876888871192932129e-01
1.998599767684936523e-01
-2.985625565052032471e-01
-9.915755987167358398e-01
-1.264864683151245117e+00
2.332967042922973633e+00
1.372227549552917480e+00
3.133545875549316406e+00
-1.152234196662902832e+00
9.199524521827697754e-01
-6.160932183265686035e-01
-1.791644215583801270e+00
1.143737316131591797e+00
9.007654786109924316e-01
-1.433270692825317383e+00
-2.816617012023925781e+00
5.053467750549316406e-01
1.468621253967285156e+00
-4.961331933736801147e-02
1.445536494255065918e+00
-6.772139072418212891e-01
-2.293080091476440430e+00
-2.746726274490356445e-01
