7.004390358924865723e-01
-7.365335226058959961e-01
-4.132095575332641602e-01
-1.203217983245849609e+00
2.985384166240692139e-01
6.554625034332275391e-01
4.752325117588043213e-01
-1.189316511154174805e+00
-1.047372102737426758e+00
7.357917428016662598e-01
-1.199616193771362305e+00
8.373833298683166504e-01
9.291495680809020996e-01
2.082628458738327026e-01
1.111370086669921875e+00
-1.110592603683471680e+00
-3.211076855659484863e-01
-9.800449013710021973e-01
-1.036905527114868164e+00
1.075064778327941895e+00
1.008196592330932617e+00
3.874602913856506348e-01
-1.735808849334716797e+00
-1.640591621398925781e+00
1.269444942474365234e+00
1.343913227319717407e-01
-2.144022464752197266e+00
9.061829447746276855e-01
1.741195797920227051e+00
3.027412891387939453e-01
8.699847757816314697e-02
-2.810778141021728516e+00
3.131701469421386719e+00
2.645057812333106995e-02
1.215306162834167480e+00
2.885511398315429688e+00
7.495855689048767090e-01
3.435382366180419922e+00
-2.388682365417480469e+00
1.368238687515258789e+00
-4.317958056926727295e-01
2.217934280633926392e-01
-3.250694036483764648e+00
9.702429771423339844e-01
1.234219789505004883e+00
-8.462064713239669800e-02
2.634606122970581055e+00
-2.105362713336944580e-01
1.001100182533264160e+00
1.091816067695617676e+00
-2.169154733419418335e-01
2.097676992416381836e+00
-1.930325746536254883e+00
1.208134055137634277e+00
-5.323802232742309570e-01
1.767807483673095703e+00
-1.264229059219360352e+00
2.929943799972534180e+00
1.698337316513061523e+00
1.215767264366149902e+00
-3.478896319866180420e-01
