8.473690152168273926e-01
-4.556008577346801758e-01
7.626777291297912598e-01
-3.756144642829895020e-02
-2.586241960525512695e-01
5.034534335136413574e-01
-3.539661169052124023e-01
6.521805524826049805e-01
-2.554552257061004639e-01
-1.152370333671569824e+00
-9.285946488380432129e-01
-1.871703863143920898e-01
-8.862706422805786133e-01
-1.021713614463806152e+00
-8.518048524856567383e-01
4.661869108676910400e-01
-3.992606997489929199e-01
-2.991428077220916748e-01
-1.329728007316589355e+00
-8.883256912231445312e-01
2.047527790069580078e+00
-5.079468488693237305e-01
-1.654183626174926758e+00
4.198061823844909668e-01
-1.119929909706115723e+00
-1.444995760917663574e+00
-1.667585968971252441e+00
5.454024076461791992e-01
1.168387532234191895e+00
-2.001707792282104492e+00
5.110624432563781738e-01
-1.028040647506713867e+00
2.392747402191162109e+00
-9.896820783615112305e-01
-2.573940038681030273e+00
2.234314233064651489e-01
1.712322592735290527e+00
1.253837704658508301e+00
-1.120947003364562988e+00
3.306413412094116211e+00
-1.182613730430603027e+00
-3.204848170280456543e-01
-1.300973773002624512e+00
-1.006136894226074219e+00
-7.457935810089111328e-01
1.399356245994567871e+00
-2.937478780746459961e+00
6.579875349998474121e-01
-1.801439404487609863e+00
1.017530202865600586e+00
-4.299253523349761963e-01
-1.549097418785095215e+00
1.694013357162475586e+00
6.927420198917388916e-02
1.512391924858093262e+00
4.880123734474182129e-01
-1.386707663536071777e+00
-1.441910862922668457e+00
4.289727509021759033e-01
2.139700174331665039e+00
-6.690955758094787598e-01
