-3.428955376148223877e-01
1.661741882562637329e-01
-8.004970103502273560e-02
-8.321202993392944336e-01
1.428645700216293335e-01
6.994912624359130859e-01
3.676357269287109375e-01
2.757629454135894775e-01
-2.840353846549987793e-01
1.274258345365524292e-01
9.787482023239135742e-01
-5.595194697380065918e-01
-8.941779136657714844e-01
-8.404174447059631348e-01
2.418149113655090332e-01
7.223792672157287598e-01
8.966612815856933594e-01
1.004468798637390137e+00
-8.943928480148315430e-01
1.120387673377990723e+00
-1.454920649528503418e+00
8.890867978334426880e-02
2.617196440696716309e-01
5.909673571586608887e-01
2.372875064611434937e-01
-8.799489140510559082e-01
-1.696693181991577148e+00
-1.077044844627380371e+00
-1.061262488365173340e+00
-4.600850865244865417e-02
1.986353516578674316e+00
5.319755077362060547e-01
2.183463096618652344e+00
2.963338136672973633e+00
-1.065836906433105469e+00
-3.673326373100280762e-01
2.692229509353637695e+00
1.113790869712829590e+00
5.022086501121520996e-01
3.853781819343566895e-01
-2.365893125534057617e+00
1.499469995498657227e+00
-3.809409141540527344e-01
-3.837336599826812744e-01
1.375542879104614258e+00
-6.675687432289123535e-01
1.681899070739746094e+00
1.968289136886596680e+00
-1.712298512458801270e+00
7.290087342262268066e-01
-1.728991031646728516e+00
3.523869812488555908e-01
1.776833415031433105e+00
2.397426843643188477e+00
1.365873813629150391e+00
4.569827392697334290e-02
-1.821875214576721191e+00
-8.018229007720947266e-01
-6.056555509567260742e-01
1.668528914451599121e-01
-2.663887739181518555e-01
