-1.271918416023254395e+00
-2.961398065090179443e-01
-4.244357049465179443e-01
-5.133064389228820801e-01
3.580622673034667969e-01
1.026135087013244629e+00
1.205170989036560059e+00
-9.254321455955505371e-01
-1.050930142402648926e+00
-1.074124693870544434e+00
-1.047498822212219238e+00
5.155876874923706055e-01
1.525290012359619141e-01
-1.032390832901000977e+00
-6.022051572799682617e-01
-1.310286879539489746e+00
1.131015539169311523e+00
1.158990621566772461e+00
-2.011033296585083008e-01
8.216117620468139648e-01
-3.077967166900634766e-01
-7.896744608879089355e-01
2.070429325103759766e+00
1.525730133056640625e+00
1.548714876174926758e+00
-3.310214996337890625e+00
-2.794836282730102539e+00
-3.265370607376098633e+00
-2.710866928100585938e+00
-4.247639477252960205e-01
-3.700073361396789551e-01
2.262371540069580078e+00
9.053616970777511597e-02
-1.881615757942199707e+00
-1.305763125419616699e+00
1.902477025985717773e+00
7.356978654861450195e-01
4.238592386245727539e-01
-9.345188736915588379e-02
8.007312417030334473e-01
7.268559187650680542e-02
-1.369089961051940918e+00
-2.811884641647338867e+00
-1.931897401809692383e+00
2.342345476150512695e+00
-1.888069152832031250e+00
-1.760265946388244629e+00
2.508949756622314453e+00
2.068521976470947266e+00
-9.955938458442687988e-01
4.434002935886383057e-01
1.383009195327758789e+00
6.866666078567504883e-01
1.355264067649841309e+00
-1.431135773658752441e+00
9.774283766746520996e-01
-3.716400265693664551e-01
4.313382506370544434e-01
-2.111210346221923828e+00
-2.391545027494430542e-01
1.895580142736434937e-01
