-1.325950026512145996e-01
-8.850014805793762207e-01
1.122358322143554688e+00
-4.839436709880828857e-01
8.207665085792541504e-01
-8.981296420097351074e-01
2.837774455547332764e-01
-1.043357133865356445e+00
2.987804710865020752e-01
8.725028038024902344e-01
1.073660731315612793e+00
-8.082146197557449341e-02
-8.682460784912109375e-01
7.661189436912536621e-01
-6.907328963279724121e-01
1.036311537027359009e-01
-7.681469321250915527e-01
1.118590235710144043e+00
3.727990686893463135e-01
-1.061874032020568848e+00
1.721479184925556183e-02
-2.915601491928100586e+00
-1.049764275550842285e+00
1.977066636085510254e+00
-2.944701194763183594e+00
9.097134470939636230e-01
1.078008651733398438e+00
1.053408741950988770e+00
-9.666694402694702148e-01
1.912469744682312012e+00
-1.444499015808105469e+00
2.190012633800506592e-01
2.132041215896606445e+00
-3.008462488651275635e-01
-2.131386756896972656e+00
3.076232373714447021e-01
1.967575550079345703e+00
-2.823649533092975616e-02
2.135373830795288086e+00
-2.023856341838836670e-01
-1.584941625595092773e+00
1.602814674377441406e+00
-4.713046550750732422e-01
-2.524050235748291016e+00
-1.927783131599426270e+00
8.291549086570739746e-01
1.011655926704406738e+00
-1.851295471191406250e+00
1.931718111038208008e+00
-1.930073976516723633e+00
-8.290638923645019531e-01
-3.781568288803100586e+00
1.391683459281921387e+00
-4.476832151412963867e-01
-1.310231722891330719e-02
1.029176235198974609e+00
1.276840806007385254e+00
4.713761508464813232e-01
2.549899339675903320e+00
-3.032180070877075195e-01
-3.537999689579010010e-01
