1.400538682937622070e-01
-1.248194098472595215e+00
-1.176705956459045410e+00
9.871168136596679688e-01
5.775397419929504395e-01
1.032642364501953125e+00
1.449907869100570679e-01
-1.192174196243286133e+00
4.217402040958404541e-01
8.801037073135375977e-01
-3.754886090755462646e-01
9.446968436241149902e-01
1.887896806001663208e-01
6.401337385177612305e-01
1.075335502624511719e+00
-1.040452957153320312e+00
8.606849908828735352e-01
-3.738732635974884033e-01
1.272729516029357910e+00
-1.301993131637573242e+00
2.752455174922943115e-01
-7.884513139724731445e-01
-1.292387485504150391e+00
-2.496510744094848633e+00
9.683195501565933228e-02
1.325369000434875488e+00
-6.512874364852905273e-01
3.344362974166870117e-01
-1.366043567657470703e+00
-2.891977787017822266e+00
-1.690903306007385254e+00
-1.740733146667480469e+00
6.712195873260498047e-01
9.346103668212890625e-01
1.726472377777099609e+00
-2.350775957107543945e+00
2.855404376983642578e+00
1.741575837135314941e+00
1.802868247032165527e+00
-2.343010604381561279e-01
4.303064644336700439e-01
3.377155661582946777e-01
-1.388631820678710938e+00
-1.043935298919677734e+00
-2.072187662124633789e-01
-1.079019308090209961e+00
1.047137141227722168e+00
-2.001266479492187500e-01
3.030247449874877930e+00
-1.859229326248168945e+00
-3.045627593994140625e+00
-1.441759943962097168e+00
2.385976791381835938e+00
-6.070873141288757324e-02
1.379712104797363281e+00
1.642093062400817871e+00
-1.944271922111511230e+00
-1.535859704017639160e+00
-1.273748159408569336e+00
-4.558446705341339111e-01
-3.550169765949249268e-01
