-7.470620870590209961e-01
3.968078792095184326e-01
-1.771661490201950073e-01
2.391989678144454956e-01
-9.517629146575927734e-01
7.362535595893859863e-01
8.869374394416809082e-01
-9.365000724792480469e-01
3.503865003585815430e-01
-1.131265521049499512e+00
-1.081013798713684082e+00
-3.756116628646850586e-01
3.207827210426330566e-01
-9.665499329566955566e-01
1.331057399511337280e-01
-2.551829516887664795e-01
-9.495913386344909668e-01
-7.908588051795959473e-01
-2.100495547056198120e-01
8.843994140625000000e-01
-1.332346796989440918e+00
-1.705406665802001953e+00
-4.396726191043853760e-01
8.646431565284729004e-01
6.740975975990295410e-01
1.579348564147949219e+00
3.156559228897094727e+00
-3.383175730705261230e-01
-1.369496464729309082e+00
1.574967503547668457e+00
2.371556043624877930e+00
-1.549305200576782227e+00
1.405195236206054688e+00
3.035248041152954102e+00
-8.604214787483215332e-01
-1.026518940925598145e+00
-2.485075473785400391e+00
6.898886561393737793e-01
-2.777249515056610107e-01
1.804201304912567139e-01
1.016050696372985840e+00
2.033780813217163086e+00
-1.451449751853942871e+00
2.123835086822509766e+00
-1.542105227708816528e-01
-1.342521429061889648e+00
-2.379509925842285156e+00
-9.018622040748596191e-01
2.352306365966796875e+00
8.729575872421264648e-01
1.866428256034851074e+00
-1.888343214988708496e+00
1.389532923698425293e+00
2.138921499252319336e+00
2.829857587814331055e+00
-1.659549474716186523e+00
1.692052602767944336e+00
3.686096370220184326e-01
-1.229338765144348145e+00
8.300974220037460327e-02
6.091718077659606934e-01
