3.457856476306915283e-01
-2.147167176008224487e-01
1.074994444847106934e+00
-9.686032533645629883e-01
1.510172635316848755e-01
-2.023341953754425049e-01
3.201181292533874512e-01
1.492751955986022949e+00
1.140733599662780762e+00
-1.547146677970886230e+00
-1.261422395706176758e+00
1.114616394042968750e+00
1.028590440750122070e+00
5.550186038017272949e-01
-5.478282570838928223e-01
-1.539931595325469971e-01
-1.242897868156433105e+00
1.203794121742248535e+00
-1.331625342369079590e+00
4.669180810451507568e-01
1.613503932952880859e+00
7.948237657546997070e-01
2.812228798866271973e-01
-3.240209341049194336e+00
-2.495951950550079346e-01
6.258882880210876465e-01
1.649267077445983887e+00
-5.461958646774291992e-01
1.835849046707153320e+00
6.922598481178283691e-01
1.844764471054077148e+00
4.424192309379577637e-01
-3.281510353088378906e+00
2.702560424804687500e-01
-1.729829907417297363e+00
-2.812144458293914795e-01
2.840258359909057617e+00
2.942505598068237305e+00
-7.667458057403564453e-01
-2.252047538757324219e+00
1.808126568794250488e+00
-9.890015125274658203e-01
3.429300785064697266e-01
2.709507465362548828e+00
1.599559545516967773e+00
-2.750229597091674805e+00
2.528496503829956055e+00
7.115959376096725464e-02
-1.204061150550842285e+00
-6.270036846399307251e-02
8.927063941955566406e-01
3.203619420528411865e-01
-1.965514183044433594e+00
6.315439194440841675e-02
-1.663836717605590820e+00
-1.542858600616455078e+00
1.557112097740173340e+00
-1.736434221267700195e+00
6.978303194046020508e-02
2.275208234786987305e+00
2.081272751092910767e-02
