9.017840027809143066e-01
-9.287590980529785156e-01
-1.900986880064010620e-01
5.266159772872924805e-01
9.513598680496215820e-01
-1.002602100372314453e+00
8.665900826454162598e-01
1.208799719810485840e+00
7.623338699340820312e-01
1.262870579957962036e-01
-9.233975410461425781e-01
8.971141576766967773e-01
2.078980654478073120e-01
-7.546012997627258301e-01
6.214259862899780273e-01
5.761304497718811035e-01
-2.497407346963882446e-01
1.051045536994934082e+00
9.658155441284179688e-01
7.899750471115112305e-01
2.412849664688110352e+00
-3.381760358810424805e+00
-5.513587500900030136e-03
2.010272979736328125e+00
-3.524053335189819336e+00
8.441736102104187012e-01
1.527414321899414062e+00
8.068672418594360352e-01
-1.621502637863159180e+00
1.318531274795532227e+00
5.345073938369750977e-01
-2.289961099624633789e+00
-6.356878280639648438e-01
1.085312485694885254e+00
1.989324092864990234e-01
-2.351712226867675781e+00
3.971920311450958252e-01
3.648287951946258545e-01
-2.419673055410385132e-01
1.605283975601196289e+00
-1.716714501380920410e+00
1.786983489990234375e+00
-2.535220146179199219e+00
3.983315944671630859e+00
-2.139079332351684570e+00
6.529555916786193848e-01
-1.027951359748840332e+00
-3.243148028850555420e-01
-1.184087157249450684e+00
1.591168165206909180e+00
-6.344613432884216309e-01
-1.716826081275939941e+00
1.431325435638427734e+00
-5.492535233497619629e-01
3.240001499652862549e-01
1.898512005805969238e+00
-1.632002592086791992e+00
1.716720163822174072e-01
1.892971396446228027e-01
-1.036617755889892578e+00
-1.419300794601440430e+00
