-5.966892838478088379e-02
-1.657846927642822266e+00
-2.024545818567276001e-01
3.469356894493103027e-02
-5.594912767410278320e-01
1.062492132186889648e+00
-9.943731427192687988e-01
1.013200640678405762e+00
-2.154152095317840576e-01
1.128937005996704102e+00
-1.088669896125793457e+00
1.409509062767028809e+00
-1.226944446563720703e+00
-1.828159242868423462e-01
-2.598708868026733398e-01
-1.122221350669860840e+00
-2.672489285469055176e-01
1.062339425086975098e+00
-6.950399875640869141e-01
9.357343912124633789e-01
-6.208551526069641113e-01
-5.590606331825256348e-01
-5.569027662277221680e-01
-2.531050443649291992e-01
2.300193309783935547e+00
-1.820616245269775391e+00
-3.365719556808471680e+00
-2.574973702430725098e-01
-7.299202084541320801e-01
-2.799064636230468750e+00
-2.520571708679199219e+00
-1.652446746826171875e+00
-6.941671371459960938e-01
9.098263382911682129e-01
-1.050983548164367676e+00
-3.857684135437011719e-01
-1.211297035217285156e+00
1.240347146987915039e+00
1.594707667827606201e-01
-3.161819458007812500e+00
-3.033190667629241943e-01
7.646052539348602295e-02
-1.348373055458068848e+00
1.663939952850341797e+00
-2.559266328811645508e+00
-1.015890359878540039e+00
1.736487388610839844e+00
-9.042848646640777588e-02
-1.124678254127502441e+00
-9.478985667228698730e-01
1.560131549835205078e+00
-5.203602835536003113e-02
-5.670614168047904968e-02
-1.047195196151733398e+00
-1.147595643997192383e+00
-5.919297337532043457e-01
-2.364797830581665039e+00
-5.211712718009948730e-01
-3.744419515132904053e-01
-1.530532479286193848e+00
-4.496591389179229736e-01
