-1.776775568723678589e-01
1.156372576951980591e-01
-7.850245237350463867e-01
5.245033279061317444e-02
8.546510338783264160e-01
8.205714821815490723e-01
-5.701725482940673828e-01
1.065240979194641113e+00
8.769050836563110352e-01
-9.827130436897277832e-01
-9.150335192680358887e-01
-3.434361219406127930e-01
7.531318068504333496e-01
-8.411420583724975586e-01
1.215335726737976074e+00
5.514661073684692383e-01
-9.059444665908813477e-01
-8.128132820129394531e-01
1.405555844306945801e+00
-2.676462531089782715e-01
-5.024437904357910156e-01
1.121355071663856506e-01
-2.668708324432373047e+00
-8.117709308862686157e-02
2.613043487071990967e-01
2.164127349853515625e+00
-7.978454828262329102e-01
3.407626450061798096e-01
-5.763804167509078979e-02
2.048667192459106445e+00
2.882488012313842773e+00
-1.718412041664123535e+00
1.415186643600463867e+00
-7.740064263343811035e-01
-1.185945630073547363e+00
-2.601074934005737305e+00
-9.479904770851135254e-01
-1.582394957542419434e+00
1.388860344886779785e-01
-1.115794658660888672e+00
-1.458823680877685547e+00
1.147936105728149414e+00
1.500481367111206055e+00
1.186013102531433105e+00
2.774937748908996582e-01
-1.387305259704589844e+00
-1.155150175094604492e+00
3.658685088157653809e-02
7.295395731925964355e-01
1.335535287857055664e+00
1.273359775543212891e+00
-1.497589230537414551e+00
-8.956868052482604980e-01
3.006821572780609131e-01
-2.221357077360153198e-01
2.128187656402587891e+00
7.272422313690185547e-02
8.802759647369384766e-01
-1.081117317080497742e-01
-3.048742771148681641e+00
-1.244852304458618164e+00
