6.543663740158081055e-01
8.660095185041427612e-02
1.669122129678726196e-01
-7.612937688827514648e-01
-1.605736315250396729e-01
8.748778700828552246e-01
2.363824099302291870e-01
-2.392172068357467651e-01
1.066126346588134766e+00
7.642529010772705078e-01
1.030590772628784180e+00
9.625767469406127930e-01
-7.757661342620849609e-01
7.390456199645996094e-01
7.929738163948059082e-01
-8.943364024162292480e-01
-5.909887552261352539e-01
1.431966423988342285e-01
9.573414325714111328e-01
-2.929490804672241211e-01
2.428214699029922485e-01
2.873788774013519287e-02
1.707354933023452759e-01
1.795615196228027344e+00
9.746235609054565430e-01
-1.988730430603027344e+00
9.765821695327758789e-01
1.248919963836669922e+00
1.011754035949707031e+00
2.481617212295532227e+00
-1.953199148178100586e+00
-9.250141978263854980e-01
-1.411594510078430176e+00
1.983544349670410156e+00
1.761761903762817383e+00
2.677943706512451172e+00
-6.468354165554046631e-02
-8.406372368335723877e-02
2.471486777067184448e-01
-1.318890571594238281e+00
1.140945672988891602e+00
6.189084053039550781e-01
1.416777253150939941e+00
-2.039763450622558594e+00
-8.940748572349548340e-01
-1.448092222213745117e+00
2.423799514770507812e+00
-2.901154518127441406e+00
-1.484833508729934692e-01
-1.809730768203735352e+00
-1.322135329246520996e+00
-4.834131002426147461e-01
1.185470581054687500e+00
-7.598931193351745605e-01
-6.520715355873107910e-01
2.224865436553955078e+00
6.183766722679138184e-01
2.887216567993164062e+00
9.398618340492248535e-02
-1.938952445983886719e+00
4.707630872726440430e-01
