4.298426210880279541e-01
8.776817470788955688e-02
-7.398669719696044922e-01
-2.163402885198593140e-01
-9.528355002403259277e-01
-4.569851756095886230e-01
-8.690871000289916992e-01
-1.300961852073669434e+00
-1.308290004730224609e+00
-7.498145699501037598e-01
8.833766728639602661e-02
-6.569147706031799316e-01
-3.665899932384490967e-01
1.007674574851989746e+00
-1.538977473974227905e-01
6.994027495384216309e-01
-9.122254252433776855e-01
4.265512898564338684e-02
6.505284905433654785e-01
-1.157215356826782227e+00
-6.193786859512329102e-01
-7.438654899597167969e-01
-2.616690397262573242e+00
1.042467117309570312e+00
3.150829553604125977e+00
-2.159344196319580078e+00
-2.175025463104248047e+00
5.769170522689819336e-01
-3.731820583343505859e-01
5.774535536766052246e-01
9.933950901031494141e-01
-1.298968911170959473e+00
1.738705754280090332e+00
1.950842142105102539e-01
1.018016040325164795e-01
3.342849016189575195e-01
2.051055192947387695e+00
-4.519077241420745850e-01
-4.673692584037780762e-01
-6.224488019943237305e-01
-4.014927744865417480e-01
-6.340042948722839355e-01
1.911252617835998535e+00
-5.341260433197021484e-01
1.278940558433532715e+00
-3.824944019317626953e+00
1.431708455085754395e+00
-4.073317646980285645e-01
-7.539002597332000732e-02
9.008230268955230713e-02
1.946034282445907593e-02
6.256635785102844238e-01
-3.409238338470458984e+00
3.747505247592926025e-01
-3.099105834960937500e+00
4.575307667255401611e-02
1.834538221359252930e+00
-1.697953939437866211e-01
-2.215265929698944092e-01
-4.082075357437133789e-01
1.072918400168418884e-01
