9.575210213661193848e-01
-3.101671338081359863e-01
-5.693991780281066895e-01
7.999804019927978516e-01
3.742920160293579102e-01
9.187259078025817871e-01
-1.692554652690887451e-01
-5.865787267684936523e-01
-1.489545851945877075e-01
7.922757267951965332e-01
1.025577634572982788e-01
-1.351332664489746094e+00
-1.050723671913146973e+00
9.281525015830993652e-01
8.330731987953186035e-01
7.870702147483825684e-01
7.202430963516235352e-01
-1.233019828796386719e+00
-1.155374169349670410e+00
2.508923113346099854e-01
1.734787821769714355e+00
1.308073401451110840e+00
2.272709846496582031e+00
-1.161647677421569824e+00
1.959978342056274414e+00
-1.097381472587585449e+00
-4.677016660571098328e-02
6.036142706871032715e-01
4.533259272575378418e-01
-2.735264301300048828e+00
-5.170971900224685669e-02
8.790472149848937988e-01
3.068442344665527344e-01
2.663714647293090820e+00
-2.097416400909423828e+00
-1.190678238868713379e+00
7.893627882003784180e-02
-7.209527492523193359e-02
6.177975535392761230e-01
1.129248738288879395e-01
-1.614647030830383301e+00
-2.798320770263671875e+00
-1.773303985595703125e+00
-1.025491833686828613e+00
3.079820394515991211e+00
1.351102590560913086e+00
-3.213421583175659180e+00
7.144986391067504883e-01
-9.255224466323852539e-01
-2.491304636001586914e+00
8.747184872627258301e-01
-5.979070067405700684e-02
-7.726316154003143311e-02
-1.831759214401245117e+00
-1.717897891998291016e+00
-9.652738571166992188e-01
7.885655760765075684e-02
-3.860001862049102783e-01
-1.820596009492874146e-01
5.439085960388183594e-01
-4.293574392795562744e-01
