7.391169071197509766e-01
-8.371255397796630859e-01
-7.879052758216857910e-01
-8.014464378356933594e-01
-6.302950978279113770e-01
3.422110676765441895e-01
4.391673803329467773e-01
-1.043220043182373047e+00
4.099528789520263672e-01
-7.646332383155822754e-01
-2.605026066303253174e-01
8.023434281349182129e-01
-1.142589092254638672e+00
-7.902030944824218750e-01
-1.768662482500076294e-01
7.872304916381835938e-01
8.329989910125732422e-01
-6.548879146575927734e-01
-7.815410494804382324e-01
6.820642352104187012e-01
-2.330261617898941040e-01
2.870513916015625000e+00
4.082449674606323242e-01
1.825267195701599121e+00
-5.440534278750419617e-02
-1.487503170967102051e+00
-2.038869380950927734e+00
-2.290784120559692383e+00
2.034687757492065430e+00
6.585178971290588379e-01
-9.918351769447326660e-01
-6.319742798805236816e-01
-1.513295054435729980e+00
8.744152784347534180e-01
3.051689565181732178e-01
-7.169759869575500488e-01
2.563380479812622070e+00
-8.341863155364990234e-01
6.323505043983459473e-01
-1.557713031768798828e+00
2.646279335021972656e-01
2.151049375534057617e+00
9.775482863187789917e-02
1.293797016143798828e+00
8.750171214342117310e-02
1.847258210182189941e+00
2.202852010726928711e+00
1.462669730186462402e+00
3.105168581008911133e+00
1.148879155516624451e-01
-1.717728734016418457e+00
-2.262130230665206909e-01
1.083290100097656250e+00
7.638170719146728516e-01
-1.564229488372802734e+00
-2.896750569343566895e-01
-2.082081794738769531e+00
-1.404307484626770020e+00
-2.395942926406860352e+00
-9.930620789527893066e-01
-6.332059502601623535e-01
