3.562906980514526367e-01
-1.183314442634582520e+00
2.719533145427703857e-01
-8.443208932876586914e-01
-9.160887598991394043e-01
3.494146168231964111e-01
8.931648135185241699e-01
-6.428889036178588867e-01
1.075473427772521973e+00
1.158842802047729492e+00
-1.906448453664779663e-01
-1.004186868667602539e+00
8.953692913055419922e-01
1.537526100873947144e-01
-1.026989817619323730e+00
8.660835623741149902e-01
-1.099492430686950684e+00
-5.742199420928955078e-01
-1.174032211303710938e+00
3.527676463127136230e-01
-1.465619444847106934e+00
-4.860428273677825928e-01
1.131122827529907227e+00
-2.738449573516845703e+00
3.015705823898315430e+00
1.548900723457336426e+00
2.153934955596923828e+00
2.138755083084106445e+00
-2.384443998336791992e+00
-6.310441344976425171e-02
8.901594877243041992e-01
-7.652321457862854004e-01
1.434904336929321289e+00
-6.403726935386657715e-01
-3.014707267284393311e-01
-3.312008678913116455e-01
1.028574824333190918e+00
-2.036745697259902954e-01
4.600071609020233154e-01
1.501104950904846191e+00
1.525262355804443359e+00
-2.536445483565330505e-02
1.046438217163085938e+00
1.754451632499694824e+00
2.468461036682128906e+00
1.443154454231262207e+00
-1.095211267471313477e+00
-1.652432560920715332e+00
-1.615774750709533691e+00
-7.668815255165100098e-01
-2.451189279556274414e+00
-3.210531473159790039e-01
-1.082650423049926758e+00
1.065808653831481934e+00
-2.894813418388366699e-01
4.747380614280700684e-01
8.915175795555114746e-01
-4.282344281673431396e-01
-9.087712168693542480e-01
2.037696838378906250e+00
4.900709986686706543e-01
