1.126019135117530823e-01
-8.977402448654174805e-01
3.849101960659027100e-01
3.424271941184997559e-01
9.165955185890197754e-01
1.024954438209533691e+00
-8.647667169570922852e-01
1.126326322555541992e+00
-8.271011710166931152e-01
5.338041782379150391e-01
-8.317282199859619141e-01
1.135088205337524414e+00
8.506364226341247559e-01
9.536031484603881836e-01
-3.778468966484069824e-01
9.335284829139709473e-01
7.456405758857727051e-01
1.036412239074707031e+00
7.527120113372802734e-01
-8.083522915840148926e-01
2.199578136205673218e-01
-2.066843956708908081e-01
-1.922928810119628906e+00
-1.700508236885070801e+00
-7.624105811119079590e-01
1.739513039588928223e+00
6.523278355598449707e-01
9.790259003639221191e-01
-2.327096700668334961e+00
3.085396587848663330e-01
2.790975809097290039e+00
1.512932538986206055e+00
-7.128774523735046387e-01
-2.538008987903594971e-01
-2.028593063354492188e+00
-1.064391016960144043e+00
-9.383922219276428223e-01
1.322524309158325195e+00
-1.624262094497680664e+00
2.217059880495071411e-01
8.583480119705200195e-01
-1.339536011219024658e-01
1.877339601516723633e+00
2.086359977722167969e+00
-3.412702083587646484e-01
-1.046768665313720703e+00
5.052407383918762207e-01
-3.101008236408233643e-01
1.882493138313293457e+00
1.987837068736553192e-02
1.631905913352966309e+00
-1.209170103073120117e+00
-4.502839744091033936e-01
1.511028409004211426e+00
-3.697496414184570312e+00
1.753148674964904785e+00
-7.235667109489440918e-01
2.062706947326660156e+00
-1.612665891647338867e+00
6.182750687003135681e-02
-5.577933192253112793e-01
