-8.823087811470031738e-01
-7.802661657333374023e-01
-8.711120486259460449e-01
-1.047937512397766113e+00
-1.210880577564239502e-01
-1.185349583625793457e+00
-8.955043554306030273e-01
-4.924801588058471680e-01
9.019874334335327148e-01
9.888991117477416992e-01
-4.718933105468750000e-01
3.595736920833587646e-01
-1.327305316925048828e+00
-8.376854658126831055e-01
-4.561697244644165039e-01
-7.060119509696960449e-02
-7.135227322578430176e-01
8.839477300643920898e-01
-1.152518033981323242e+00
5.187544226646423340e-01
3.326527595520019531e+00
5.108973979949951172e-01
2.228258609771728516e+00
1.204855084419250488e+00
2.291814833879470825e-01
-3.171246033161878586e-03
2.443847417831420898e+00
2.309158563613891602e+00
2.278466939926147461e+00
-1.784299492835998535e+00
-2.296190023422241211e+00
-1.548858642578125000e+00
-1.996079273521900177e-02
-1.413791537284851074e+00
1.315191388130187988e+00
-4.730119705200195312e-01
-3.470577001571655273e-01
3.067139908671379089e-02
-3.847123146057128906e+00
1.880360394716262817e-01
1.652790784835815430e+00
-1.271715641021728516e+00
7.932417392730712891e-01
1.754236817359924316e-01
-1.455971121788024902e+00
-4.387104883790016174e-02
9.002596735954284668e-01
-1.862156987190246582e+00
-1.113248467445373535e+00
-1.703060418367385864e-01
-2.477598190307617188e+00
9.061290621757507324e-01
-5.756042152643203735e-02
1.076301693916320801e+00
-3.675577640533447266e-01
-6.258826851844787598e-01
-5.591922998428344727e-01
-4.334098845720291138e-02
3.486276566982269287e-01
-3.262672126293182373e-01
-5.679234266281127930e-01
