6.512097716331481934e-01
3.161785900592803955e-01
-8.541526794433593750e-01
6.958388686180114746e-01
2.372853457927703857e-01
-3.466115891933441162e-01
-3.465467691421508789e-01
-9.226895570755004883e-01
8.665374517440795898e-01
-9.966052174568176270e-01
8.678518533706665039e-01
4.605987071990966797e-01
-5.925308465957641602e-01
-8.764876127243041992e-01
-1.033619046211242676e+00
-1.545283496379852295e-01
-8.317551612854003906e-01
-7.731791734695434570e-01
-8.754562735557556152e-01
4.838979244232177734e-01
-2.125261783599853516e+00
-1.922479987144470215e+00
-1.937154412269592285e+00
-1.550454497337341309e+00
2.055509328842163086e+00
-7.978464365005493164e-01
-1.228686451911926270e+00
2.942790091037750244e-01
1.462036818265914917e-01
3.035716712474822998e-01
1.017459154129028320e+00
-2.048166513442993164e+00
1.521311163902282715e+00
-2.971711874008178711e+00
-1.064662411808967590e-01
-4.137089252471923828e-01
-5.330636631697416306e-03
-5.464590787887573242e-01
-5.158824920654296875e-01
1.727432131767272949e+00
-1.257944822311401367e+00
1.536089301109313965e+00
1.874330759048461914e+00
-9.782973527908325195e-01
9.990289807319641113e-01
-4.894488453865051270e-01
-5.712509155273437500e-01
-1.645163744688034058e-01
2.317605763673782349e-01
-7.909812778234481812e-02
-4.819199144840240479e-01
1.956213593482971191e+00
1.154890418052673340e+00
1.620425939559936523e+00
1.860777288675308228e-01
-3.898102760314941406e+00
-3.901369571685791016e-01
-1.696919351816177368e-01
-8.167321979999542236e-02
1.287005662918090820e+00
-5.606926679611206055e-01
