8.746184110641479492e-01
-8.904451131820678711e-01
-8.989478349685668945e-01
1.600458770990371704e-01
-8.696690201759338379e-01
9.126335382461547852e-01
-6.621800661087036133e-01
9.540348500013351440e-02
-6.138142943382263184e-01
8.511751294136047363e-01
-1.027733325958251953e+00
9.747033119201660156e-01
-4.452388286590576172e-01
1.947619020938873291e-01
-2.886058390140533447e-01
-3.522880077362060547e-01
1.035105288028717041e-01
1.102663129568099976e-01
1.051532030105590820e+00
1.268897175788879395e+00
-9.877290725708007812e-01
-1.861867547035217285e+00
2.104334354400634766e+00
5.433446168899536133e-01
2.997479200363159180e+00
-3.542141318321228027e-01
-1.356098502874374390e-01
-8.923777192831039429e-02
2.688942551612854004e-01
2.699359416961669922e+00
-1.036040544509887695e+00
2.968254685401916504e-01
1.929200172424316406e+00
1.011548280715942383e+00
1.187169790267944336e+00
-1.493951439857482910e+00
-1.163222491741180420e-01
-1.604230850934982300e-01
4.511628448963165283e-01
-3.074024431407451630e-02
-7.535625100135803223e-01
1.681787252426147461e+00
1.695646524429321289e+00
1.307557940483093262e+00
1.691197037696838379e+00
5.852755904197692871e-01
3.974851369857788086e-01
8.917245268821716309e-01
-8.305217027664184570e-01
-1.647144317626953125e+00
3.340696990489959717e-01
1.725116521120071411e-01
-1.542347669601440430e+00
1.840865492820739746e+00
-1.258164167404174805e+00
-1.671260714530944824e+00
1.321171879768371582e+00
1.835136651992797852e+00
1.300199478864669800e-01
-1.535203754901885986e-01
-6.916446089744567871e-01
