4.535346329212188721e-01
-8.865595795214176178e-03
-6.988695263862609863e-01
-7.724775075912475586e-01
-6.613924503326416016e-01
-8.320561051368713379e-01
-1.014196038246154785e+00
4.497186839580535889e-01
-6.754708290100097656e-01
9.806481599807739258e-01
1.044420957565307617e+00
-5.271473526954650879e-01
3.118168711662292480e-01
2.972185313701629639e-01
-2.360145598649978638e-01
5.597199797630310059e-01
5.318732857704162598e-01
-3.175742328166961670e-01
-3.662322163581848145e-01
-9.778363704681396484e-01
-1.550263881683349609e+00
7.891039848327636719e-01
-2.361187696456909180e+00
1.590819120407104492e+00
2.303141355514526367e+00
-1.708665490150451660e+00
-8.459928631782531738e-01
-3.440945148468017578e-01
2.040676832199096680e+00
5.176863074302673340e-01
6.913450956344604492e-01
8.330945372581481934e-01
-1.124292135238647461e+00
-8.052703142166137695e-01
5.659629702568054199e-01
-2.673644423484802246e-01
2.062096834182739258e+00
9.527865648269653320e-01
1.249900102615356445e+00
-3.182174265384674072e-02
1.570735454559326172e+00
1.951970219612121582e+00
2.286760807037353516e+00
1.632183790206909180e+00
2.072759389877319336e+00
1.317015647888183594e+00
-2.810913324356079102e-01
-5.433729290962219238e-01
1.734603643417358398e+00
2.504924833774566650e-01
-6.218163967132568359e-01
-1.079548954963684082e+00
1.299364924430847168e+00
9.243652224540710449e-01
-1.381662368774414062e+00
-2.909244298934936523e-01
3.464953422546386719e+00
-7.851572632789611816e-01
-8.595271110534667969e-01
-4.666204452514648438e-01
-9.465115666389465332e-01
