-1.471301466226577759e-01
-1.218136668205261230e+00
8.876202106475830078e-01
4.248017370700836182e-01
7.670994997024536133e-01
1.061832666397094727e+00
-5.729342699050903320e-01
-1.067071557044982910e+00
-4.528128802776336670e-01
4.558843076229095459e-01
1.265090584754943848e+00
9.829424619674682617e-01
-3.960406780242919922e-01
7.550182938575744629e-01
8.224992156028747559e-01
7.825752496719360352e-01
-1.197109460830688477e+00
9.115798473358154297e-01
-1.019268393516540527e+00
-1.451892256736755371e-01
-2.469216138124465942e-01
-7.173309326171875000e-01
4.524300992488861084e-02
2.430185079574584961e+00
-4.649088159203529358e-02
2.985641062259674072e-01
1.412333011627197266e+00
-2.279303312301635742e+00
1.910708665847778320e+00
-1.753707408905029297e+00
1.988545209169387817e-01
3.117782354354858398e+00
-1.386300206184387207e+00
-2.620295524597167969e+00
-2.108394145965576172e+00
-1.735598444938659668e+00
-1.170302867889404297e+00
-1.245489239692687988e+00
5.614196658134460449e-01
-1.554962545633316040e-01
-1.059096336364746094e+00
-3.858118951320648193e-01
7.812125086784362793e-01
1.745326042175292969e+00
1.011436223983764648e+00
-8.358053863048553467e-02
-1.724848031997680664e+00
1.309743523597717285e+00
-1.814003944396972656e+00
2.222878694534301758e+00
-5.170667767524719238e-01
-1.324623703956604004e+00
-1.224969744682312012e+00
-2.505139827728271484e+00
-1.297398447990417480e+00
-1.671026587486267090e+00
6.483553051948547363e-01
-4.795639812946319580e-01
1.813447773456573486e-01
-1.400661230087280273e+00
-7.300574779510498047e-01
