8.934881091117858887e-01
5.473433732986450195e-01
-7.679839134216308594e-01
-3.505492210388183594e-01
-2.440523654222488403e-01
3.232927620410919189e-01
-5.892993211746215820e-01
-8.366041779518127441e-01
4.570429623126983643e-01
-8.368844985961914062e-01
-6.762276291847229004e-01
-1.156571388244628906e+00
-1.632906645536422729e-01
8.727800250053405762e-01
8.096737265586853027e-01
-2.391586303710937500e-01
-6.462063789367675781e-01
-9.123022556304931641e-01
9.283801317214965820e-01
-2.575602941215038300e-02
6.637190580368041992e-01
1.143546253442764282e-01
-7.207615673542022705e-02
1.486507415771484375e+00
6.596945524215698242e-01
-1.467870950698852539e+00
4.164149165153503418e-01
2.796968460083007812e+00
2.245453357696533203e+00
-2.413786888122558594e+00
8.823371529579162598e-01
-7.448533773422241211e-01
3.644240275025367737e-02
1.376140952110290527e+00
1.463167071342468262e+00
9.771203398704528809e-01
-6.816502213478088379e-01
-3.583381474018096924e-01
-2.100646257400512695e+00
-7.010887861251831055e-01
5.514444708824157715e-01
8.495857119560241699e-01
-7.236741781234741211e-01
-1.442648768424987793e+00
-1.790769219398498535e+00
1.307426929473876953e+00
-3.194248676300048828e-01
2.105326414108276367e+00
2.681681632995605469e+00
1.595968842506408691e+00
9.091081023216247559e-01
4.429487884044647217e-01
-5.729487538337707520e-01
-1.037849783897399902e+00
-9.242531061172485352e-01
-9.420529603958129883e-01
-7.115107774734497070e-01
3.650599122047424316e-01
-1.402774930000305176e+00
-1.212883591651916504e+00
-4.529391825199127197e-01
