-4.179684817790985107e-01
6.824992299079895020e-01
-7.052248716354370117e-02
-9.419298171997070312e-01
6.402726173400878906e-01
-4.156195223331451416e-01
-1.049904227256774902e-01
-7.166909575462341309e-01
4.231450334191322327e-02
-1.035475969314575195e+00
-8.734567761421203613e-01
-9.885086417198181152e-01
-1.044042944908142090e+00
-9.670212864875793457e-01
8.519639372825622559e-01
-1.047851800918579102e+00
2.410728782415390015e-01
-4.764477312564849854e-01
-4.781383872032165527e-01
9.900534152984619141e-01
1.744541168212890625e+00
3.576111793518066406e-01
7.942805886268615723e-01
-2.080697774887084961e+00
4.491852223873138428e-01
1.817316770553588867e+00
-2.129944562911987305e-01
-5.453798174858093262e-01
2.028694599866867065e-01
-3.169898986816406250e+00
7.972407341003417969e-01
3.684082508087158203e+00
-1.508965015411376953e+00
-4.389305710792541504e-01
-3.830465078353881836e-01
2.843388557434082031e+00
-8.878502249717712402e-01
-4.104729741811752319e-02
-2.668028354644775391e+00
-1.755701303482055664e+00
-2.133056879043579102e+00
1.543357372283935547e-01
-1.031658530235290527e+00
1.470275998115539551e+00
1.817784458398818970e-01
-1.832975029945373535e+00
-5.369596481323242188e-01
-5.939800292253494263e-02
4.320833384990692139e-01
9.896616935729980469e-01
2.001046016812324524e-02
1.940683722496032715e+00
6.058253645896911621e-01
-1.822552084922790527e-01
1.107182621955871582e+00
1.908014774322509766e+00
1.240329980850219727e+00
-4.072574377059936523e-01
-3.861962318420410156e+00
-9.284827709197998047e-01
-6.755995750427246094e-01
