1.150595307350158691e+00
-7.244299650192260742e-01
-1.248505949974060059e+00
-1.507562398910522461e+00
1.121589660644531250e+00
9.066393375396728516e-01
8.680446147918701172e-01
9.901068806648254395e-01
7.280880808830261230e-01
1.206294000148773193e-01
-1.103765726089477539e+00
1.031550168991088867e+00
1.019687175750732422e+00
7.943847179412841797e-01
2.513372302055358887e-01
1.829377859830856323e-01
8.835108876228332520e-01
1.190008074045181274e-01
-1.146433591842651367e+00
-3.805711865425109863e-01
2.973796725273132324e-01
-2.024530172348022461e+00
-9.919294714927673340e-01
3.018774278461933136e-02
-9.304260015487670898e-01
1.202369213104248047e+00
-2.676572799682617188e+00
-1.885800600051879883e+00
-8.650475144386291504e-01
1.904361993074417114e-01
-1.195848226547241211e+00
8.015461564064025879e-01
8.183109164237976074e-01
1.510855674743652344e+00
1.513560295104980469e+00
1.041690483689308167e-01
1.590919494628906250e+00
2.151202112436294556e-01
-7.027826905250549316e-01
1.988034844398498535e+00
2.142206728458404541e-01
1.825104713439941406e+00
-8.160154819488525391e-01
-2.424888461828231812e-01
-2.346302866935729980e-01
-1.400213718414306641e+00
-1.368243813514709473e+00
-1.133260130882263184e+00
8.208758831024169922e-01
2.382090806961059570e+00
-7.840204238891601562e-01
-2.405820786952972412e-01
-5.303196310997009277e-01
-1.146034240722656250e+00
2.796101093292236328e+00
3.547323644161224365e-01
1.150136351585388184e+00
1.574069738388061523e+00
4.315590858459472656e-01
-1.745403409004211426e+00
-1.399906873703002930e+00
