5.131388902664184570e-01
-7.759051322937011719e-01
-7.531008720397949219e-01
2.916717231273651123e-01
3.012197911739349365e-01
-8.549609184265136719e-01
7.392787337303161621e-01
1.511012762784957886e-01
2.268201410770416260e-01
9.323956370353698730e-01
-8.451965451240539551e-01
-7.514052391052246094e-01
-3.451492488384246826e-01
1.025597810745239258e+00
8.451882600784301758e-01
-1.107844829559326172e+00
-8.914338946342468262e-01
-7.263671159744262695e-01
3.849184215068817139e-01
-7.629067301750183105e-01
9.185019135475158691e-02
5.500305294990539551e-01
-2.491049051284790039e+00
-1.901195764541625977e+00
1.116364240646362305e+00
-8.516454696655273438e-01
-1.904359459877014160e+00
-1.128385439515113831e-01
8.829193115234375000e-01
2.409557998180389404e-01
-7.394495606422424316e-02
2.116335391998291016e+00
-1.888763666152954102e+00
1.025105595588684082e+00
-1.280861854553222656e+00
-1.108406066894531250e+00
-5.906035304069519043e-01
1.165641665458679199e+00
-1.197567343711853027e+00
-1.705895066261291504e+00
-1.266649514436721802e-01
-2.642443478107452393e-01
1.835657358169555664e+00
3.428776264190673828e+00
1.436975598335266113e+00
9.331975579261779785e-01
-1.325173497200012207e+00
2.302022695541381836e+00
9.845603704452514648e-01
4.725521504878997803e-01
-3.212697505950927734e-01
9.430426359176635742e-01
-1.849326133728027344e+00
1.813832044601440430e+00
-6.530249714851379395e-01
8.304952979087829590e-01
2.596741914749145508e-01
3.313220441341400146e-01
9.770297408103942871e-01
1.491148710250854492e+00
1.188471913337707520e+00
