7.702980637550354004e-01
8.617088794708251953e-01
-8.486482501029968262e-01
9.222404360771179199e-01
-7.448461651802062988e-01
-5.657953619956970215e-01
-9.289154410362243652e-01
-8.889235854148864746e-01
8.350222110748291016e-01
-4.778303951025009155e-02
8.333348631858825684e-01
-8.322315812110900879e-01
7.986615300178527832e-01
-2.542544901371002197e-01
8.970632553100585938e-01
-1.065516352653503418e+00
-8.630675077438354492e-01
-7.959410548210144043e-01
-1.995524913072586060e-01
-5.633761286735534668e-01
-3.353931307792663574e-01
1.274016618728637695e+00
1.721858382225036621e+00
2.307182550430297852e+00
-1.041968584060668945e+00
2.348161220550537109e+00
-1.754244118928909302e-01
1.128272652626037598e+00
5.932615399360656738e-01
7.482159733772277832e-01
4.086994826793670654e-01
2.658289194107055664e+00
1.079750418663024902e+00
5.274536460638046265e-02
3.252288103103637695e+00
7.307178527116775513e-02
-9.151977896690368652e-01
-9.751792550086975098e-01
-8.861597180366516113e-01
-2.506916999816894531e+00
-4.400167614221572876e-02
-7.266443967819213867e-01
2.109012842178344727e+00
-1.933367490768432617e+00
-1.472379326820373535e+00
-3.444993734359741211e+00
-3.246163129806518555e-01
1.358214318752288818e-01
-2.436179071664810181e-01
-2.235249280929565430e+00
6.189463734626770020e-01
1.801099777221679688e+00
-7.531322836875915527e-01
-9.917221069335937500e-01
-2.158399581909179688e+00
-3.451324999332427979e-01
-1.063291549682617188e+00
7.666588425636291504e-01
-2.119049787521362305e+00
-2.689871072769165039e+00
1.006343960762023926e+00
