-9.584688544273376465e-01
4.401907920837402344e-01
-8.473682999610900879e-01
-8.545834422111511230e-01
-2.851653993129730225e-01
8.861986994743347168e-01
9.569049477577209473e-01
-5.705510377883911133e-01
-8.245299458503723145e-01
4.218474030494689941e-01
6.984124183654785156e-01
-7.021805644035339355e-01
-2.233011871576309204e-01
1.056632995605468750e+00
-8.888970613479614258e-01
9.507555961608886719e-01
8.687227368354797363e-01
5.788832306861877441e-01
-6.484401822090148926e-01
-3.447912335395812988e-01
-1.904277920722961426e+00
1.162251114845275879e+00
1.971835255622863770e+00
3.045058012008666992e+00
9.767920970916748047e-01
2.098140239715576172e+00
3.310296535491943359e-01
-1.705110311508178711e+00
2.039618015289306641e+00
1.936362624168395996e+00
5.958574414253234863e-01
2.656347453594207764e-01
-1.101310968399047852e+00
-1.316959857940673828e+00
-2.903482675552368164e+00
-1.027957558631896973e+00
-1.114435791969299316e-01
-2.081587314605712891e+00
1.213215887546539307e-01
7.867413759231567383e-01
8.058550953865051270e-01
2.057835012674331665e-01
1.054950594902038574e+00
2.275382757186889648e+00
-3.151900053024291992e+00
-8.933656811714172363e-01
3.742503523826599121e-01
-1.200370907783508301e+00
1.417423486709594727e+00
1.232380032539367676e+00
-5.054641962051391602e-01
3.976166248321533203e-01
-2.059170961380004883e+00
-6.456033587455749512e-01
1.686051249504089355e+00
6.486711502075195312e-01
5.924644470214843750e-01
2.110593795776367188e+00
1.349953711032867432e-01
-9.060626626014709473e-01
-4.763762950897216797e-01
