-4.455358982086181641e-01
-9.860392808914184570e-01
2.844852507114410400e-01
7.731163501739501953e-01
4.282783269882202148e-01
-9.608987569808959961e-01
-7.318474054336547852e-01
7.532165646553039551e-01
1.014534354209899902e+00
1.733949631452560425e-01
-8.857827186584472656e-01
7.465335130691528320e-01
1.050749778747558594e+00
7.211584132164716721e-03
3.014021813869476318e-01
-8.789167404174804688e-01
7.151968479156494141e-01
-6.315819025039672852e-01
7.967932224273681641e-01
-6.659395098686218262e-01
-2.172309875488281250e+00
-2.407463639974594116e-01
1.414821624755859375e+00
1.111258387565612793e+00
-1.211707115173339844e+00
-5.826826095581054688e-01
-1.604353904724121094e+00
-1.487094283103942871e+00
1.147530436515808105e+00
6.831406950950622559e-01
1.141831040382385254e+00
2.475505113601684570e+00
7.128496766090393066e-01
-6.657427549362182617e-01
-1.506248474121093750e+00
-1.336883306503295898e-01
8.493401408195495605e-01
2.925477027893066406e-01
-2.194254636764526367e+00
-2.261317521333694458e-01
-1.955347418785095215e+00
-2.834297120571136475e-01
1.298323035240173340e+00
-3.162367939949035645e-01
7.791224718093872070e-01
5.883652344346046448e-02
8.909587264060974121e-01
-1.335581302642822266e+00
8.222749829292297363e-01
6.614447236061096191e-01
2.550798058509826660e-01
-1.884220600128173828e+00
-1.802716106176376343e-01
6.144767403602600098e-01
3.535582780838012695e+00
-7.443934082984924316e-01
-4.285500645637512207e-01
-6.517668813467025757e-02
-1.373774051666259766e+00
-1.311556696891784668e-01
8.116266727447509766e-01
