-2.910800874233245850e-01
-6.196046471595764160e-01
-7.736106514930725098e-01
3.940408229827880859e-01
8.731344938278198242e-01
-1.013609528541564941e+00
-9.185270667076110840e-01
9.399164915084838867e-01
7.800258398056030273e-01
-7.898238897323608398e-01
7.916747331619262695e-01
1.149101257324218750e+00
8.601149171590805054e-02
3.612162470817565918e-01
3.263552188873291016e-01
6.613937020301818848e-01
-8.961842656135559082e-01
-9.422112107276916504e-01
9.449639916419982910e-01
-1.091553211212158203e+00
-9.848816394805908203e-01
-7.632938623428344727e-01
1.629135966300964355e+00
1.804506063461303711e+00
-3.148753404617309570e+00
1.052224397659301758e+00
6.841176152229309082e-01
2.641703128814697266e+00
1.124026060104370117e+00
1.999359846115112305e+00
3.382948040962219238e-01
8.246861100196838379e-01
-1.096335887908935547e+00
1.539793014526367188e+00
1.307565927505493164e+00
-2.934356212615966797e+00
-3.225287914276123047e+00
-2.009688854217529297e+00
-2.403555363416671753e-01
-6.335684061050415039e-01
-1.062156677246093750e+00
4.467922449111938477e-01
1.421973824501037598e+00
2.148239374160766602e+00
-1.019424080848693848e+00
1.302349418401718140e-01
-3.489266335964202881e-01
-1.633194446563720703e+00
-4.894103705883026123e-01
1.256085634231567383e+00
1.096989631652832031e+00
5.177116766571998596e-02
1.059347867965698242e+00
1.607346177101135254e+00
1.771329402923583984e+00
3.245599985122680664e+00
1.580549359321594238e+00
1.191318988800048828e+00
6.784724593162536621e-01
-2.007909417152404785e-01
-2.937674820423126221e-01
