9.078263044357299805e-01
-2.597745656967163086e-01
-1.063349962234497070e+00
-1.227302670478820801e+00
-6.361307501792907715e-01
8.950424194335937500e-01
-7.645694017410278320e-01
-5.050798654556274414e-01
7.308813929557800293e-01
7.664159536361694336e-01
1.276720643043518066e+00
-7.070842385292053223e-01
8.721637725830078125e-01
4.389789998531341553e-01
9.753965735435485840e-01
8.819534182548522949e-01
4.278679788112640381e-01
8.199241161346435547e-01
-9.061331748962402344e-01
-8.928524851799011230e-01
3.740805685520172119e-01
6.547730565071105957e-01
-6.635092496871948242e-01
-6.091359853744506836e-01
1.625926256179809570e+00
-1.576172709465026855e-01
-3.788725435733795166e-01
-2.086202621459960938e+00
-2.785665988922119141e-01
-2.128222942352294922e+00
6.043860316276550293e-01
1.210532903671264648e+00
9.930677413940429688e-01
-2.101888656616210938e+00
1.865686058998107910e+00
1.422053575515747070e+00
-1.854051828384399414e+00
-3.090811729431152344e+00
-2.641811847686767578e+00
1.116443276405334473e+00
6.600294113159179688e-01
-1.533704638481140137e+00
-1.027245223522186279e-01
3.242078423500061035e-01
1.195795893669128418e+00
8.840410113334655762e-01
-9.654383361339569092e-02
-3.997480869293212891e+00
2.827690541744232178e-01
-1.696896433830261230e+00
-1.567686349153518677e-01
6.566262245178222656e-01
-4.560443162918090820e-01
2.063500404357910156e+00
-1.051467895507812500e+00
-8.557861447334289551e-01
2.717399358749389648e+00
-2.540005683898925781e+00
1.722568869590759277e+00
-1.188527822494506836e+00
-1.497062295675277710e-01
