-7.302669286727905273e-01
-3.860587179660797119e-01
9.908756613731384277e-01
4.805234372615814209e-01
1.019639372825622559e+00
-9.438989758491516113e-01
-6.623976230621337891e-01
-1.005462527275085449e+00
3.446258902549743652e-01
-4.607428312301635742e-01
-1.916444450616836548e-01
9.721105694770812988e-01
1.106019139289855957e+00
-1.080990314483642578e+00
9.223080277442932129e-01
-9.297258257865905762e-01
-7.938390374183654785e-01
2.735587954521179199e-01
-9.710410833358764648e-01
-9.147509932518005371e-01
4.893145859241485596e-01
-8.307668566703796387e-01
1.228588581085205078e+00
2.112557649612426758e+00
-1.443454027175903320e+00
-6.974417567253112793e-01
1.748945951461791992e+00
-1.124847888946533203e+00
-1.664494752883911133e+00
-1.848207712173461914e+00
-1.011326443403959274e-02
8.212808370590209961e-01
5.550690293312072754e-01
2.480831861495971680e+00
7.219182252883911133e-01
2.937708377838134766e+00
-2.584359884262084961e+00
-4.166365563869476318e-01
-2.153956174850463867e+00
-6.359910368919372559e-01
-6.404914259910583496e-01
-3.090032339096069336e-01
-1.118780493736267090e+00
2.380274772644042969e+00
-1.485727429389953613e+00
4.190500676631927490e-01
-9.794325828552246094e-01
-1.499338150024414062e+00
3.290013074874877930e+00
-1.671073555946350098e+00
-1.266001343727111816e+00
-6.210441589355468750e-01
1.131255984306335449e+00
1.780129551887512207e+00
-3.193787336349487305e-01
2.228425502777099609e+00
2.760046720504760742e+00
3.266097784042358398e+00
1.560545444488525391e+00
4.197394251823425293e-01
7.609906196594238281e-01
