8.713903427124023438e-01
-1.029424190521240234e+00
8.404589295387268066e-01
5.524178147315979004e-01
-6.490178704261779785e-01
4.614273011684417725e-01
9.853612184524536133e-01
-4.577782452106475830e-01
-7.196338176727294922e-01
-8.788694143295288086e-01
6.687757372856140137e-01
-3.245341777801513672e-01
-8.585448861122131348e-01
-7.955921888351440430e-01
7.840422391891479492e-01
8.430819511413574219e-01
7.399511933326721191e-01
8.843116760253906250e-01
5.506669282913208008e-01
1.074244379997253418e+00
2.369380235671997070e+00
-9.284673929214477539e-01
1.349398970603942871e+00
-2.720118045806884766e+00
5.169112086296081543e-01
2.859080076217651367e+00
-2.386993646621704102e+00
-1.575659275054931641e+00
7.186159491539001465e-01
2.019934654235839844e+00
-3.127720952033996582e-01
-2.281290531158447266e+00
2.975820779800415039e+00
1.195745706558227539e+00
-5.129621028900146484e-01
-5.762019753456115723e-01
2.186623573303222656e+00
-1.864331960678100586e+00
8.963699340820312500e-01
1.877657294273376465e+00
-1.610553503036499023e+00
2.292817085981369019e-01
-8.259438872337341309e-01
2.792778968811035156e+00
-5.549410730600357056e-02
4.114511489868164062e+00
-2.001084804534912109e+00
-2.220488786697387695e+00
5.571144819259643555e-02
-2.073766708374023438e+00
2.156627416610717773e+00
1.534971952438354492e+00
1.780707120895385742e+00
7.099622488021850586e-01
1.537675559520721436e-01
-1.264266371726989746e-01
-1.365537524223327637e+00
-9.033309221267700195e-01
1.636010646820068359e+00
-7.529878616333007812e-01
-1.383000254631042480e+00
