1.766621768474578857e-01
7.251447439193725586e-01
8.546916246414184570e-01
-8.557148575782775879e-01
9.136969447135925293e-01
-4.279969334602355957e-01
3.028437197208404541e-01
-9.320488572120666504e-01
-4.993394017219543457e-01
-7.681584954261779785e-01
6.543895602226257324e-01
9.703247547149658203e-01
8.459772467613220215e-01
1.235642910003662109e+00
-1.111670613288879395e+00
4.554410278797149658e-01
1.048215389251708984e+00
-7.591346502304077148e-01
-1.836188435554504395e-01
-4.715956747531890869e-01
-4.150334000587463379e-01
-3.382309973239898682e-01
1.573410749435424805e+00
2.426793098449707031e+00
1.563563346862792969e-01
-2.041333615779876709e-01
1.336686491966247559e+00
2.388259887695312500e+00
-1.625641822814941406e+00
-2.593708753585815430e+00
-3.662849068641662598e-01
2.544087648391723633e+00
-2.909272193908691406e+00
-3.458802103996276855e-01
-1.728901505470275879e+00
4.222279489040374756e-01
-6.775601506233215332e-01
1.059470772743225098e+00
1.197227478027343750e+00
2.084066629409790039e+00
2.959852516651153564e-01
4.701602160930633545e-01
-1.101490974426269531e+00
-1.616396784782409668e+00
6.367884874343872070e-01
2.036280483007431030e-01
4.755775451660156250e+00
2.342755079269409180e+00
-1.283476471900939941e+00
1.904887318611145020e+00
-6.575935482978820801e-01
-1.254601120948791504e+00
-2.259214878082275391e+00
2.575901150703430176e-02
3.096825480461120605e-01
5.209812521934509277e-01
5.713779926300048828e-01
5.484942197799682617e-01
-8.719486594200134277e-01
-3.201256513595581055e+00
-4.447335302829742432e-01
