1.893643885850906372e-01
-1.000239729881286621e+00
2.351708412170410156e-01
-1.086788415908813477e+00
9.840924143791198730e-01
-2.244484126567840576e-01
-7.777372002601623535e-01
-1.001830339431762695e+00
1.972504109144210815e-01
-8.196313381195068359e-01
-1.955694705247879028e-01
8.809584975242614746e-01
8.604966402053833008e-01
3.596395850181579590e-01
9.239890575408935547e-01
-8.554186224937438965e-01
-1.483571529388427734e-01
-8.858238458633422852e-01
4.805460870265960693e-01
-2.520243525505065918e-01
5.048166513442993164e-01
5.474728718400001526e-02
8.311935663223266602e-01
1.499557137489318848e+00
-2.274845838546752930e+00
1.551061421632766724e-01
-1.481287598609924316e+00
-1.625292897224426270e+00
-1.071247458457946777e+00
1.890504837036132812e+00
-1.015749424695968628e-01
3.040739774703979492e+00
-2.868473291397094727e+00
1.620733499526977539e+00
2.331362962722778320e+00
-2.207997083663940430e+00
6.656306982040405273e-01
8.359915614128112793e-01
-1.826031446456909180e+00
-9.722263813018798828e-01
1.336857199668884277e+00
-2.856033444404602051e-01
2.792761325836181641e+00
7.530831098556518555e-01
-1.243042826652526855e+00
-2.009942531585693359e+00
3.776957988739013672e-01
1.051061153411865234e+00
2.090257883071899414e+00
1.612577438354492188e+00
-1.215695738792419434e+00
-1.841256022453308105e+00
-2.282099962234497070e+00
1.601906657218933105e+00
-1.329190611839294434e+00
1.194790244102478027e+00
-1.970092296600341797e+00
1.648503690958023071e-01
2.863013029098510742e+00
-1.813370227813720703e+00
2.552955746650695801e-01
