1.182929992675781250e+00
-1.010518908500671387e+00
9.264960885047912598e-01
-3.395889699459075928e-02
-8.146643638610839844e-02
1.787464618682861328e-01
8.422549366950988770e-01
-1.601241111755371094e+00
1.316046595573425293e+00
5.731675028800964355e-01
-5.302854254841804504e-02
-3.358025550842285156e-01
1.520525336265563965e+00
1.086662530899047852e+00
-1.502661034464836121e-02
-9.613171219825744629e-01
1.281755208969116211e+00
-5.729244351387023926e-01
-5.419065356254577637e-01
-8.978745937347412109e-01
-8.663294315338134766e-01
3.645115852355957031e+00
2.847866535186767578e+00
-7.710623145103454590e-01
1.720108278095722198e-02
-1.114682793617248535e+00
-1.150680661201477051e+00
-2.095592767000198364e-01
-9.472652077674865723e-01
-4.819022417068481445e-01
1.997172087430953979e-01
1.760300159454345703e+00
1.917158067226409912e-01
-2.794699907302856445e+00
4.440630078315734863e-01
1.466943979263305664e+00
1.138163566589355469e+00
2.249557018280029297e+00
-2.807625770568847656e+00
-1.837957382202148438e+00
-1.551956236362457275e-01
1.656904816627502441e+00
-1.286698937416076660e+00
-2.118318080902099609e+00
-1.051561474800109863e+00
1.053282618522644043e+00
-3.896544873714447021e-01
-2.514357268810272217e-01
7.735637426376342773e-01
1.538175791501998901e-01
-1.214833378791809082e+00
-1.599712371826171875e+00
2.350220829248428345e-01
-1.573039889335632324e+00
-1.006864786148071289e+00
4.473835825920104980e-01
3.436382710933685303e-01
-1.949887990951538086e+00
-2.526043415069580078e+00
1.286272883415222168e+00
-2.848866879940032959e-01
