2.456554323434829712e-01
3.525721728801727295e-01
-7.444641590118408203e-01
-6.467870473861694336e-01
5.164474844932556152e-01
1.031337022781372070e+00
-1.003438353538513184e+00
9.671318531036376953e-01
-1.129644751548767090e+00
-2.323615252971649170e-01
-1.155193373560905457e-01
-9.620533585548400879e-01
-3.666547536849975586e-01
9.281958937644958496e-01
-6.534284353256225586e-02
-1.142394989728927612e-01
9.251288175582885742e-01
1.014451503753662109e+00
-5.371952652931213379e-01
-3.197231888771057129e-01
1.439146995544433594e+00
-1.589486241340637207e+00
1.345912337303161621e+00
7.734021544456481934e-01
-1.751682519912719727e+00
-4.032238423824310303e-01
2.219105005264282227e+00
1.924268722534179688e+00
1.448598653078079224e-01
1.244440197944641113e+00
-2.724553942680358887e-01
3.164749145507812500e+00
1.307197332382202148e+00
-1.077534109354019165e-01
1.687681078910827637e-01
3.905467689037322998e-01
2.837654829025268555e+00
-1.073075771331787109e+00
-1.594434529542922974e-01
-1.473197817802429199e+00
2.592331171035766602e+00
1.824240088462829590e+00
7.509352564811706543e-01
-1.370484113693237305e+00
-9.827993512153625488e-01
4.553455114364624023e-02
1.791351437568664551e+00
-1.799211144447326660e+00
-5.196319818496704102e-01
-1.353372335433959961e+00
-1.152061700820922852e+00
1.798774957656860352e+00
-2.231646537780761719e+00
4.564522579312324524e-02
-2.047480106353759766e+00
-1.366333365440368652e+00
-1.823413729667663574e+00
-5.812307596206665039e-01
2.698280215263366699e-01
-2.516492605209350586e+00
-4.186730980873107910e-01
