-6.367154419422149658e-02
4.343653321266174316e-01
-3.803637921810150146e-01
9.226158261299133301e-01
-7.702251076698303223e-01
5.315240621566772461e-01
-1.851868480443954468e-01
-8.310567140579223633e-01
9.990594983100891113e-01
6.105786561965942383e-01
6.935025453567504883e-01
8.257361650466918945e-01
-4.076865017414093018e-01
8.467233180999755859e-01
7.816430330276489258e-01
5.825960636138916016e-01
5.300837755203247070e-01
-3.241472542285919189e-01
9.692263603210449219e-02
-1.055811882019042969e+00
3.861066699028015137e-01
-3.907247483730316162e-01
-1.695406675338745117e+00
-2.704554080963134766e+00
-7.471653819084167480e-01
6.224255561828613281e-01
-2.957068681716918945e-01
-1.936141729354858398e+00
-1.921244025230407715e+00
1.092734575271606445e+00
3.075154125690460205e-01
-6.295996308326721191e-01
-1.896020412445068359e+00
2.533389627933502197e-01
2.680186748504638672e+00
4.570174813270568848e-01
-2.465668201446533203e+00
-1.336750626564025879e+00
-1.851128637790679932e-01
1.876680999994277954e-01
-7.250174880027770996e-01
7.869244366884231567e-02
-1.764272809028625488e+00
-1.678173065185546875e+00
-1.242401480674743652e+00
7.511696964502334595e-02
-1.380738615989685059e+00
1.916750669479370117e+00
-1.479151606559753418e+00
-6.201928257942199707e-01
-4.900922179222106934e-01
-3.770441114902496338e-01
-2.173121929168701172e+00
1.187447071075439453e+00
-2.970799207687377930e+00
-7.664058804512023926e-01
2.971594572067260742e+00
-1.418547630310058594e+00
1.591184258460998535e+00
-5.554701685905456543e-01
2.186553925275802612e-02
