-2.118650078773498535e-01
1.093752980232238770e+00
6.844965219497680664e-01
1.464105844497680664e+00
1.245750308036804199e+00
6.557294130325317383e-01
9.092259407043457031e-01
-1.022726178169250488e+00
9.870893359184265137e-01
-8.782797455787658691e-01
-1.089458584785461426e+00
-9.522153735160827637e-01
-2.545350193977355957e-01
1.319731324911117554e-01
-1.652172327041625977e+00
1.552076190710067749e-01
1.263266324996948242e+00
-3.992160558700561523e-01
1.512609243392944336e+00
4.980063736438751221e-01
1.292716860771179199e+00
1.209424376487731934e+00
-3.340471386909484863e-01
-1.042849063873291016e+00
6.168830394744873047e-01
1.253037333488464355e+00
3.211985111236572266e+00
-2.012545347213745117e+00
2.588546752929687500e+00
-3.065401129424571991e-02
2.115926027297973633e+00
2.815212249755859375e+00
-8.189357519149780273e-01
3.497574031352996826e-01
1.637950778007507324e+00
1.775053590536117554e-01
-5.706492066383361816e-01
1.502735972404479980e+00
-8.548492789268493652e-01
2.483724117279052734e+00
-3.116392850875854492e+00
-2.907210588455200195e-01
-3.209443390369415283e-01
8.932655453681945801e-01
3.980797827243804932e-01
1.686660766601562500e+00
-1.994224667549133301e+00
1.331953883171081543e+00
-1.738369822502136230e+00
-2.174259871244430542e-01
1.721623778343200684e+00
1.998221993446350098e+00
-2.504907846450805664e+00
8.626666069030761719e-01
5.732925534248352051e-01
7.517703771591186523e-01
3.173850476741790771e-01
-2.891932249069213867e+00
-7.051556110382080078e-01
2.144348144531250000e+00
1.155478239059448242e+00
