-9.196166396141052246e-01
-8.652608394622802734e-01
9.039351940155029297e-01
7.599779367446899414e-01
-4.715958237648010254e-01
-9.080639481544494629e-01
-1.007805585861206055e+00
-8.708923459053039551e-01
-7.503299117088317871e-01
1.402591615915298462e-01
7.295297384262084961e-01
3.095171749591827393e-01
2.291336804628372192e-01
8.562405109405517578e-01
-2.263049185276031494e-01
7.131555080413818359e-01
8.391081094741821289e-01
-7.776793837547302246e-01
1.806882768869400024e-01
-2.279404401779174805e-01
-2.007753610610961914e+00
-1.496830582618713379e-01
2.930269837379455566e-01
-1.147043824195861816e+00
-2.238354682922363281e+00
3.002553701400756836e+00
2.331384420394897461e+00
3.058757185935974121e-01
-3.343689739704132080e-01
-3.930791020393371582e-01
-1.681547164916992188e+00
-1.517947554588317871e+00
-1.055388450622558594e+00
1.282718896865844727e+00
1.013852953910827637e+00
-1.278564333915710449e+00
2.716545343399047852e+00
-5.505312681198120117e-01
7.145202755928039551e-01
-1.163012623786926270e+00
1.422362208366394043e+00
3.464913964271545410e-01
8.686959147453308105e-01
-7.685047984123229980e-01
-1.962471723556518555e+00
2.043303012847900391e+00
1.717770576477050781e+00
-7.453272938728332520e-01
-2.249882072210311890e-01
1.140821576118469238e+00
1.427257299423217773e+00
1.416212916374206543e+00
1.281237483024597168e+00
-2.296823263168334961e-01
-2.870333194732666016e+00
-9.114598631858825684e-01
-1.794872403144836426e+00
4.843817353248596191e-01
9.689832925796508789e-01
-1.870788216590881348e+00
5.750253796577453613e-01
