-8.518851995468139648e-01
-7.596186995506286621e-01
9.266799092292785645e-01
-8.025295138359069824e-01
-9.956611394882202148e-01
4.344081878662109375e-02
8.143911361694335938e-01
4.425463676452636719e-01
1.160982012748718262e+00
-8.630421161651611328e-01
9.448781013488769531e-01
8.690981268882751465e-01
4.112483561038970947e-01
1.026791334152221680e+00
1.655997335910797119e-01
-7.557289600372314453e-01
9.597458690404891968e-02
-2.089278399944305420e-01
-9.770740270614624023e-01
5.602267012000083923e-02
2.563229799270629883e+00
1.294907808303833008e+00
8.044739961624145508e-01
2.153992176055908203e+00
-3.261779069900512695e+00
-1.434995830059051514e-01
-1.448240995407104492e+00
2.339616298675537109e+00
-5.086180940270423889e-02
1.669632911682128906e+00
-1.655142903327941895e+00
-5.859984159469604492e-01
-2.454171180725097656e+00
2.609337866306304932e-01
8.900710940361022949e-02
1.225153088569641113e+00
-1.994646042585372925e-01
-1.215038061141967773e+00
-2.174638986587524414e+00
-5.124458074569702148e-01
1.391898393630981445e+00
-1.223823428153991699e+00
-3.299763798713684082e-01
1.040601134300231934e+00
1.275956869125366211e+00
7.245226502418518066e-01
1.762720108032226562e+00
2.304213762283325195e+00
5.874163284897804260e-02
9.933391809463500977e-01
-2.033190250396728516e+00
1.344832628965377808e-01
3.562878370285034180e+00
7.790699005126953125e-01
2.491818666458129883e+00
3.546512126922607422e-01
1.202452898025512695e+00
-6.653459668159484863e-01
1.647888183593750000e+00
7.031353116035461426e-01
1.270958185195922852e+00
