9.322774410247802734e-01
9.166557788848876953e-01
4.197480380535125732e-01
7.435563802719116211e-01
-1.048601031303405762e+00
-3.268430829048156738e-01
-1.152823328971862793e+00
6.414960026741027832e-01
-1.032514095306396484e+00
-5.506626963615417480e-01
7.851272821426391602e-01
9.347268342971801758e-01
8.978558182716369629e-01
5.999519824981689453e-01
-3.815389275550842285e-01
-5.513375997543334961e-01
9.033078551292419434e-01
8.988158106803894043e-01
9.436735510826110840e-01
3.085242211818695068e-01
2.560048580169677734e+00
1.933394551277160645e+00
1.328006267547607422e+00
-2.487630844116210938e+00
2.571579217910766602e+00
1.987125277519226074e+00
1.566531777381896973e+00
1.292746782302856445e+00
3.417486429214477539e+00
-2.664824008941650391e+00
1.134285211563110352e+00
2.702648341655731201e-01
1.548510491847991943e-01
-4.809191226959228516e-01
5.251799225807189941e-01
1.411279141902923584e-01
3.196557998657226562e+00
2.380598068237304688e+00
-1.894878387451171875e+00
5.462769269943237305e-01
-9.130326509475708008e-01
-1.988504767417907715e+00
1.746350646018981934e+00
3.864820241928100586e+00
1.827203512191772461e+00
-4.260932445526123047e+00
7.309178709983825684e-01
1.746057271957397461e+00
2.751064538955688477e+00
-3.103719472885131836e+00
-7.413243055343627930e-01
9.174535274505615234e-01
2.795171439647674561e-01
6.004824116826057434e-02
-1.038402676582336426e+00
-1.513648033142089844e-01
-2.031946659088134766e+00
-1.072679281234741211e+00
-1.344551563262939453e+00
1.375884771347045898e+00
1.778812646865844727e+00
