-2.664567828178405762e-01
-8.845844864845275879e-01
-8.328916430473327637e-01
7.172208428382873535e-01
-1.747820824384689331e-01
-5.779498815536499023e-01
7.989073395729064941e-01
3.142701983451843262e-01
6.815014481544494629e-01
1.472702324390411377e-01
-7.357226014137268066e-01
-6.794723868370056152e-01
7.560344934463500977e-01
-6.814391613006591797e-01
-1.408917456865310669e-01
6.529909968376159668e-01
9.156205505132675171e-02
-8.217329978942871094e-01
-8.398354053497314453e-01
-5.844922661781311035e-01
1.334167480468750000e+00
-5.014319419860839844e-01
1.312239468097686768e-01
-1.065460801124572754e+00
-3.299029171466827393e-01
-1.465115509927272797e-02
1.301510334014892578e+00
1.401780366897583008e+00
-9.702696651220321655e-02
7.352610700763761997e-04
-2.248868465423583984e+00
1.816494941711425781e+00
8.959864974021911621e-01
-6.548337936401367188e-01
4.712195992469787598e-01
-4.903526604175567627e-01
-6.224454045295715332e-01
-9.716648459434509277e-01
-8.029119670391082764e-02
1.985519826412200928e-01
-2.057275295257568359e+00
3.183865919709205627e-02
1.360597908496856689e-01
-1.020018577575683594e+00
-1.263943552970886230e+00
6.926733851432800293e-01
-1.145659208297729492e+00
1.735402464866638184e+00
-2.963064052164554596e-02
1.857531070709228516e+00
1.732407212257385254e+00
1.826880812644958496e+00
-7.965323328971862793e-01
8.091966509819030762e-01
-1.035939812660217285e+00
1.228481888771057129e+00
4.906997084617614746e-01
-1.884476780891418457e+00
-1.015889644622802734e+00
8.225764632225036621e-01
7.827208042144775391e-01
