4.842635691165924072e-01
6.445751339197158813e-02
-6.993031501770019531e-01
1.026057124137878418e+00
-1.066697001457214355e+00
9.031312167644500732e-02
7.682658433914184570e-01
-7.017208933830261230e-01
-1.968059837818145752e-01
-1.196740865707397461e+00
-3.083728253841400146e-01
4.018958508968353271e-01
3.713668286800384521e-01
-7.732787132263183594e-01
-6.396490931510925293e-01
7.046378254890441895e-01
-3.702743053436279297e-01
6.648028641939163208e-02
4.477452039718627930e-01
-4.721973836421966553e-01
-1.689188331365585327e-01
-1.363750360906124115e-02
-4.822650253772735596e-01
-1.847997307777404785e-01
-7.957097291946411133e-01
-8.297290205955505371e-01
2.261538267135620117e+00
1.790178775787353516e+00
-9.898707270622253418e-01
3.613461554050445557e-01
9.313097000122070312e-01
-6.098557710647583008e-01
1.941870808601379395e+00
-2.896362841129302979e-01
-7.278579473495483398e-01
-1.807911694049835205e-01
1.668572187423706055e+00
-2.887125611305236816e-01
-7.230483740568161011e-02
-1.161284685134887695e+00
-1.754420250654220581e-01
1.486328005790710449e+00
3.793337047100067139e-01
4.142395555973052979e-01
-1.114205479621887207e+00
2.738026857376098633e+00
-1.731097221374511719e+00
2.482062578201293945e+00
-1.217676758766174316e+00
-3.926186561584472656e-01
3.847879767417907715e-01
-5.277438759803771973e-01
2.710693836212158203e+00
2.049995660781860352e-01
4.692473113536834717e-01
4.709422886371612549e-01
-2.979201793670654297e+00
1.665113806724548340e+00
-5.207751393318176270e-01
1.039784550666809082e+00
1.389623880386352539e+00
