-8.708530664443969727e-01
1.074911117553710938e+00
1.200270652770996094e+00
1.061073660850524902e+00
-2.651690840721130371e-01
3.061482012271881104e-01
1.019163012504577637e+00
1.126364618539810181e-01
-9.148431420326232910e-01
7.539316415786743164e-01
-4.613847732543945312e-01
1.414177119731903076e-01
2.989428341388702393e-01
-1.022774696350097656e+00
-8.999629616737365723e-01
8.704720139503479004e-01
-1.438574343919754028e-01
2.314084768295288086e-01
9.941621422767639160e-01
9.694525599479675293e-01
1.178382158279418945e+00
-8.400781154632568359e-01
1.772882103919982910e+00
2.574906587600708008e+00
-1.232378244400024414e+00
1.372304439544677734e+00
-4.747144877910614014e-01
-6.726070642471313477e-01
-7.385157942771911621e-01
-7.862786650657653809e-01
2.050536394119262695e+00
-8.089404702186584473e-01
1.317176222801208496e+00
-3.480015993118286133e+00
2.966652631759643555e+00
2.249086648225784302e-01
5.543835759162902832e-01
5.241000056266784668e-01
-2.313188552856445312e+00
-6.194492578506469727e-01
5.520921349525451660e-01
-2.970099747180938721e-01
-9.981573224067687988e-01
-2.433902740478515625e+00
-2.031172513961791992e+00
1.464413285255432129e+00
1.901884227991104126e-01
2.098484992980957031e+00
-3.461756929755210876e-02
-1.271570444107055664e+00
-2.848812341690063477e+00
1.374178409576416016e+00
1.532965302467346191e+00
1.748076558113098145e+00
2.063859939575195312e+00
4.255886673927307129e-01
-2.550662755966186523e+00
2.639657258987426758e+00
-1.861912488937377930e+00
1.257203221321105957e+00
9.951102733612060547e-01
