-5.576443672180175781e-01
7.484334707260131836e-01
-1.565383672714233398e+00
1.028842106461524963e-01
-1.559575796127319336e+00
-8.429527282714843750e-01
-1.083594560623168945e+00
9.987737536430358887e-01
-1.971000909805297852e+00
-1.019856095314025879e+00
-1.519158363342285156e+00
1.437487959861755371e+00
-8.781359195709228516e-01
1.402231216430664062e+00
-3.250649273395538330e-01
1.496548056602478027e+00
1.210426449775695801e+00
-1.274068593978881836e+00
-1.185630679130554199e+00
-1.352848291397094727e+00
3.101814985275268555e+00
-2.883382081985473633e+00
-1.287634491920471191e+00
2.141845077276229858e-01
-6.889278888702392578e-01
-2.316898584365844727e+00
4.079720020294189453e+00
4.189445972442626953e+00
5.811836123466491699e-01
2.957817792892456055e+00
-8.123611211776733398e-01
7.769290208816528320e-01
-3.853021144866943359e+00
1.439892530441284180e+00
-1.768682241439819336e+00
8.606540560722351074e-01
1.612463355064392090e+00
-1.200183391571044922e+00
2.386118412017822266e+00
3.604942560195922852e-01
-2.670593500137329102e+00
2.609328269958496094e+00
6.493380069732666016e-01
-1.984376668930053711e+00
-1.033933311700820923e-01
2.621030807495117188e+00
1.084532499313354492e+00
-2.659865379333496094e+00
3.660549223423004150e-01
1.835737466812133789e+00
5.089671537280082703e-02
1.068190485239028931e-01
-4.118522167205810547e+00
-7.489950656890869141e-01
-2.610348224639892578e+00
-3.267724812030792236e-02
-7.424209713935852051e-01
-2.861718416213989258e+00
9.008243680000305176e-01
-1.591897845268249512e+00
4.999862015247344971e-01
