-7.458361983299255371e-01
9.238142967224121094e-01
-8.000950813293457031e-01
1.016160726547241211e+00
-1.138175487518310547e+00
-1.046602249145507812e+00
1.027459800243377686e-01
-1.238152146339416504e+00
3.563144207000732422e-01
-1.424219131469726562e+00
6.649615168571472168e-01
-9.022555947303771973e-01
4.773771464824676514e-01
8.312161564826965332e-01
7.492579817771911621e-01
7.980029582977294922e-01
7.056160569190979004e-01
9.955022931098937988e-01
-8.811968564987182617e-01
-1.248057484626770020e+00
-8.891468644142150879e-01
1.221921920776367188e+00
3.867457434535026550e-02
-1.944913744926452637e+00
1.203711256384849548e-01
-1.183232545852661133e+00
2.002996206283569336e-01
3.870265185832977295e-01
-1.728347778320312500e+00
6.224839687347412109e-01
-1.502000689506530762e+00
1.253979206085205078e+00
2.312789201736450195e+00
2.615554571151733398e+00
-1.428225159645080566e+00
1.315400481224060059e+00
-2.375474452972412109e+00
1.940847933292388916e-01
2.246264934539794922e+00
-8.827800154685974121e-01
7.445173710584640503e-02
-7.065622210502624512e-01
-9.624901413917541504e-02
-9.235777258872985840e-01
6.322976201772689819e-02
-1.308411717414855957e+00
2.322457551956176758e+00
-4.420665651559829712e-02
3.245504379272460938e+00
-6.624908652156591415e-03
1.182774901390075684e+00
6.687399744987487793e-01
1.778138875961303711e+00
-1.362404823303222656e+00
1.177315235137939453e+00
-1.136847496032714844e+00
-1.558152198791503906e+00
7.372796535491943359e-01
1.720789194107055664e+00
3.304526805877685547e-01
3.190290927886962891e-01
