-2.591300606727600098e-01
-2.218836545944213867e-01
-5.772159695625305176e-01
4.860717952251434326e-01
-1.327356457710266113e+00
-1.000143736600875854e-01
-7.988857477903366089e-02
1.946402788162231445e-01
1.057137012481689453e+00
-9.655851125717163086e-01
-2.356410771608352661e-01
8.597713708877563477e-01
-1.667197346687316895e-01
-9.390393495559692383e-01
-6.020611524581909180e-01
1.136466503143310547e+00
-1.046306610107421875e+00
4.818577170372009277e-01
-9.936097264289855957e-01
-8.194146752357482910e-01
8.178990334272384644e-02
8.641918301582336426e-01
-8.867495059967041016e-01
-5.330333486199378967e-02
-8.907304406166076660e-01
3.233848512172698975e-01
-7.574619650840759277e-01
-7.015315890312194824e-01
-1.543375492095947266e+00
-2.265647172927856445e+00
-1.069729447364807129e+00
-2.993157625198364258e+00
-9.621350169181823730e-01
-3.194335460662841797e+00
2.493771076202392578e+00
3.272513449192047119e-01
3.628673851490020752e-01
2.054222345352172852e+00
2.288267135620117188e+00
2.310734510421752930e+00
7.161837220191955566e-01
-2.249538660049438477e+00
8.016592860221862793e-01
8.291712962090969086e-03
-2.743352055549621582e-01
-2.556404829025268555e+00
-8.964315056800842285e-01
3.390564620494842529e-01
-4.313648045063018799e-01
1.511010408401489258e+00
-2.514388263225555420e-01
-1.563922882080078125e+00
-9.809761643409729004e-01
1.547315835952758789e+00
-2.193556070327758789e+00
3.230538368225097656e-01
-7.382295131683349609e-01
2.921786546707153320e+00
1.207371950149536133e+00
8.126952648162841797e-01
3.449140489101409912e-02
