-8.477760553359985352e-01
-8.055905699729919434e-01
2.012857347726821899e-01
2.804647684097290039e-01
-1.772209107875823975e-01
8.182051777839660645e-01
7.445737123489379883e-01
5.833107233047485352e-01
-9.759381413459777832e-01
1.448301076889038086e-01
4.106269478797912598e-01
-8.885266780853271484e-01
8.018535375595092773e-01
-1.199206933379173279e-01
2.300260066986083984e-01
-5.107756853103637695e-01
1.059837102890014648e+00
2.642175257205963135e-01
-1.112566709518432617e+00
-9.568850994110107422e-01
3.707567751407623291e-01
1.581331372261047363e+00
7.851764559745788574e-01
-1.576956629753112793e+00
4.939648807048797607e-01
-1.260791182518005371e+00
-5.317425727844238281e-01
-2.133001327514648438e+00
-2.971976518630981445e+00
-7.923061847686767578e-01
2.099897861480712891e+00
2.521991968154907227e+00
2.329539805650711060e-01
-2.142000198364257812e-01
-1.148620009422302246e+00
-9.177802503108978271e-02
8.140988349914550781e-01
-9.083756804466247559e-01
4.132928550243377686e-01
-1.840870380401611328e+00
-4.932579696178436279e-01
7.706854939460754395e-01
1.528010606765747070e+00
2.153989553451538086e+00
-1.976028680801391602e+00
-9.037107825279235840e-01
-1.223461180925369263e-01
-1.518755197525024414e+00
1.382405400276184082e+00
7.483764886856079102e-01
1.900363564491271973e+00
1.601462602615356445e+00
1.276414394378662109e-01
-4.484721720218658447e-01
1.451719403266906738e+00
-3.877344727516174316e-01
-1.285981088876724243e-01
2.098808526992797852e+00
-4.323215410113334656e-02
1.517048716545104980e+00
1.519532799720764160e+00
