4.433203041553497314e-01
1.182780981063842773e+00
6.061087250709533691e-01
3.333249390125274658e-01
-1.364881873130798340e+00
5.986548066139221191e-01
8.834786415100097656e-01
-1.022421240806579590e+00
-1.229980230331420898e+00
8.667204976081848145e-01
-1.053585648536682129e+00
7.549387216567993164e-01
6.848062872886657715e-01
6.463621854782104492e-01
-8.015298843383789062e-01
8.694601655006408691e-01
-1.243198156356811523e+00
-7.421535253524780273e-01
3.328574299812316895e-01
8.068454265594482422e-01
1.750368237495422363e+00
3.395295441150665283e-01
1.953706026077270508e+00
-4.112862348556518555e-01
-4.403994977474212646e-01
2.869425117969512939e-01
-7.377177476882934570e-02
2.674989700317382812e-01
-3.470125496387481689e-01
1.607658267021179199e+00
3.464101552963256836e-01
-2.815635204315185547e+00
-4.631140828132629395e-01
-2.818877696990966797e+00
1.225213050842285156e+00
-2.171203136444091797e+00
-4.016069173812866211e-01
5.879940390586853027e-01
-1.512737870216369629e+00
2.367063283920288086e+00
4.480545043945312500e+00
2.644043862819671631e-01
-9.421164393424987793e-01
2.838753536343574524e-02
5.583995580673217773e-01
2.394533455371856689e-01
4.403348565101623535e-01
2.620836794376373291e-01
-3.249019086360931396e-01
-1.323710322380065918e+00
-2.208992987871170044e-01
-2.082901239395141602e+00
6.862898468971252441e-01
2.939267873764038086e+00
5.907940864562988281e-01
-1.441880345344543457e+00
-2.580079734325408936e-01
-3.911150097846984863e-01
9.938196539878845215e-01
-1.781823158264160156e+00
-2.244044691324234009e-01
