1.397455930709838867e+00
6.497324109077453613e-01
-7.726341485977172852e-01
-5.214443802833557129e-01
1.737504154443740845e-01
4.292740523815155029e-01
1.177126884460449219e+00
-1.254959106445312500e+00
7.240932583808898926e-01
1.180802345275878906e+00
-9.628030061721801758e-01
-2.589169442653656006e-01
-4.259929656982421875e-01
-3.532216548919677734e-01
-1.187582254409790039e+00
9.480046033859252930e-01
-7.913754582405090332e-01
1.729440838098526001e-01
-8.964883089065551758e-01
-9.367001056671142578e-01
7.771483659744262695e-01
-8.043908476829528809e-01
7.721845507621765137e-01
1.109350681304931641e+00
7.039706110954284668e-01
-2.312126159667968750e+00
-1.574968099594116211e-01
1.910118162631988525e-01
-1.295537352561950684e+00
-2.322786860167980194e-02
-3.286049604415893555e+00
-8.248623013496398926e-01
-2.120476245880126953e+00
-1.666945099830627441e+00
6.213531643152236938e-02
-2.951873302459716797e+00
9.775863587856292725e-02
2.640488743782043457e-01
-2.111344337463378906e+00
1.972122669219970703e+00
2.017231434583663940e-01
-2.196493595838546753e-01
-3.699786067008972168e-01
-3.736216425895690918e-01
3.479328751564025879e-01
3.359426259994506836e+00
1.611787229776382446e-01
2.895103394985198975e-02
-2.793513238430023193e-01
9.984131902456283569e-02
1.044667124748229980e+00
-1.246551275253295898e-01
-1.999882817268371582e+00
-1.390413284301757812e+00
-1.536895632743835449e-01
-1.133433222770690918e+00
-5.393158197402954102e-01
4.506473541259765625e-01
1.766502499580383301e+00
1.272829651832580566e+00
2.275813668966293335e-01
