1.048537373542785645e+00
-8.192988038063049316e-01
7.770084142684936523e-01
5.453816056251525879e-01
-1.050500512123107910e+00
1.768984347581863403e-01
7.555682063102722168e-01
-5.195814967155456543e-01
1.171088337898254395e+00
9.863474965095520020e-01
1.124578237533569336e+00
1.015689492225646973e+00
2.609984576702117920e-01
-1.017181396484375000e+00
-9.522593617439270020e-01
8.616377115249633789e-01
-9.078931212425231934e-01
-8.756322860717773438e-01
7.452349662780761719e-01
1.048829197883605957e+00
-1.542835593223571777e+00
-1.827372431755065918e+00
2.557618916034698486e-01
2.788415908813476562e+00
-4.398257434368133545e-01
1.541182547807693481e-01
2.301742792129516602e+00
2.585457324981689453e+00
8.319866657257080078e-01
5.361008644104003906e-02
1.767997741699218750e-01
-1.564352989196777344e+00
7.461355924606323242e-01
3.203950524330139160e-01
1.243279933929443359e+00
-2.828103542327880859e+00
2.417622506618499756e-01
1.961847066879272461e+00
5.667949318885803223e-01
4.137862920761108398e-01
1.942897677421569824e+00
1.374651074409484863e+00
-4.407031536102294922e-01
2.935923814773559570e+00
-9.178164601325988770e-02
1.116557598114013672e+00
-2.006783485412597656e+00
-3.337457895278930664e+00
5.124060511589050293e-01
-5.953139662742614746e-01
3.477067649364471436e-01
-1.625400304794311523e+00
1.241863608360290527e+00
-1.584397315979003906e+00
4.430517852306365967e-01
-1.677820563316345215e+00
8.968618512153625488e-02
1.442646503448486328e+00
-3.528051972389221191e-01
4.262782037258148193e-01
-3.166921436786651611e-01
