1.840970993041992188e+00
-4.639694392681121826e-01
-8.906434774398803711e-01
9.000511765480041504e-01
1.275520563125610352e+00
-3.625191375613212585e-02
-9.294661879539489746e-01
3.180354535579681396e-01
9.832299351692199707e-01
9.742943048477172852e-01
-2.713267207145690918e-01
9.133661985397338867e-01
-8.061561584472656250e-01
-9.999058246612548828e-01
-5.883781239390373230e-02
6.330939531326293945e-01
4.331902563571929932e-01
-9.474704265594482422e-01
9.003913402557373047e-01
-9.018844366073608398e-01
3.809097707271575928e-01
-1.702025890350341797e+00
9.081382751464843750e-01
3.309113532304763794e-02
-7.551959156990051270e-01
-5.544546842575073242e-01
-3.140305280685424805e+00
-6.585196852684020996e-01
1.478361368179321289e+00
-9.189158082008361816e-01
4.915904104709625244e-01
-1.205141186714172363e+00
1.373951554298400879e+00
1.073499441146850586e+00
-2.895455658435821533e-01
-2.415706872940063477e+00
-1.712791204452514648e+00
2.528465032577514648e+00
-3.369081020355224609e+00
-2.147762537002563477e+00
3.717456758022308350e-02
-4.633147239685058594e+00
5.180318951606750488e-01
5.533538460731506348e-01
7.740713655948638916e-02
-7.491527795791625977e-01
1.584831595420837402e+00
1.149603724479675293e+00
-8.197675347328186035e-01
1.410772919654846191e+00
-9.517290592193603516e-01
-4.894083440303802490e-01
7.152755260467529297e-01
4.150197505950927734e-01
-6.031308770179748535e-01
2.428779125213623047e+00
2.663347721099853516e+00
2.366943359375000000e+00
-2.835110902786254883e+00
2.201982736587524414e+00
-5.841256976127624512e-01
