8.649258017539978027e-01
-7.738963514566421509e-02
5.974327325820922852e-01
-9.676594734191894531e-01
2.784399986267089844e-01
3.905797302722930908e-01
-7.457837462425231934e-01
-9.266335964202880859e-01
5.816134810447692871e-01
6.111468672752380371e-01
-3.402460515499114990e-01
-4.607645571231842041e-01
7.900510430335998535e-01
-8.496657609939575195e-01
-6.377912163734436035e-01
-2.572945952415466309e-01
5.560281872749328613e-01
-7.417684793472290039e-01
-8.559769988059997559e-01
-3.519144654273986816e-01
-2.051036357879638672e+00
8.750960230827331543e-02
-5.830764770507812500e-01
-8.966224789619445801e-01
-1.844874739646911621e+00
-1.500033736228942871e+00
-1.658831834793090820e+00
1.179637387394905090e-01
4.774042963981628418e-01
4.370896518230438232e-01
-1.372003793716430664e+00
1.377505540847778320e+00
-2.552824974060058594e+00
1.532237768173217773e+00
1.538300365209579468e-01
-9.678249359130859375e-01
-2.731535732746124268e-01
-2.407241582870483398e+00
-6.004455499351024628e-04
-1.927806854248046875e+00
-1.065313100814819336e+00
-1.368641138076782227e+00
2.349721267819404602e-03
-7.032254934310913086e-01
2.519161939620971680e+00
1.688359975814819336e+00
1.238845586776733398e+00
-4.279851913452148438e-01
-6.570716500282287598e-01
-5.774390697479248047e-01
-1.238316655158996582e+00
-9.468551874160766602e-01
-1.737835168838500977e+00
7.112871408462524414e-01
3.326250314712524414e-01
-1.083388447761535645e+00
1.079415678977966309e-01
1.796323180198669434e+00
-8.768185377120971680e-01
-2.126122474670410156e+00
6.326098442077636719e-01
