-7.569141685962677002e-02
2.871135473251342773e-01
-9.464492797851562500e-01
-4.319150745868682861e-01
-3.020869195461273193e-01
-2.108473479747772217e-01
9.227419495582580566e-01
-3.763953447341918945e-01
-9.158368110656738281e-01
-9.754185676574707031e-01
-4.729031324386596680e-01
5.035341382026672363e-01
-1.074904918670654297e+00
-9.612565040588378906e-01
-1.101955056190490723e+00
9.383273124694824219e-01
6.474860757589340210e-02
2.517402768135070801e-01
2.822669744491577148e-01
-9.717961549758911133e-01
3.028695657849311829e-02
1.338514566421508789e+00
6.988743543624877930e-01
2.182204246520996094e+00
-1.518036365509033203e+00
-5.788975954055786133e-01
1.592904329299926758e+00
1.579377293586730957e+00
-3.043560981750488281e+00
-3.765849769115447998e-01
-1.087584421038627625e-01
-5.247946381568908691e-01
2.754662036895751953e+00
3.373629972338676453e-02
1.886788845062255859e+00
2.214414834976196289e+00
-4.148777723312377930e-01
1.159842848777770996e+00
-1.208028316497802734e+00
3.439597368240356445e+00
-1.089182496070861816e+00
1.970634222030639648e+00
2.891774177551269531e-01
-1.414795994758605957e+00
-5.613335967063903809e-01
-1.719214558601379395e+00
-8.443730473518371582e-01
-8.504251837730407715e-01
1.750507354736328125e+00
-2.311142534017562866e-02
1.041699767112731934e+00
1.713941216468811035e+00
1.671032786369323730e+00
-7.712874412536621094e-01
9.958485364913940430e-01
-1.572322368621826172e+00
7.612217068672180176e-01
2.565907001495361328e+00
2.024466753005981445e+00
1.761201024055480957e+00
-7.472058534622192383e-01
