8.327265381813049316e-01
-3.549109399318695068e-01
3.672518730163574219e-01
3.159171342849731445e-01
-9.431537985801696777e-01
4.291237890720367432e-01
9.207089543342590332e-01
1.295640110969543457e+00
-8.357764482498168945e-01
-9.169574379920959473e-01
6.826395988464355469e-01
5.804847478866577148e-01
-7.555458545684814453e-01
1.007847905158996582e+00
3.534992039203643799e-01
7.814548611640930176e-01
6.294318437576293945e-01
1.151461005210876465e+00
-8.577433228492736816e-01
3.846518993377685547e-01
1.001605987548828125e+00
-1.025578737258911133e+00
1.255751490592956543e+00
-3.347707390785217285e-01
-8.290011286735534668e-01
-6.295580863952636719e-01
3.267437696456909180e+00
-6.034088730812072754e-01
2.118341684341430664e+00
1.425654768943786621e+00
-2.673485279083251953e+00
1.704838037490844727e+00
-1.163942813873291016e-01
2.634755373001098633e+00
1.187657713890075684e+00
-2.859580993652343750e+00
-2.582711577415466309e-01
-3.808757066726684570e-01
-1.662663459777832031e+00
1.499364733695983887e+00
-1.081896543502807617e+00
-2.021082639694213867e+00
2.501914501190185547e+00
1.196472764015197754e+00
-7.017037272453308105e-01
-1.592711545526981354e-02
-2.766309499740600586e+00
-3.049247860908508301e-01
1.859644293785095215e+00
1.383155226707458496e+00
4.554698944091796875e+00
1.463348984718322754e+00
-5.365801453590393066e-01
-2.170095443725585938e+00
8.374510407447814941e-01
-2.372348785400390625e+00
3.355799615383148193e-01
3.572239279747009277e-01
1.503722071647644043e+00
1.385552883148193359e+00
-4.765145182609558105e-01
