-4.820336997509002686e-01
-6.979165077209472656e-01
-6.911736726760864258e-01
-2.137784957885742188e-01
-1.715290546417236328e-01
4.671818614006042480e-01
-7.221142053604125977e-01
-7.759145498275756836e-01
-4.759405553340911865e-01
1.823535114526748657e-01
-7.655718326568603516e-01
6.416913866996765137e-01
9.219765663146972656e-01
-1.472609639167785645e-01
-2.038019001483917236e-01
4.137091636657714844e-01
4.596559405326843262e-01
1.040125250816345215e+00
3.334890902042388916e-01
7.299134135246276855e-01
-6.826377511024475098e-01
1.514125347137451172e+00
-3.009782433509826660e-01
-1.026628613471984863e+00
-7.215743660926818848e-01
3.323840498924255371e-01
-2.018669128417968750e+00
1.961507916450500488e+00
2.152836799621582031e+00
3.771444261074066162e-01
2.745905876159667969e+00
2.918798327445983887e-01
6.790783256292343140e-03
4.671152830123901367e-01
-8.620853424072265625e-01
-1.390843987464904785e+00
4.941669702529907227e-01
8.013563752174377441e-01
1.664594769477844238e+00
-4.608575999736785889e-01
1.287693500518798828e+00
9.955323934555053711e-01
2.072382271289825439e-01
-1.659739851951599121e+00
-1.321529030799865723e+00
1.116214767098426819e-01
1.936966180801391602e+00
1.114838838577270508e+00
-2.354206323623657227e+00
2.826940417289733887e-01
1.731378078460693359e+00
-5.790432691574096680e-01
9.015929102897644043e-01
-7.672358751296997070e-01
-1.137014031410217285e+00
1.077338576316833496e+00
-1.041041016578674316e+00
6.042220592498779297e-01
1.624158024787902832e+00
9.157567620277404785e-01
-1.499068260192871094e+00
