5.172561407089233398e-01
5.048223137855529785e-01
-9.088351130485534668e-01
1.219534993171691895e+00
9.959372282028198242e-01
-5.484364628791809082e-01
-2.229311168193817139e-01
-1.028834819793701172e+00
2.802501060068607330e-02
1.296005845069885254e+00
8.780684322118759155e-02
-1.769478619098663330e-01
-9.227590560913085938e-01
1.526510477066040039e+00
1.024664640426635742e+00
-1.060052990913391113e+00
1.194842934608459473e+00
-1.043063044548034668e+00
-3.531781435012817383e-01
-9.109939932823181152e-01
-2.071916341781616211e+00
2.569959402084350586e+00
1.229765415191650391e+00
-5.583246946334838867e-01
-2.328549146652221680e+00
1.053033620119094849e-01
7.761467695236206055e-01
-2.225588321685791016e+00
-1.135676264762878418e+00
8.033929467201232910e-01
-7.976989746093750000e-01
-5.217167139053344727e-01
-2.607985138893127441e-01
2.024664402008056641e+00
3.308761358261108398e+00
-1.312674522399902344e+00
-1.050448656082153320e+00
-1.226796358823776245e-01
-9.099496006965637207e-01
3.123532772064208984e+00
3.835312843322753906e+00
2.405967712402343750e+00
7.237144112586975098e-01
1.445987224578857422e-01
-1.972361564636230469e+00
-8.548026680946350098e-01
-8.792460560798645020e-01
2.408148527145385742e+00
6.472430825233459473e-01
-8.929661512374877930e-01
2.117574214935302734e+00
-1.363023400306701660e+00
-1.066473126411437988e+00
-1.176143169403076172e+00
-1.356933712959289551e+00
-1.833323001861572266e+00
1.505330856889486313e-02
1.033558920025825500e-01
-1.254235744476318359e+00
2.351057052612304688e+00
1.099395275115966797e+00
