6.211088299751281738e-01
8.984497189521789551e-01
-1.763262450695037842e-01
-9.640439152717590332e-01
1.507028192281723022e-01
1.121733427047729492e+00
-1.107666850090026855e+00
1.401817500591278076e-01
5.606617927551269531e-01
7.176373600959777832e-01
1.084242105484008789e+00
9.116376638412475586e-01
8.953433036804199219e-01
-9.667147397994995117e-01
-3.382439613342285156e-01
-8.041969537734985352e-01
8.567504286766052246e-01
8.300698399543762207e-01
3.819048404693603516e-01
7.166720032691955566e-01
5.156299471855163574e-01
7.392759919166564941e-01
4.952335730195045471e-02
7.396747171878814697e-02
-4.702360332012176514e-01
1.555707752704620361e-01
5.140683054924011230e-01
5.109478235244750977e-01
-7.508242875337600708e-02
-3.163940608501434326e-01
7.283157855272293091e-02
-1.817814230918884277e+00
-1.962468981742858887e+00
-1.982545971870422363e+00
-1.513651967048645020e+00
-2.524211883544921875e+00
-2.766355037689208984e+00
-4.249979555606842041e-01
-1.956688046455383301e+00
-4.314930438995361328e-01
-1.733493357896804810e-01
-3.107428550720214844e-01
-1.702678084373474121e+00
-4.214667081832885742e-01
4.036588191986083984e+00
9.528756886720657349e-02
4.783284291625022888e-02
1.246260762214660645e+00
-9.194197505712509155e-02
2.533861398696899414e-01
1.901879906654357910e-01
-8.997099399566650391e-01
-8.798406124114990234e-01
1.460197806358337402e+00
-3.525242328643798828e+00
2.393061399459838867e+00
-1.927502036094665527e+00
-3.727532923221588135e-01
2.011631250381469727e+00
1.647335290908813477e-01
3.326946794986724854e-01
