-4.836267232894897461e-01
-5.565954685211181641e+00
8.844398856163024902e-01
-8.216677665710449219e+00
-4.227638840675354004e-01
-8.505784034729003906e+00
-1.836861371994018555e+00
7.409546375274658203e-01
-9.242742061614990234e-01
-2.620737075805664062e+00
3.268624246120452881e-01
3.410094261169433594e+00
-8.407538414001464844e+00
3.244229078292846680e+00
-5.805303454399108887e-01
1.246964454650878906e+01
-2.848587930202484131e-01
1.372684383392333984e+01
4.321996212005615234e+00
6.787033557891845703e+00
1.662777304649353027e+00
3.701099634170532227e+00
4.068388938903808594e+00
5.660140037536621094e+00
-2.746481180191040039e+00
-3.964480161666870117e+00
-1.001577138900756836e+00
-1.648304939270019531e+00
2.982752561569213867e+00
-1.382443070411682129e+00
4.652955055236816406e+00
-2.154020547866821289e+00
5.817466259002685547e+00
8.430896759033203125e+00
-2.084660530090332031e+00
-7.141625881195068359e+00
2.034530162811279297e+00
6.308614253997802734e+00
-2.806669950485229492e+00
3.201110363006591797e+00
-4.038292884826660156e+00
-2.577023029327392578e+00
1.871043562889099121e+00
3.227509498596191406e+00
-1.380918025970458984e+00
4.703572750091552734e+00
-3.009208679199218750e+00
-2.971530199050903320e+00
1.037565708160400391e+00
2.624880790710449219e+00
3.276067018508911133e+00
2.397318840026855469e+00
-2.669396638870239258e+00
-8.553916215896606445e-02
2.898090362548828125e+00
3.803643584251403809e-02
-1.274495363235473633e+00
1.114832043647766113e+00
-4.198525428771972656e+00
4.271414279937744141e+00
-2.466559648513793945e+00
