3.527527749538421631e-01
-4.172926023602485657e-02
-2.753499150276184082e-01
-7.574528455734252930e-01
-1.873939931392669678e-01
7.713575959205627441e-01
3.186654150485992432e-01
-1.078884124755859375e+00
-6.257709264755249023e-01
-8.026251792907714844e-01
-9.302828311920166016e-01
-2.992070317268371582e-01
-8.210461139678955078e-01
-6.953822970390319824e-01
2.857650518417358398e-01
-8.271093964576721191e-01
-7.932741045951843262e-01
8.042783141136169434e-01
-4.313180446624755859e-01
-1.076337575912475586e+00
1.541050910949707031e+00
2.802408114075660706e-02
1.411461591720581055e+00
1.342195987701416016e+00
-3.303911536931991577e-02
-1.394381403923034668e+00
1.116177916526794434e+00
3.054436147212982178e-01
-3.770170211791992188e-01
-2.260144472122192383e+00
-6.178639531135559082e-01
-1.023841857910156250e+00
2.020850419998168945e+00
-1.001715660095214844e+00
5.981248617172241211e-01
-1.862262248992919922e+00
2.148870706558227539e+00
2.882836103439331055e+00
8.725653290748596191e-01
1.407316803932189941e+00
1.380273580551147461e+00
-7.042661309242248535e-01
-3.479236125946044922e+00
5.667273402214050293e-01
-8.782730698585510254e-01
-7.185678482055664062e-01
1.694065332412719727e+00
1.502434164285659790e-01
8.871417492628097534e-02
1.630311369895935059e+00
-4.575648307800292969e-01
-1.854173064231872559e+00
1.442264318466186523e+00
1.212125658988952637e+00
2.594923496246337891e+00
1.296762228012084961e+00
1.587345242500305176e+00
-1.898264408111572266e+00
-3.111135005950927734e+00
9.176350235939025879e-01
7.021991610527038574e-01
