-6.451368331909179688e-01
-1.664678603410720825e-01
-2.800540328025817871e-01
1.436675190925598145e-01
5.870944261550903320e-01
9.045069217681884766e-01
1.072881221771240234e+00
-3.006594479084014893e-01
2.297841012477874756e-01
1.198444128036499023e+00
-8.951196670532226562e-01
2.383576631546020508e-01
-8.606770634651184082e-01
1.670764833688735962e-01
-6.799942255020141602e-01
-8.035532236099243164e-01
8.121048212051391602e-01
7.810059785842895508e-01
-1.105476856231689453e+00
9.112303256988525391e-01
1.126798868179321289e+00
6.197402477264404297e-01
2.561644613742828369e-01
-3.435206115245819092e-01
-2.551015853881835938e+00
3.122138500213623047e+00
3.776751518249511719e+00
8.440033197402954102e-01
7.526019811630249023e-01
-1.210883408784866333e-01
-1.475478529930114746e+00
-1.376427561044692993e-01
9.307126998901367188e-01
4.180751144886016846e-01
-5.217245817184448242e-01
2.214897871017456055e+00
-2.002688407897949219e+00
-3.000877380371093750e+00
-2.885660409927368164e+00
-1.526700615882873535e+00
-1.099147081375122070e+00
-1.228679537773132324e+00
-3.069977760314941406e-01
2.290343761444091797e+00
1.958555340766906738e+00
2.399519205093383789e+00
-2.594387531280517578e+00
-1.066768169403076172e+00
2.703677177429199219e+00
1.235855668783187866e-01
1.637248277664184570e+00
3.336794078350067139e-01
1.230197101831436157e-01
2.375533342361450195e+00
4.029288589954376221e-01
1.413495063781738281e+00
-1.190015554428100586e+00
-2.378626585006713867e+00
1.567072153091430664e+00
-9.220141768455505371e-01
-2.241015136241912842e-01
