-6.278612613677978516e-01
-1.852431334555149078e-02
-2.870774567127227783e-01
5.857642889022827148e-01
9.342598915100097656e-01
7.487742304801940918e-01
3.455243408679962158e-01
-8.389911055564880371e-01
-2.741904854774475098e-01
-1.825697571039199829e-01
2.392251491546630859e-01
2.711043953895568848e-01
-9.024412631988525391e-01
-6.014857292175292969e-01
1.080186963081359863e+00
-2.609854340553283691e-01
-6.819240450859069824e-01
7.225680947303771973e-01
5.682794451713562012e-01
6.699342727661132812e-01
-5.811111330986022949e-01
5.404607057571411133e-01
-1.241313338279724121e+00
-1.470657825469970703e+00
-3.169583976268768311e-01
1.786659240722656250e+00
-1.367321133613586426e+00
4.123161137104034424e-01
1.218120932579040527e+00
-7.150976061820983887e-01
9.353711605072021484e-01
9.563300609588623047e-01
-4.695823490619659424e-01
1.737073421478271484e+00
5.274724364280700684e-01
-6.871386766433715820e-01
3.125040531158447266e-01
2.468745708465576172e+00
-1.376482248306274414e-01
-1.464065909385681152e+00
5.401511788368225098e-01
-1.495583176612854004e+00
-1.001189112663269043e+00
-1.062594532966613770e+00
5.611400604248046875e-01
-1.520976543426513672e+00
2.040204763412475586e+00
1.028052642941474915e-01
-1.823831796646118164e+00
-1.429784536361694336e+00
4.227450788021087646e-01
1.715529799461364746e+00
-2.767357826232910156e-01
1.264470219612121582e+00
1.989397704601287842e-01
-8.443937897682189941e-01
3.429754078388214111e-01
-1.591066002845764160e+00
-1.168330013751983643e-01
-8.658800721168518066e-01
5.815619826316833496e-01
