9.471934437751770020e-01
4.430617988109588623e-01
1.040937185287475586e+00
-7.983052134513854980e-01
2.535794079303741455e-01
1.018396615982055664e+00
8.234813213348388672e-01
-4.238726198673248291e-01
7.949452400207519531e-01
1.110240817070007324e+00
8.692191839218139648e-01
-7.455220818519592285e-01
-1.204907536506652832e+00
-7.639746069908142090e-01
-3.902286291122436523e-01
1.131948351860046387e+00
-1.093805909156799316e+00
8.695206046104431152e-01
-1.088330984115600586e+00
-8.630307912826538086e-01
-2.185337781906127930e+00
-1.812979340553283691e+00
-6.286190152168273926e-01
-1.654051423072814941e+00
1.313076734542846680e+00
2.453050762414932251e-01
-6.324017643928527832e-01
1.670927882194519043e+00
2.433681249618530273e+00
3.569679260253906250e-01
1.948586463928222656e+00
-1.306732535362243652e+00
3.175518512725830078e-01
-1.553276896476745605e+00
-1.594702959060668945e+00
-7.138929367065429688e-01
-1.412531174719333649e-02
1.842694282531738281e+00
8.655461668968200684e-02
2.933757305145263672e+00
-1.613592267036437988e+00
1.742390632629394531e+00
1.271912813186645508e+00
1.420684218406677246e+00
1.989596486091613770e+00
-4.860488474369049072e-01
-8.650361895561218262e-01
-2.804095268249511719e+00
-2.042362451553344727e+00
9.954893589019775391e-01
1.510368227958679199e+00
-1.030909299850463867e+00
-2.095218896865844727e-01
1.077852368354797363e+00
-3.193335533142089844e+00
-2.702101767063140869e-01
2.687205374240875244e-01
-1.525272846221923828e+00
-2.357253283262252808e-01
2.158881902694702148e+00
-8.704346418380737305e-01
