-1.046523451805114746e+00
-7.602762579917907715e-01
2.178869098424911499e-01
1.085231065750122070e+00
5.313588380813598633e-01
-1.483734548091888428e-01
1.044545054435729980e+00
2.856101989746093750e-01
1.103515982627868652e+00
-8.292251825332641602e-01
-1.518993139266967773e+00
1.089602470397949219e+00
-3.772713840007781982e-01
-9.605305790901184082e-01
2.433273494243621826e-01
-9.923400878906250000e-01
8.245828151702880859e-01
-2.013687044382095337e-01
-6.761977076530456543e-01
7.922360897064208984e-01
-2.126180171966552734e+00
1.169647574424743652e+00
-7.919409275054931641e-01
-2.663687467575073242e-01
-2.209258079528808594e+00
-7.492907047271728516e-01
-1.212273910641670227e-01
-2.165323346853256226e-01
-2.824009954929351807e-01
1.185874581336975098e+00
1.594421565532684326e-01
9.910269081592559814e-02
-1.656337141990661621e+00
-2.954662561416625977e+00
-4.718255996704101562e-01
9.420925974845886230e-01
-1.962554454803466797e+00
7.475016713142395020e-01
-5.587981939315795898e-01
-2.746470689773559570e+00
1.452146887779235840e+00
1.744686722755432129e+00
1.818562388420104980e+00
4.787244796752929688e-01
1.747550964355468750e+00
-5.935906171798706055e-01
3.487541377544403076e-01
3.247068822383880615e-01
-1.427126675844192505e-01
-1.023406028747558594e+00
1.768420189619064331e-01
4.765113890171051025e-01
-3.497879981994628906e+00
1.674488425254821777e+00
2.447056531906127930e+00
4.542779922485351562e-02
-2.195507526397705078e+00
-2.453714609146118164e+00
1.127867102622985840e+00
-2.431342601776123047e+00
3.738513886928558350e-01
