7.233458757400512695e-01
-1.213999629020690918e+00
7.076671719551086426e-01
-2.321721613407135010e-01
9.179220795631408691e-01
-1.008629441261291504e+00
-1.277768164873123169e-01
-1.023249506950378418e+00
6.052592396736145020e-01
-1.010513067245483398e+00
8.457908630371093750e-01
7.660218477249145508e-01
2.245028018951416016e-01
-6.319821476936340332e-01
5.726549029350280762e-01
-8.585398197174072266e-01
-8.799473643302917480e-01
-4.719271361827850342e-01
1.027513980865478516e+00
-8.777127861976623535e-01
-3.123620748519897461e+00
-9.914343059062957764e-02
1.186419129371643066e+00
-1.343465298414230347e-01
2.083915710449218750e+00
2.164174318313598633e+00
3.576016724109649658e-01
-1.663634896278381348e+00
-1.014014482498168945e+00
1.144113779067993164e+00
-4.389525055885314941e-01
-1.522438645362854004e+00
-1.871200561523437500e+00
-1.833205342292785645e+00
3.272968292236328125e+00
3.419012546539306641e+00
2.514670848846435547e+00
-1.620509028434753418e+00
3.364785760641098022e-02
-2.677836418151855469e+00
4.195147037506103516e+00
4.574705660343170166e-02
1.218754172325134277e+00
-3.968842744827270508e+00
-1.303837895393371582e+00
1.279284238815307617e+00
7.820885181427001953e-01
1.092186093330383301e+00
-2.419374227523803711e+00
2.935352325439453125e-01
1.141342878341674805e+00
1.750722050666809082e+00
1.324867606163024902e+00
1.610508084297180176e+00
2.627599716186523438e+00
2.459037780761718750e+00
1.547563791275024414e+00
-1.653008937835693359e+00
4.485107362270355225e-01
1.429081201553344727e+00
-5.597772002220153809e-01
