8.320916295051574707e-01
2.633830606937408447e-01
8.436656594276428223e-01
-7.839992642402648926e-01
-2.797369360923767090e-01
8.996416926383972168e-01
-7.619251608848571777e-01
-2.713439762592315674e-01
8.862589001655578613e-01
8.232032060623168945e-01
8.835537433624267578e-01
6.321077942848205566e-01
-8.386690020561218262e-01
6.957145333290100098e-01
-8.150648474693298340e-01
-1.299306273460388184e+00
2.133242636919021606e-01
-1.047966718673706055e+00
-3.162988722324371338e-01
-3.417131006717681885e-01
-7.753862738609313965e-01
1.114881515502929688e+00
-2.900368690490722656e+00
8.147704005241394043e-01
1.102660417556762695e+00
2.704659104347229004e-01
7.848465442657470703e-01
-1.142319202423095703e+00
-2.050704956054687500e+00
-6.897328495979309082e-01
1.305722475051879883e+00
9.820104390382766724e-02
-1.667423725128173828e+00
-1.104304432868957520e+00
-2.357889175415039062e+00
-5.264436006546020508e-01
-7.931962013244628906e-01
1.296016424894332886e-01
1.347210407257080078e+00
1.539208292961120605e+00
-3.754751980304718018e-01
3.123942852020263672e+00
-2.200916528701782227e+00
7.369195818901062012e-01
-1.211915969848632812e+00
-1.703592389822006226e-01
-2.066200256347656250e+00
-2.720056533813476562e+00
-1.568504452705383301e+00
-3.842225074768066406e-01
-9.794965982437133789e-01
1.092785120010375977e+00
1.139273881912231445e+00
-8.293964266777038574e-01
2.002517223358154297e+00
1.215091943740844727e-01
1.094926118850708008e+00
-2.540955245494842529e-01
-1.600320935249328613e+00
-1.511077046394348145e+00
-6.927506327629089355e-01
