8.920323252677917480e-01
-9.167744517326354980e-01
1.093732118606567383e+00
6.857545375823974609e-01
1.318662166595458984e-01
9.174952507019042969e-01
1.040869593620300293e+00
3.457663357257843018e-01
-8.316437602043151855e-01
8.313525915145874023e-01
-1.246248111128807068e-01
-1.029489874839782715e+00
-9.530385732650756836e-01
1.024859666824340820e+00
4.707176983356475830e-01
-1.005971431732177734e+00
-7.493472099304199219e-01
7.462370395660400391e-01
-1.154872417449951172e+00
2.939632833003997803e-01
2.910205364227294922e+00
9.309548139572143555e-01
-8.306985497474670410e-01
-6.201069355010986328e-01
-5.824989080429077148e-01
6.911090016365051270e-01
-2.077272653579711914e+00
-1.400698184967041016e+00
3.251371681690216064e-01
-7.122244238853454590e-01
4.678755104541778564e-01
-1.206294775009155273e+00
2.867657423019409180e+00
2.330638408660888672e+00
2.184889078140258789e+00
9.768482446670532227e-01
7.721394766122102737e-03
5.863035917282104492e-01
5.839549303054809570e-01
1.048447370529174805e+00
-1.759025454521179199e+00
4.603358805179595947e-01
-3.489956855773925781e-01
-2.611066997051239014e-01
9.638309478759765625e-01
1.198548078536987305e+00
-1.513848066329956055e+00
3.239407777786254883e+00
3.528024302795529366e-03
1.083267807960510254e+00
-3.024519920349121094e+00
8.675987720489501953e-01
1.827912688255310059e+00
-1.389073491096496582e+00
2.525470495223999023e+00
4.667591750621795654e-01
-1.242219880223274231e-01
-1.537511199712753296e-01
-4.488628208637237549e-01
1.124245643615722656e+00
1.228984951972961426e+00
