-9.306769371032714844e-01
9.144388437271118164e-01
9.725368618965148926e-01
1.128047183156013489e-01
-8.515769243240356445e-01
-2.486793100833892822e-01
-8.995594978332519531e-01
1.077849626541137695e+00
2.376528233289718628e-01
-6.845664978027343750e-01
-1.085625767707824707e+00
-6.058019399642944336e-01
-1.721189320087432861e-01
-1.698810458183288574e+00
1.526233702898025513e-01
-1.232258200645446777e+00
1.360304474830627441e+00
-3.327486515045166016e-01
1.091341301798820496e-01
5.230312943458557129e-01
3.294334411621093750e+00
2.838911533355712891e+00
-2.460077047348022461e+00
3.649057149887084961e-01
-1.723179697990417480e+00
1.192050695419311523e+00
3.170022368431091309e-01
-7.534041255712509155e-02
-7.778715491294860840e-01
8.013340234756469727e-01
5.687561035156250000e-01
6.721497774124145508e-01
3.277109265327453613e-01
6.279429197311401367e-01
-2.136498242616653442e-01
8.342703580856323242e-01
-9.541692137718200684e-01
1.924938797950744629e+00
-7.471515536308288574e-01
2.790486574172973633e+00
1.734810829162597656e+00
-1.597297549247741699e+00
-1.959860801696777344e+00
2.813235282897949219e+00
2.265553951263427734e+00
-1.485027432441711426e+00
-1.348857998847961426e+00
1.983824670314788818e-01
1.259515881538391113e+00
1.304007530212402344e+00
-3.536805510520935059e-01
1.575566172599792480e+00
-3.555262565612792969e+00
2.240704447031021118e-01
2.786420822143554688e+00
-1.423764675855636597e-01
1.326414104551076889e-02
-1.700435280799865723e+00
-1.002498984336853027e+00
2.256502389907836914e+00
2.334251254796981812e-01
