2.059138268232345581e-01
-8.975740671157836914e-01
-1.286240577697753906e+00
6.238130331039428711e-01
8.127587437629699707e-01
-1.946318745613098145e-01
1.058393359184265137e+00
-1.065236568450927734e+00
9.586706757545471191e-01
1.227341890335083008e+00
4.101665318012237549e-01
6.857244968414306641e-01
-4.087418913841247559e-01
7.880502194166183472e-02
-1.228336453437805176e+00
2.964533567428588867e-01
-9.084612727165222168e-01
1.205085515975952148e-01
-2.288364768028259277e-01
-9.862989187240600586e-01
-5.867404341697692871e-01
4.308954179286956787e-01
-3.530422598123550415e-02
8.480033874511718750e-01
2.735102176666259766e+00
-6.585671901702880859e-01
-2.218652486801147461e+00
7.337247729301452637e-01
-1.313480973243713379e+00
1.344555616378784180e-01
-4.509540498256683350e-01
2.001079082489013672e+00
-2.009040594100952148e+00
-2.215486168861389160e-01
6.076849699020385742e-01
-1.627023816108703613e+00
-1.947480201721191406e+00
5.474456399679183960e-02
-9.833014607429504395e-01
3.032510757446289062e+00
3.261888027191162109e-01
-4.237763285636901855e-01
2.894899249076843262e-01
-3.148558083921670914e-03
-1.494374394416809082e+00
-1.571151971817016602e+00
-1.332505941390991211e+00
4.832402467727661133e-01
-7.359430193901062012e-01
4.892299473285675049e-01
1.136195302009582520e+00
-1.134911775588989258e+00
-1.893614292144775391e+00
5.122863650321960449e-01
-6.967784464359283447e-02
3.273578643798828125e+00
1.173401117324829102e+00
2.470049142837524414e+00
-1.191463708877563477e+00
1.419016480445861816e+00
4.476878345012664795e-01
