-5.388154983520507812e-01
-9.480812549591064453e-01
1.001911163330078125e+00
-2.225831001996994019e-01
-9.161387085914611816e-01
1.108611106872558594e+00
-1.048597335815429688e+00
2.250187695026397705e-01
-5.128043293952941895e-01
-1.241547107696533203e+00
-1.313593626022338867e+00
-1.225088000297546387e+00
-9.900012016296386719e-01
1.172430515289306641e-01
9.377386569976806641e-01
9.485829621553421021e-02
1.000570356845855713e-01
-7.580840587615966797e-01
1.073095917701721191e+00
1.698233038187026978e-01
2.566336393356323242e+00
2.607994556427001953e+00
3.089926004409790039e+00
9.255394339561462402e-01
2.972194850444793701e-01
-1.307535648345947266e+00
1.453339695930480957e+00
-1.119197964668273926e+00
-2.762408256530761719e+00
-2.706884384155273438e+00
-1.808258175849914551e+00
-5.330225825309753418e-01
1.900411128997802734e+00
1.476798653602600098e-01
-1.190734267234802246e+00
3.071071505546569824e-01
-8.069727569818496704e-02
2.649381160736083984e+00
-1.541831135749816895e+00
2.010516226291656494e-01
-1.845334529876708984e+00
1.305917501449584961e+00
-1.562021613121032715e+00
-2.557275533676147461e+00
-9.023195505142211914e-01
-3.253393769264221191e-01
-1.781265258789062500e+00
1.101715922355651855e+00
-2.559602022171020508e+00
1.037574291229248047e+00
4.512692987918853760e-01
-1.564765721559524536e-01
1.112224340438842773e+00
1.210665106773376465e+00
-4.742940962314605713e-01
1.163221597671508789e+00
9.172670245170593262e-01
1.981716156005859375e+00
-1.121685862541198730e+00
8.791794180870056152e-01
7.593794912099838257e-02
