-9.500502347946166992e-01
-8.290524482727050781e-01
-2.253629118204116821e-01
-2.174236029386520386e-01
8.380855321884155273e-01
2.415303438901901245e-01
-9.083307981491088867e-01
-4.138922691345214844e-01
-1.044527053833007812e+00
1.630105972290039062e-01
-7.276031970977783203e-01
-2.131422013044357300e-01
9.531807303428649902e-01
-9.173324704170227051e-01
-1.040767431259155273e+00
-1.606660038232803345e-01
2.428643852472305298e-01
-4.273160994052886963e-01
-9.176436662673950195e-01
-7.596661448478698730e-01
-2.832615137100219727e+00
2.945990324020385742e+00
1.067579746246337891e+00
1.054229497909545898e+00
-3.257043361663818359e-01
6.400147080421447754e-01
1.122133970260620117e+00
2.178605556488037109e+00
1.102471590042114258e+00
9.487239122390747070e-01
-5.225273966789245605e-01
9.169371128082275391e-01
1.083275914192199707e+00
2.213493585586547852e+00
-2.084963321685791016e+00
2.891073226928710938e-01
-1.175239086151123047e+00
-1.760222077369689941e+00
-1.092397809028625488e+00
8.962887525558471680e-02
1.686944484710693359e+00
2.447802066802978516e+00
-5.766695737838745117e-01
-1.778109192848205566e+00
5.881495475769042969e-01
2.538057565689086914e+00
-1.933730766177177429e-02
-1.662273764610290527e+00
-8.931988477706909180e-02
1.844866037368774414e+00
1.386264562606811523e-01
-6.428933143615722656e-01
-8.455692529678344727e-01
1.425194501876831055e+00
1.489614605903625488e+00
-3.816874921321868896e-01
4.085732102394104004e-01
-1.974442362785339355e+00
1.596599221229553223e-01
-3.654452860355377197e-01
-4.391494691371917725e-01
