6.905771493911743164e-01
-7.275830507278442383e-01
3.737763762474060059e-01
-4.251408874988555908e-01
7.652257680892944336e-01
9.889805912971496582e-01
-9.036116003990173340e-01
-3.456849455833435059e-01
-7.926528453826904297e-01
9.468576908111572266e-01
-2.978942096233367920e-01
-1.036310553550720215e+00
-4.937996566295623779e-01
-1.031660437583923340e+00
-9.473865032196044922e-01
9.122367501258850098e-01
-5.274041891098022461e-01
1.061846613883972168e+00
9.533569216728210449e-01
1.101988792419433594e+00
7.479817271232604980e-01
-2.994440868496894836e-02
1.823599815368652344e+00
-1.779978990554809570e+00
1.059608221054077148e+00
7.708186507225036621e-01
-3.648148104548454285e-02
-8.156760931015014648e-01
-1.777575731277465820e+00
2.085552453994750977e+00
-9.352175891399383545e-02
2.331809401512145996e-01
2.079750537872314453e+00
-2.646949529647827148e+00
-1.884990215301513672e+00
3.239697456359863281e+00
1.123089671134948730e+00
-2.218331098556518555e+00
-2.911719560623168945e+00
-1.331503868103027344e+00
7.232468128204345703e-01
-5.293089151382446289e-01
1.630740284919738770e+00
-2.124419689178466797e+00
-9.687985181808471680e-01
1.047707535326480865e-02
-2.835952043533325195e-01
-1.744511961936950684e+00
1.383354067802429199e+00
1.914450883865356445e+00
-2.761206865310668945e+00
3.287029266357421875e-01
-3.035329818725585938e+00
1.722313523292541504e+00
1.662865161895751953e+00
-2.100269317626953125e+00
-6.987288594245910645e-01
-1.718155741691589355e+00
-1.713176369667053223e+00
-9.496504664421081543e-01
-2.907299697399139404e-01
