-7.423105835914611816e-01
-8.039227128028869629e-01
-6.517350673675537109e-01
1.087779879570007324e+00
-3.578796386718750000e-01
4.468708485364913940e-02
6.470014452934265137e-01
-1.316968917846679688e+00
-7.245324254035949707e-01
-6.152099967002868652e-01
7.251420617103576660e-01
8.491448760032653809e-01
8.035938143730163574e-01
-8.390142917633056641e-01
2.956345081329345703e-01
-8.751627802848815918e-01
4.884850978851318359e-01
-2.712692022323608398e-01
3.961150348186492920e-01
-3.209157288074493408e-01
2.162053585052490234e+00
-2.793874740600585938e+00
-5.695505738258361816e-01
9.307365417480468750e-01
-1.561101675033569336e+00
5.227953195571899414e-01
-1.251029372215270996e+00
-4.693920910358428955e-02
-6.158816218376159668e-01
-7.082220315933227539e-01
-2.170430272817611694e-01
2.123284816741943359e+00
-4.824053943157196045e-01
-5.699462890625000000e-01
-5.802514553070068359e-01
-3.512826934456825256e-02
-2.470657587051391602e+00
-1.194631218910217285e+00
1.833281636238098145e+00
7.032544165849685669e-02
1.796620011329650879e+00
2.137310028076171875e+00
3.523915410041809082e-01
1.292490124702453613e+00
-1.572327733039855957e+00
-1.784982442855834961e+00
-2.302553892135620117e+00
-3.342413306236267090e-01
3.182554151862859726e-03
4.821877479553222656e-01
-7.159706950187683105e-02
-1.567350029945373535e+00
1.085058569908142090e+00
9.466293454170227051e-01
2.828824281692504883e+00
-8.192180991172790527e-01
3.144955158233642578e+00
-1.597987413406372070e+00
2.582437753677368164e+00
1.428662061691284180e+00
7.552142143249511719e-01
