8.031494021415710449e-01
-3.122627437114715576e-01
-9.078951478004455566e-01
8.996123075485229492e-01
1.286173820495605469e+00
-1.054969668388366699e+00
2.176816761493682861e-01
-2.350864112377166748e-01
1.041848301887512207e+00
-1.165643095970153809e+00
-8.057823777198791504e-01
4.217891693115234375e-01
1.531819701194763184e-01
-1.017691016197204590e+00
-8.638644814491271973e-01
7.214862704277038574e-01
2.537882626056671143e-01
7.934912443161010742e-01
-9.499317407608032227e-01
9.284274578094482422e-01
5.885838866233825684e-01
-1.646896123886108398e+00
-8.505970239639282227e-02
-1.875588178634643555e+00
1.447754353284835815e-01
1.273347973823547363e+00
-3.940326869487762451e-01
1.277286887168884277e+00
-3.100898563861846924e-01
4.988326430320739746e-01
2.637647390365600586e+00
-1.847545623779296875e+00
-3.902095854282379150e-01
1.122875928878784180e+00
-1.698457479476928711e+00
3.593032360076904297e-01
1.002803206443786621e+00
2.428286790847778320e+00
6.249493733048439026e-02
-1.611783951520919800e-01
5.398258566856384277e-01
-3.455758810043334961e+00
-3.703870773315429688e-01
-1.469884157180786133e+00
2.090647965669631958e-01
-9.890259504318237305e-01
2.205496311187744141e+00
-1.790254592895507812e+00
-1.773249804973602295e-01
-4.584843814373016357e-01
2.106938362121582031e+00
1.382185578346252441e+00
9.581702351570129395e-01
1.057113170623779297e+00
1.354392647743225098e+00
-7.250300049781799316e-01
7.307918071746826172e-01
-1.785506725311279297e+00
2.882553637027740479e-01
1.558707952499389648e-01
-2.130327820777893066e-01
