-1.073130071163177490e-01
7.523932456970214844e-01
-6.739416718482971191e-01
-8.600405454635620117e-01
-1.585286706686019897e-01
2.553954422473907471e-01
-2.169128805398941040e-01
-6.417677998542785645e-01
-6.231867074966430664e-01
5.187377929687500000e-01
-7.974742650985717773e-01
-5.500951409339904785e-01
4.355111718177795410e-01
6.357985138893127441e-01
-7.303720712661743164e-01
6.654207706451416016e-01
-7.549332976341247559e-01
7.139518260955810547e-01
-8.733191490173339844e-01
2.458192855119705200e-01
3.975765407085418701e-01
-9.974110126495361328e-01
1.005614876747131348e+00
-1.700995862483978271e-01
-1.513735800981521606e-01
4.854540824890136719e-01
-2.893933355808258057e-01
1.650897026062011719e+00
1.862540602684020996e+00
7.998259663581848145e-01
-1.845306634902954102e+00
-2.777713298797607422e+00
-2.077091932296752930e+00
-1.041306614875793457e+00
1.263593584299087524e-01
2.481037229299545288e-01
-2.604535102844238281e+00
-2.131039142608642578e+00
1.719585180282592773e+00
3.663185834884643555e-01
-3.031757175922393799e-01
-1.313706934452056885e-01
2.009571343660354614e-01
-2.597508132457733154e-01
-6.849972605705261230e-01
1.260056972503662109e+00
-1.275141477584838867e+00
6.798639297485351562e-01
7.102897167205810547e-01
-3.357416689395904541e-01
1.686149597167968750e+00
-2.196362495422363281e+00
3.631681919097900391e+00
-3.560776412487030029e-01
-5.777965188026428223e-01
7.057074308395385742e-01
1.997042894363403320e+00
-1.358436822891235352e+00
6.183558106422424316e-01
3.606497347354888916e-01
4.539874494075775146e-01
