-1.770589470863342285e+00
6.965773105621337891e-01
1.179019883275032043e-01
2.969120740890502930e-01
5.989246964454650879e-01
6.150709390640258789e-01
9.038866758346557617e-01
1.725374311208724976e-01
-8.274391889572143555e-01
-4.645474851131439209e-01
-5.050371289253234863e-01
9.429383277893066406e-01
2.613448202610015869e-01
-9.405023455619812012e-01
-8.655241131782531738e-01
-8.481387495994567871e-01
9.389235973358154297e-01
-8.145822286605834961e-01
-7.003434300422668457e-01
9.819113612174987793e-01
1.174031123518943787e-01
-2.435455024242401123e-01
3.718343377113342285e-01
-1.261391639709472656e+00
-8.888439834117889404e-02
3.888332247734069824e-01
2.881746768951416016e+00
2.599926590919494629e-01
-1.619235515594482422e+00
-3.922009468078613281e-01
2.226203203201293945e+00
9.551465511322021484e-01
8.172040581703186035e-01
-2.656179904937744141e+00
-1.485116124153137207e+00
1.507422029972076416e-01
-2.289294242858886719e+00
2.908168792724609375e+00
1.144960641860961914e+00
2.521255254745483398e+00
2.018656954169273376e-02
3.026925325393676758e-01
1.184126734733581543e+00
8.154916763305664062e-01
1.477915644645690918e-01
5.538146197795867920e-02
-1.719218015670776367e+00
7.259325385093688965e-01
6.659356951713562012e-01
-5.974661931395530701e-02
-1.835575461387634277e+00
-4.479485154151916504e-01
4.301404476165771484e+00
-1.342638731002807617e+00
6.638296842575073242e-01
-2.256676256656646729e-01
-9.375122189521789551e-01
1.730390548706054688e+00
6.001638174057006836e-01
-1.494916796684265137e+00
-8.856694698333740234e-01
