-1.103917002677917480e+00
-1.078786492347717285e+00
8.393154740333557129e-01
-1.581146568059921265e-01
-1.557370275259017944e-01
1.000494599342346191e+00
7.415843009948730469e-01
-1.180915355682373047e+00
1.133776664733886719e+00
-1.439146250486373901e-01
-1.645532101392745972e-01
9.831597805023193359e-01
-4.332930445671081543e-01
-1.140879988670349121e+00
1.224885344505310059e+00
6.856193542480468750e-01
1.470864534378051758e+00
-1.192102432250976562e+00
-3.336279392242431641e-01
9.676253199577331543e-01
2.434389293193817139e-01
-2.294749975204467773e+00
-8.788156509399414062e-01
3.490937054157257080e-01
-3.584266901016235352e-01
-3.187004089355468750e+00
3.249189257621765137e-01
4.357615411281585693e-01
3.639927208423614502e-01
4.308653250336647034e-02
-4.310130774974822998e-01
-2.911519408226013184e-01
-1.952023863792419434e+00
2.465351581573486328e+00
-2.414842844009399414e-01
5.152018666267395020e-01
-6.523163318634033203e-01
-3.214210867881774902e-01
1.547280311584472656e+00
3.025695800781250000e+00
-2.019358575344085693e-01
1.611923336982727051e+00
-4.829197227954864502e-01
-1.396752357482910156e+00
-9.840490221977233887e-01
-2.058116436004638672e+00
-1.064783096313476562e+00
3.665236532688140869e-01
8.525178432464599609e-01
-4.531686782836914062e+00
-1.340238213539123535e+00
-4.406102597713470459e-01
-2.378774404525756836e+00
1.670458793640136719e+00
-2.956964671611785889e-01
-9.901883602142333984e-01
9.244937300682067871e-01
-7.317911982536315918e-01
-3.144102334976196289e+00
-1.900786757469177246e+00
2.823995351791381836e-01
