-9.624654650688171387e-01
-1.382576346397399902e+00
9.932233095169067383e-01
-8.568248152732849121e-01
1.321896672248840332e+00
3.273653686046600342e-01
2.984151840209960938e-01
1.468086361885070801e+00
-1.269343972206115723e+00
-7.224090099334716797e-01
-9.240115880966186523e-01
1.760087758302688599e-01
-3.254948556423187256e-01
-1.347385287284851074e+00
7.810823917388916016e-01
1.296504437923431396e-01
1.164142489433288574e+00
8.005505204200744629e-01
-7.260769009590148926e-01
-8.353035449981689453e-01
-2.660996317863464355e-01
-5.618364214897155762e-01
1.335704565048217773e+00
-1.884585976600646973e+00
-5.944113135337829590e-01
-1.592386126518249512e+00
1.248358488082885742e+00
-9.515796899795532227e-01
-6.390218436717987061e-02
3.646599948406219482e-01
-1.209732651710510254e+00
6.933119893074035645e-01
-1.657123684883117676e+00
3.835040926933288574e-01
2.625368118286132812e+00
-5.960446596145629883e-01
-5.904488563537597656e-01
8.037102818489074707e-01
1.900455355644226074e+00
3.627596795558929443e-01
-9.317358136177062988e-01
3.253367841243743896e-01
-1.301343679428100586e+00
1.195530295372009277e+00
-1.225590705871582031e+00
2.724979639053344727e+00
7.779557704925537109e-01
1.081947922706604004e+00
-6.620774865150451660e-01
5.852788686752319336e-01
-1.878089070320129395e+00
4.667322933673858643e-01
-2.525577068328857422e+00
-4.880568087100982666e-01
-1.583648681640625000e+00
1.568768858909606934e+00
-3.034887015819549561e-01
-3.051625192165374756e-01
2.093611955642700195e+00
4.503866136074066162e-01
4.180157184600830078e-01
