1.442977190017700195e+00
-3.935281038284301758e-01
-1.200465679168701172e+00
8.941856026649475098e-01
1.003886818885803223e+00
1.078256607055664062e+00
-5.860974192619323730e-01
5.230718255043029785e-01
-7.542513608932495117e-01
-2.228145748376846313e-01
1.292813569307327271e-01
-4.293327331542968750e-01
8.268293142318725586e-01
1.114454627037048340e+00
-9.661630392074584961e-01
1.958901435136795044e-01
-2.061356604099273682e-01
-7.705776095390319824e-01
9.207397699356079102e-01
-1.196462512016296387e+00
-6.546069383621215820e-01
-2.142410993576049805e+00
-1.844785809516906738e+00
-2.967196941375732422e+00
-2.255524396896362305e+00
-3.625493943691253662e-01
3.686200082302093506e-01
-2.644442796707153320e+00
-1.229915618896484375e-01
-1.096343398094177246e+00
4.243090376257896423e-02
-1.748456001281738281e+00
3.364290893077850342e-01
-1.219006299972534180e+00
1.843945384025573730e-01
-2.409818619489669800e-01
6.892690062522888184e-01
-4.356765747070312500e-01
3.012849807739257812e+00
-2.838949918746948242e+00
1.378168910741806030e-01
-1.634049415588378906e+00
7.721525430679321289e-01
-1.660172462463378906e+00
-1.538102626800537109e+00
1.150204613804817200e-01
-6.111863851547241211e-01
1.860590457916259766e+00
-3.063251450657844543e-02
-1.113968729972839355e+00
2.590713024139404297e+00
-1.103979825973510742e+00
-1.358631402254104614e-01
-4.205509722232818604e-01
-1.111548021435737610e-01
5.692524313926696777e-01
-1.534207820892333984e+00
-3.213471770286560059e-01
-1.780026316642761230e+00
1.052882432937622070e+00
-5.096614360809326172e-01
