-2.474162429571151733e-01
1.214238181710243225e-01
-3.114804029464721680e-01
-9.930698871612548828e-01
-1.223927021026611328e+00
1.041302919387817383e+00
-9.957926869392395020e-01
-3.021565377712249756e-01
1.319542169570922852e+00
6.248201131820678711e-01
-1.291402876377105713e-01
-5.230008363723754883e-01
-4.242123067378997803e-01
-1.798149794340133667e-01
4.003137350082397461e-01
8.306488990783691406e-01
1.392796874046325684e+00
9.406910538673400879e-01
-1.081178545951843262e+00
-5.101458430290222168e-01
5.411891341209411621e-01
4.831321239471435547e-01
4.211118519306182861e-01
1.556789159774780273e+00
-1.769657969474792480e+00
3.241531610488891602e+00
8.891587257385253906e-01
-1.076936483383178711e+00
3.034633398056030273e+00
4.015128016471862793e-01
1.237424015998840332e+00
-5.959281325340270996e-01
9.726139307022094727e-01
2.001318186521530151e-01
-2.290414094924926758e+00
3.764462769031524658e-01
-5.183031558990478516e-01
-3.393488407135009766e+00
2.751443147659301758e+00
-2.753771781921386719e+00
-6.601479053497314453e-01
2.830081462860107422e+00
-5.391356945037841797e-01
6.099596023559570312e-01
9.306999444961547852e-01
-1.079596638679504395e+00
-2.371363937854766846e-01
-7.110105752944946289e-01
-8.137482404708862305e-01
1.641942560672760010e-01
-7.207606434822082520e-01
-3.957605659961700439e-01
-8.646271228790283203e-01
-4.956390857696533203e-01
1.873469948768615723e+00
-2.580845952033996582e-01
1.468989551067352295e-01
-1.653757214546203613e+00
1.235274553298950195e+00
-1.340308666229248047e+00
-4.286964237689971924e-01
