-6.225470900535583496e-01
-3.255532383918762207e-01
3.668450713157653809e-01
2.443900704383850098e-01
-7.713072896003723145e-01
-9.295593500137329102e-01
-5.472038388252258301e-01
-8.274515271186828613e-01
6.346490383148193359e-01
5.870098471641540527e-01
6.174354553222656250e-01
-7.678176760673522949e-01
3.735811412334442139e-01
-8.359230756759643555e-01
7.772533297538757324e-01
6.551406383514404297e-01
-7.721697092056274414e-01
1.989881694316864014e-01
-2.064558416604995728e-01
-4.488503634929656982e-01
-2.290930002927780151e-01
1.451231122016906738e+00
-1.152277469635009766e+00
-8.567882776260375977e-01
2.761071681976318359e+00
-4.048736393451690674e-01
-1.973962187767028809e+00
1.581857681274414062e+00
9.573802947998046875e-01
7.671733200550079346e-02
-1.224393486976623535e+00
2.034607172012329102e+00
-1.544354259967803955e-01
-1.909103058278560638e-02
1.635327577590942383e+00
-5.313125848770141602e-01
-2.520289421081542969e+00
-2.708681523799896240e-01
-1.618492960929870605e+00
4.030059278011322021e-01
2.459152340888977051e-01
-1.712365746498107910e+00
1.118857145309448242e+00
1.365611791610717773e+00
1.736842870712280273e+00
7.031092047691345215e-02
-2.562173366546630859e+00
1.016131997108459473e+00
-7.760131359100341797e-01
6.223575472831726074e-01
8.174661993980407715e-01
1.511136651039123535e+00
-4.872219637036323547e-02
-3.432175815105438232e-01
-1.250906825065612793e+00
-5.752884969115257263e-02
1.823028087615966797e+00
5.401619076728820801e-01
-2.531650066375732422e+00
-3.898794054985046387e-01
-1.306766510009765625e+00
