-2.834647297859191895e-01
-7.148122787475585938e-01
5.443181395530700684e-01
1.383623927831649780e-01
1.504529118537902832e-01
4.012151360511779785e-01
1.220971703529357910e+00
1.007421612739562988e+00
1.649669528007507324e+00
1.049211502075195312e+00
2.808619141578674316e-01
8.302370309829711914e-01
1.247861981391906738e+00
-1.009914398193359375e+00
-1.290078740566968918e-02
5.533022284507751465e-01
-1.732527017593383789e-01
9.726759791374206543e-01
-9.330980777740478516e-01
1.276772260665893555e+00
1.653628826141357422e+00
-5.575994849205017090e-01
-1.924716591835021973e+00
3.670823872089385986e-01
-7.390615940093994141e-01
-1.519994974136352539e+00
3.149859666824340820e+00
-5.880826115608215332e-01
-6.379647850990295410e-01
3.615116357803344727e+00
1.137315869331359863e+00
-2.280593156814575195e+00
1.306828498840332031e+00
1.813669204711914062e+00
-8.425623774528503418e-01
-2.167846441268920898e+00
-1.014394879341125488e+00
-3.635704040527343750e+00
2.433850288391113281e+00
2.244332790374755859e+00
-1.635296225547790527e+00
-6.660299301147460938e-01
1.009138941764831543e+00
3.163094520568847656e+00
9.212987422943115234e-01
1.140918850898742676e+00
-1.507357597351074219e+00
1.300362944602966309e-01
1.642451286315917969e-01
-1.331711053848266602e+00
4.265952587127685547e+00
-1.843889832496643066e+00
-5.756019949913024902e-01
5.322499871253967285e-01
-1.813242286443710327e-01
1.206107497215270996e+00
-8.333129882812500000e-01
-1.727228879928588867e+00
1.061186552047729492e+00
-1.181612730026245117e+00
-1.113396883010864258e+00
