-9.074228256940841675e-02
3.317127823829650879e-01
6.955011487007141113e-01
3.671616911888122559e-01
2.250997573137283325e-01
-5.986918136477470398e-02
1.013334393501281738e+00
-9.688616991043090820e-01
-7.333434820175170898e-01
-3.855768144130706787e-01
8.437496423721313477e-01
8.645654320716857910e-01
8.700589537620544434e-01
8.309078216552734375e-01
-8.839476108551025391e-01
-1.083709001541137695e+00
8.799632191658020020e-01
-9.603299200534820557e-02
-9.385450482368469238e-01
-4.351850450038909912e-01
-2.254590541124343872e-01
1.700651496648788452e-01
1.757357716560363770e-01
-1.610613107681274414e+00
-4.299478530883789062e-01
-5.881750583648681641e-01
2.565160691738128662e-01
3.404590129852294922e+00
-1.105178356170654297e+00
1.777473211288452148e+00
1.611215829849243164e+00
-1.282537221908569336e+00
2.466135263442993164e+00
1.044231176376342773e+00
-6.475110054016113281e-01
2.737436532974243164e+00
8.389015793800354004e-01
-2.711740732192993164e-01
6.173976659774780273e-01
-2.366395711898803711e+00
-7.690943479537963867e-01
1.748615652322769165e-01
8.353722095489501953e-02
1.963246822357177734e+00
1.138906717300415039e+00
-5.447931885719299316e-01
4.637681841850280762e-01
1.702908396720886230e+00
6.795886754989624023e-01
-1.869783401489257812e+00
-8.827052116394042969e-01
-1.182808041572570801e+00
-1.585774660110473633e+00
-4.338761270046234131e-01
8.327174186706542969e-02
1.437150359153747559e+00
7.123689055442810059e-01
-1.050077319145202637e+00
-9.879953265190124512e-01
-3.448154926300048828e+00
-1.258548617362976074e+00
