-4.060313999652862549e-01
7.011779546737670898e-01
-7.323721051216125488e-01
-8.904857039451599121e-01
-9.861779212951660156e-01
-1.020136952400207520e+00
-9.941596984863281250e-01
6.912273168563842773e-01
-6.436071395874023438e-01
5.962599515914916992e-01
4.066381156444549561e-01
8.273957371711730957e-01
7.409114241600036621e-01
1.234498500823974609e+00
-4.296107888221740723e-01
8.122077584266662598e-02
-7.531985044479370117e-01
-6.425249576568603516e-01
5.624727010726928711e-01
-1.000017285346984863e+00
-4.083835184574127197e-01
4.620119333267211914e-01
4.695479869842529297e-01
2.569432735443115234e+00
-9.351153969764709473e-01
1.868312597274780273e+00
4.789499938488006592e-01
7.556381225585937500e-01
-1.488914728164672852e+00
3.148367106914520264e-01
-4.288684725761413574e-01
3.492540493607521057e-02
-5.868713855743408203e-01
3.483959659934043884e-02
2.257530927658081055e+00
-4.638015031814575195e-01
-2.357302665710449219e+00
-1.048734545707702637e+00
2.806478261947631836e+00
5.200871825218200684e-01
-1.319913715124130249e-01
-6.033763289451599121e-01
-2.743645310401916504e-01
1.745967864990234375e+00
-1.245205760002136230e+00
1.190417408943176270e+00
9.210094064474105835e-02
-3.110623955726623535e-01
1.077898263931274414e+00
6.353870034217834473e-02
1.011023402214050293e+00
1.169308274984359741e-01
2.006893455982208252e-01
6.221113204956054688e-01
-3.314630508422851562e+00
1.164689064025878906e+00
1.507551431655883789e+00
4.900400340557098389e-01
2.745586156845092773e+00
1.151219010353088379e-02
1.194916605949401855e+00
