7.832463383674621582e-01
1.031810283660888672e+00
-9.391497969627380371e-01
-6.222693324089050293e-01
-2.660212814807891846e-01
9.186649322509765625e-01
7.500182390213012695e-01
6.387678384780883789e-01
-7.747297286987304688e-01
4.357209205627441406e-01
-6.865363717079162598e-01
-1.969461590051651001e-01
-5.200379490852355957e-01
9.212428927421569824e-01
-8.532670736312866211e-01
-7.338865399360656738e-01
3.285409808158874512e-01
-4.041834771633148193e-01
-9.118162393569946289e-01
-7.409520745277404785e-01
-1.175419807434082031e+00
4.716438353061676025e-01
3.392247676849365234e+00
1.801980733871459961e-01
6.112065911293029785e-01
-5.357252359390258789e-01
4.480684995651245117e-01
1.958839446306228638e-01
-2.228640794754028320e+00
-1.952154397964477539e+00
6.109812259674072266e-01
-6.243750452995300293e-01
-2.716811656951904297e+00
-2.036418765783309937e-01
1.223903656005859375e+00
-1.684313297271728516e+00
-1.124508023262023926e+00
1.593010306358337402e+00
2.349323749542236328e+00
2.766874730587005615e-01
-8.263618946075439453e-01
1.203261613845825195e+00
1.963082790374755859e+00
5.920898318290710449e-01
-1.137087225914001465e+00
1.330227375030517578e+00
-2.736912667751312256e-01
-4.879556298255920410e-01
1.405901551246643066e+00
2.496210575103759766e+00
-8.029277920722961426e-01
-6.611998677253723145e-01
-3.737815856933593750e+00
3.795859813690185547e-01
5.406420826911926270e-01
1.784529566764831543e+00
1.478538870811462402e+00
-1.485858321189880371e+00
2.532139301300048828e+00
3.414697945117950439e-01
-5.768368244171142578e-01
