-4.896751344203948975e-01
-1.106493711471557617e+00
2.470083236694335938e-01
-1.987687647342681885e-01
-9.404617547988891602e-01
7.755616307258605957e-01
-8.769149780273437500e-01
9.769906401634216309e-01
-8.523880839347839355e-01
-9.547845125198364258e-01
-9.217501282691955566e-01
3.477870523929595947e-01
1.037307262420654297e+00
9.151883125305175781e-01
-8.157421946525573730e-01
-8.495694398880004883e-01
-9.212659001350402832e-01
-4.195752739906311035e-01
-9.597268700599670410e-01
-3.986694514751434326e-01
-5.559289455413818359e-01
-2.510216712951660156e+00
-1.465827584266662598e+00
1.905748844146728516e-01
-7.752973586320877075e-02
-2.279103517532348633e+00
9.034373164176940918e-01
3.178085565567016602e+00
-4.915850162506103516e-01
2.537343800067901611e-01
2.957443952560424805e+00
-1.395170450210571289e+00
-2.671483516693115234e+00
-1.428668260574340820e+00
6.415913701057434082e-01
-7.690569758415222168e-01
1.301701903343200684e+00
-2.409289360046386719e+00
2.743749856948852539e+00
-2.208979606628417969e+00
-2.165062353014945984e-02
1.143898010253906250e+00
3.817993402481079102e+00
-2.264880180358886719e+00
1.329400241374969482e-01
-1.483097553253173828e+00
-1.637498378753662109e+00
-1.250330328941345215e+00
-2.202678680419921875e+00
-4.994248151779174805e-01
2.158837556838989258e+00
1.629848480224609375e+00
-1.978049516677856445e+00
-6.576119065284729004e-01
1.147089362144470215e+00
1.924719572067260742e+00
8.596603274345397949e-01
-1.778354644775390625e+00
-2.568593978881835938e+00
-1.753728985786437988e+00
7.471534013748168945e-01
