-2.360431700944900513e-01
1.118731975555419922e+00
5.146356225013732910e-01
-2.070634812116622925e-01
9.517362713813781738e-01
-1.150757431983947754e+00
-8.764969706535339355e-01
-1.055552840232849121e+00
-7.441068291664123535e-01
-2.963740825653076172e-01
1.061694860458374023e+00
-8.628139495849609375e-01
-1.256688952445983887e+00
-1.290215015411376953e+00
9.778609871864318848e-01
2.670529782772064209e-01
1.292577266693115234e+00
-3.698657155036926270e-01
4.876683652400970459e-01
1.298441886901855469e+00
-9.302632212638854980e-01
1.897354364395141602e+00
2.375685453414916992e+00
-8.914629220962524414e-01
3.407313823699951172e+00
2.723326683044433594e+00
-1.636849939823150635e-01
1.601524472236633301e+00
1.209791079163551331e-01
1.194072604179382324e+00
2.760780811309814453e+00
-5.727973580360412598e-01
1.787605047225952148e+00
1.387353301048278809e+00
-3.182478427886962891e+00
-1.147912621498107910e+00
-1.242371320724487305e+00
1.457849144935607910e-01
-2.182272911071777344e+00
-1.150740146636962891e+00
-1.393515825271606445e+00
-9.455812573432922363e-01
2.782148361206054688e+00
-2.071544885635375977e+00
-1.945480227470397949e+00
1.749197721481323242e+00
-4.124159216880798340e-01
6.929773092269897461e-01
-5.167043209075927734e-01
-1.658213973045349121e+00
-1.949291944503784180e+00
-1.234640032052993774e-01
9.572606682777404785e-01
-1.084853172302246094e+00
-1.935572862625122070e+00
3.218302965164184570e+00
-6.144546866416931152e-01
-1.374190449714660645e+00
1.424085378646850586e+00
-3.389384150505065918e-01
3.068319261074066162e-01
