8.308708071708679199e-01
-4.755007028579711914e-01
-3.604077100753784180e-01
-8.126997947692871094e-01
-8.842217326164245605e-01
8.108994960784912109e-01
-8.673174381256103516e-01
-3.126354515552520752e-01
-5.995975136756896973e-01
5.358284115791320801e-01
-3.345782756805419922e-01
-6.209230422973632812e-01
-6.235449314117431641e-01
-7.733642458915710449e-01
1.801644861698150635e-01
9.484688639640808105e-01
-3.269703686237335205e-01
7.377099394798278809e-01
6.755276918411254883e-01
-7.924519181251525879e-01
-3.011058092117309570e+00
2.965011596679687500e-01
1.662009596824645996e+00
-2.345044612884521484e+00
-1.595024824142456055e+00
-1.228757739067077637e+00
2.223386287689208984e+00
-1.441889524459838867e+00
2.442841380834579468e-01
1.259698748588562012e+00
-1.862999439239501953e+00
9.038922786712646484e-01
-3.905073106288909912e-01
6.323375105857849121e-01
-5.610253810882568359e-01
8.385814428329467773e-01
1.547521352767944336e+00
-6.346877813339233398e-01
-1.249364852905273438e+00
4.967070817947387695e-01
-1.654805541038513184e+00
-4.073232412338256836e-01
-2.042504072189331055e+00
1.468425273895263672e+00
9.610968232154846191e-01
-5.697869658470153809e-01
1.455551385879516602e+00
-1.363250374794006348e+00
-1.885725736618041992e+00
-6.468743085861206055e-01
-3.092395544052124023e+00
-3.713176250457763672e-01
-8.690813183784484863e-02
8.469520136713981628e-03
2.832295298576354980e-01
-1.143823564052581787e-01
-2.243661642074584961e+00
-1.089344173669815063e-01
-6.773114800453186035e-01
7.851862907409667969e-02
-8.152385950088500977e-01
