4.141634702682495117e-01
-8.405867815017700195e-01
1.329214334487915039e+00
9.674174189567565918e-01
9.791126847267150879e-01
2.928861677646636963e-01
-8.970275521278381348e-01
-7.011742591857910156e-01
-1.071281954646110535e-01
7.182677388191223145e-01
8.172667622566223145e-01
-8.015925884246826172e-01
1.334913820028305054e-01
1.637390404939651489e-01
-3.447721898555755615e-01
2.844824790954589844e-01
-8.793384432792663574e-01
-7.556896209716796875e-01
1.279401421546936035e+00
-6.613191366195678711e-01
-1.770215392112731934e+00
-2.406719207763671875e+00
7.915282845497131348e-01
1.729782819747924805e+00
2.672945857048034668e-01
-1.312221646308898926e+00
8.255217671394348145e-01
3.081778436899185181e-02
-1.021803975105285645e+00
-8.865011483430862427e-02
-1.329997539520263672e+00
-5.879881381988525391e-01
6.166532039642333984e-01
6.678333133459091187e-02
-1.162178993225097656e+00
-1.114975333213806152e+00
1.878332942724227905e-01
2.159913539886474609e+00
6.571221351623535156e-01
2.341737270355224609e+00
1.377984285354614258e+00
1.732989192008972168e+00
-5.768172740936279297e-01
-1.188236355781555176e+00
3.861016929149627686e-01
1.341104507446289062e+00
-7.119881510734558105e-01
6.862178444862365723e-02
-2.147259235382080078e+00
-3.600013256072998047e-02
-9.689890742301940918e-01
3.297269642353057861e-01
1.627268552780151367e+00
1.745773673057556152e+00
-2.002116203308105469e+00
1.238898396492004395e+00
1.869953125715255737e-01
1.540062546730041504e+00
5.070244669914245605e-01
1.691879510879516602e+00
-1.646728396415710449e+00
