1.223430156707763672e+00
3.032126426696777344e-01
1.328278064727783203e+00
1.064496397972106934e+00
1.140479087829589844e+00
-1.189145207405090332e+00
-1.288139462471008301e+00
1.056002497673034668e+00
-1.133139967918395996e+00
-1.248192071914672852e+00
3.443032503128051758e-01
6.640792638063430786e-02
4.625602662563323975e-01
1.059261798858642578e+00
-1.107364058494567871e+00
1.125787138938903809e+00
-2.341206651180982590e-03
9.955523610115051270e-01
1.154495358467102051e+00
-1.464667320251464844e+00
2.655408382415771484e+00
-1.812903285026550293e+00
7.464337348937988281e-01
-2.463302463293075562e-01
9.768514633178710938e-01
-1.697818040847778320e+00
-1.763815402984619141e+00
-3.305464982986450195e+00
-1.632739424705505371e+00
-9.233987331390380859e-01
-2.037053585052490234e+00
6.078652739524841309e-01
2.083658695220947266e+00
3.286945819854736328e+00
2.379326820373535156e+00
1.508123278617858887e+00
1.528753519058227539e+00
1.838852047920227051e+00
1.756265759468078613e+00
-2.118718385696411133e+00
-2.044649124145507812e+00
1.118891358375549316e+00
2.070436924695968628e-01
1.185293197631835938e+00
-2.368649095296859741e-01
8.175210952758789062e-01
5.805752277374267578e-01
-1.505897402763366699e+00
-1.121903300285339355e+00
9.516556560993194580e-02
4.767278194427490234e+00
1.966423034667968750e+00
3.623760938644409180e+00
-1.502033114433288574e+00
1.358126282691955566e+00
1.079377770423889160e+00
-1.016782999038696289e+00
1.362558484077453613e+00
-7.441682219505310059e-01
5.814120173454284668e-01
2.177798509597778320e+00
