-3.114432990550994873e-01
7.794852256774902344e-01
-1.165608406066894531e+00
1.005140423774719238e+00
4.264196157455444336e-01
-9.975228309631347656e-01
-1.000304698944091797e+00
8.217802047729492188e-01
-8.586041331291198730e-01
-1.053623318672180176e+00
7.036185860633850098e-01
-4.418148472905158997e-02
7.750412225723266602e-01
-1.233621001243591309e+00
9.741404652595520020e-01
-1.458733320236206055e+00
-3.310974240303039551e-01
9.753997325897216797e-01
-1.269952654838562012e+00
-4.179775416851043701e-01
4.728880524635314941e-01
-4.571163952350616455e-01
-5.719510316848754883e-01
-3.323166966438293457e-01
-1.765266895294189453e+00
-2.071987152099609375e+00
-4.420681297779083252e-01
-8.693312406539916992e-01
2.636568546295166016e+00
2.825678586959838867e-01
-3.637751340866088867e-01
6.367954015731811523e-01
5.297002792358398438e-01
6.894249916076660156e-01
3.086609601974487305e+00
8.363913893699645996e-01
-1.437824487686157227e+00
-2.005115270614624023e+00
7.334509491920471191e-01
-1.667239308357238770e+00
-9.240660071372985840e-01
-1.293000280857086182e-01
3.317070901393890381e-01
7.601408958435058594e-01
3.506078004837036133e+00
1.539727330207824707e+00
-8.784776329994201660e-01
-5.221993923187255859e-01
2.044527292251586914e+00
-4.049964994192123413e-02
-5.636689439415931702e-02
-9.638040065765380859e-01
-2.560983598232269287e-01
2.535671293735504150e-01
-1.603855609893798828e+00
5.161808133125305176e-01
-2.700660467147827148e+00
-1.199730873107910156e+00
-8.888319134712219238e-01
-1.405815720558166504e+00
2.748398184776306152e-01
