-8.364366888999938965e-01
-7.716392278671264648e-01
-7.739170193672180176e-01
-3.448876142501831055e-01
-9.591159820556640625e-01
8.211463093757629395e-01
2.877367734909057617e-01
4.569646716117858887e-01
-8.610434830188751221e-02
-4.654877781867980957e-01
4.021210372447967529e-01
-9.068161845207214355e-01
-1.081610083580017090e+00
-6.127228736877441406e-01
-4.583300352096557617e-01
1.033949851989746094e+00
9.414080381393432617e-01
1.059366583824157715e+00
-3.575360476970672607e-01
1.372969627380371094e+00
-1.087980508804321289e+00
-1.713562130928039551e+00
-1.691378355026245117e+00
-1.625436902046203613e+00
-1.061510920524597168e+00
-1.754202246665954590e+00
1.315279126167297363e+00
-1.187742203474044800e-01
7.925994694232940674e-02
9.547904133796691895e-01
-2.048027753829956055e+00
-3.014061212539672852e+00
-1.003236651420593262e+00
-1.935308575630187988e-01
-3.635747358202934265e-02
-1.867349624633789062e+00
1.922728419303894043e+00
-3.055711030960083008e+00
-1.730524778366088867e+00
2.183098047971725464e-01
-1.326059818267822266e+00
8.157932162284851074e-01
7.906636595726013184e-01
-2.356706857681274414e+00
2.446866631507873535e-01
-6.494621038436889648e-01
1.197337865829467773e+00
1.611329466104507446e-01
-4.868749380111694336e-01
-4.469878077507019043e-01
3.829776287078857422e+00
1.904584050178527832e+00
1.611571907997131348e-01
-6.938804984092712402e-01
-1.913221627473831177e-01
-1.223883748054504395e+00
-1.057878136634826660e+00
-1.223515391349792480e+00
-1.631087899208068848e+00
4.146967232227325439e-01
1.512454599142074585e-01
