2.804417610168457031e-01
5.100834369659423828e-01
7.982882261276245117e-01
1.103940367698669434e+00
5.935456156730651855e-01
-1.478946059942245483e-01
8.820173740386962891e-01
9.132022261619567871e-01
-3.227598071098327637e-01
3.595169186592102051e-01
-7.379257678985595703e-01
8.368598818778991699e-01
3.682358562946319580e-01
2.722925543785095215e-01
4.523892700672149658e-01
-1.004393026232719421e-01
1.577501446008682251e-01
2.476164251565933228e-01
-2.587392330169677734e-01
7.006264328956604004e-01
-1.191823959350585938e+00
-7.434000372886657715e-01
2.359460353851318359e+00
1.640059500932693481e-01
-1.993931889533996582e+00
3.061633706092834473e-01
8.655543923377990723e-01
1.733241796493530273e+00
6.498088836669921875e-01
1.143762230873107910e+00
1.526669502258300781e+00
-4.543180167675018311e-01
7.660726904869079590e-01
1.369661688804626465e+00
-3.944437801837921143e-01
-1.843506693840026855e-01
-2.735380828380584717e-01
-5.518363714218139648e-01
1.022108554840087891e+00
-2.187968254089355469e+00
7.885586023330688477e-01
-6.597272753715515137e-01
-1.443450212478637695e+00
7.826992869377136230e-02
-1.151286125183105469e+00
-2.031709194183349609e+00
-3.413616418838500977e-01
-9.335271120071411133e-01
-9.621090292930603027e-01
2.151873409748077393e-01
1.250693678855895996e+00
1.181316748261451721e-01
-7.419976592063903809e-02
1.733826994895935059e+00
-1.252198368310928345e-01
-2.231391191482543945e+00
9.110625386238098145e-01
9.506778717041015625e-01
-1.273943543434143066e+00
-1.211785912513732910e+00
4.947327077388763428e-02
