3.809883892536163330e-01
-7.924459576606750488e-01
4.161462485790252686e-01
1.136875987052917480e+00
6.038539409637451172e-01
-9.179581403732299805e-01
-6.536422371864318848e-01
-1.053274393081665039e+00
1.162760853767395020e+00
-8.501988649368286133e-01
8.411850929260253906e-01
-8.227165341377258301e-01
-6.913519501686096191e-01
-1.326098442077636719e+00
7.690581083297729492e-01
1.195018410682678223e+00
-1.176589488983154297e+00
2.655489146709442139e-01
-3.355980515480041504e-01
7.919453382492065430e-01
-1.733664393424987793e+00
-6.318289637565612793e-01
-2.464106082916259766e+00
4.713319242000579834e-01
1.283565640449523926e+00
-2.728423774242401123e-01
-1.372828602790832520e+00
-1.200179696083068848e+00
-6.748231053352355957e-01
-5.225737094879150391e-01
2.618957519531250000e+00
2.772959470748901367e-01
2.039707660675048828e+00
4.849961102008819580e-01
-1.948254942893981934e+00
4.695185720920562744e-01
-4.743263125419616699e-01
1.086869359016418457e+00
-2.083278179168701172e+00
9.454748779535293579e-02
1.392866015434265137e+00
1.790360063314437866e-01
3.198285102844238281e+00
1.597788631916046143e-01
-1.364477276802062988e+00
-1.310616284608840942e-01
1.373078823089599609e+00
-6.580651402473449707e-01
6.980805993080139160e-01
4.693005084991455078e-01
-1.450405836105346680e+00
4.940977692604064941e-01
9.163078069686889648e-01
-4.143935441970825195e-01
-1.829121947288513184e+00
5.736086964607238770e-01
-5.697454810142517090e-01
4.779427528381347656e+00
-1.808988809585571289e+00
-6.359425783157348633e-01
-1.780416518449783325e-01
