-1.066586732864379883e+00
-3.653382360935211182e-01
9.325454384088516235e-02
-6.173497438430786133e-01
-3.255927562713623047e-01
2.675920724868774414e-01
-6.725732684135437012e-01
-6.166912913322448730e-01
2.114190757274627686e-01
7.149991989135742188e-01
-6.640558838844299316e-01
7.009636759757995605e-01
-1.025967836380004883e+00
6.490770578384399414e-01
9.846481680870056152e-01
7.267165184020996094e-01
6.735677123069763184e-01
-7.238079905509948730e-01
-9.014249444007873535e-01
-3.374944627285003662e-01
-6.499227136373519897e-02
-1.571335673332214355e+00
4.297232031822204590e-01
4.456764459609985352e-01
1.323789596557617188e+00
-1.557887792587280273e+00
-4.503200352191925049e-01
5.965945124626159668e-01
1.344423532485961914e+00
-1.703355312347412109e-01
-1.960144877433776855e+00
-9.015244245529174805e-01
7.680606245994567871e-01
-3.144856989383697510e-01
2.139206826686859131e-01
-2.239608287811279297e+00
1.444014787673950195e+00
-1.692240387201309204e-01
9.898869395256042480e-01
1.234693408012390137e+00
-6.727873682975769043e-01
-2.029991865158081055e+00
5.017886161804199219e-01
8.420606255531311035e-01
-1.392237782478332520e+00
1.118330121040344238e+00
-4.867490530014038086e-01
6.203269362449645996e-01
1.654563426971435547e+00
-5.970204472541809082e-01
1.333662033081054688e+00
-1.018947005271911621e+00
-8.671134114265441895e-01
-6.569970250129699707e-01
1.541834175586700439e-01
-1.830322742462158203e+00
-1.182593107223510742e+00
-4.529807567596435547e-01
-1.013446092605590820e+00
-1.146921277046203613e+00
-5.854386687278747559e-01
