8.244268894195556641e-01
-1.096337556838989258e+00
-5.894459486007690430e-01
7.525627017021179199e-01
1.583322644233703613e+00
-8.683777451515197754e-01
-1.763744801282882690e-01
-9.303198456764221191e-01
2.564892470836639404e-01
8.676438331604003906e-01
7.584810853004455566e-01
-1.316662281751632690e-01
1.101037502288818359e+00
-3.529393374919891357e-01
9.272058010101318359e-01
-1.289608836174011230e+00
7.411658167839050293e-01
-1.578674018383026123e-01
4.258534908294677734e-01
8.330527544021606445e-01
-2.572833061218261719e+00
-6.504519581794738770e-01
-4.524188488721847534e-02
1.069046139717102051e+00
-4.347434639930725098e-01
-2.759649753570556641e+00
-6.899328231811523438e-01
1.829250097274780273e+00
-1.464681982994079590e+00
1.613560557365417480e+00
-9.474539011716842651e-02
-3.142550289630889893e-01
-7.641092538833618164e-01
-1.841835856437683105e+00
-2.249092757701873779e-01
-1.165004134178161621e+00
2.037649869918823242e+00
3.515451550483703613e-01
-1.370707273483276367e+00
2.476586818695068359e+00
-1.938682436943054199e+00
1.184933260083198547e-01
2.474244534969329834e-01
1.445323228836059570e+00
-2.571737393736839294e-02
1.977864980697631836e+00
-1.453684568405151367e+00
1.350210547447204590e+00
2.916017055511474609e+00
-1.971189618110656738e+00
6.209392547607421875e-01
-1.610128045082092285e+00
-2.999620139598846436e-01
-1.992721080780029297e+00
2.930864393711090088e-01
1.622024178504943848e-01
-1.372106671333312988e+00
-1.385197520256042480e+00
9.757227897644042969e-01
1.392364859580993652e+00
2.558533251285552979e-01
