-2.308833748102188110e-01
-3.660524189472198486e-01
1.251904815435409546e-01
-8.420977592468261719e-01
9.583590626716613770e-01
1.052126765251159668e+00
3.232964873313903809e-01
1.016195774078369141e+00
-7.533943653106689453e-01
5.813796520233154297e-01
-1.528178751468658447e-01
9.098492264747619629e-01
-6.982670426368713379e-01
1.334932446479797363e+00
1.139629110693931580e-01
8.767669796943664551e-01
-1.517780572175979614e-01
-7.404307126998901367e-01
9.481876492500305176e-01
-9.834089875221252441e-01
-5.780598521232604980e-01
1.893468856811523438e+00
3.273535147309303284e-02
2.611549615859985352e+00
-2.002020835876464844e+00
2.205615043640136719e+00
1.492689371109008789e+00
3.159524679183959961e+00
9.578440785408020020e-01
-6.405822038650512695e-01
3.543180227279663086e-01
-5.979948639869689941e-01
9.842289090156555176e-01
1.465636968612670898e+00
7.214273512363433838e-02
-4.482123255729675293e-02
5.441482663154602051e-01
3.955879807472229004e-01
-5.634131431579589844e-01
-1.955965518951416016e+00
-2.144335031509399414e+00
-2.186572551727294922e+00
1.237561464309692383e+00
2.350207805633544922e+00
-1.244253993034362793e+00
-1.332592606544494629e+00
1.872177600860595703e+00
-1.746669173240661621e+00
1.342078205198049545e-02
-1.035385251045227051e+00
-2.988960027694702148e+00
5.768190622329711914e-01
7.822114229202270508e-01
-4.578241705894470215e-01
3.475211381912231445e+00
2.021211385726928711e-01
-1.438937902450561523e+00
-8.221936225891113281e-01
-4.359478056430816650e-01
8.748180270195007324e-01
5.861483216285705566e-01
