-9.991599321365356445e-01
8.770030736923217773e-01
-1.138383388519287109e+00
1.029932141304016113e+00
7.842950224876403809e-01
8.855323195457458496e-01
-1.099376320838928223e+00
2.991015315055847168e-01
1.074057340621948242e+00
-1.010859847068786621e+00
1.268583774566650391e+00
1.335407376289367676e+00
-9.830200672149658203e-01
1.036922037601470947e-01
1.289719343185424805e+00
-3.839614093303680420e-01
-8.876655101776123047e-01
4.425642192363739014e-01
-2.493096590042114258e-01
1.330634951591491699e+00
7.572668194770812988e-01
-2.933609485626220703e+00
-4.659812450408935547e-01
1.320507377386093140e-01
2.450978279113769531e+00
1.298253685235977173e-01
-8.879519104957580566e-01
-1.524019598960876465e+00
4.128929078578948975e-01
2.359349131584167480e-01
8.632861971855163574e-01
5.959978699684143066e-01
2.206900119781494141e+00
-3.226482868194580078e-01
6.761468648910522461e-01
1.885327219963073730e+00
-1.953183293342590332e+00
2.289892196655273438e+00
-1.127679586410522461e+00
7.407726645469665527e-01
-1.389447227120399475e-02
-1.522258281707763672e+00
-1.381027419120073318e-02
4.321517050266265869e-01
-1.377483725547790527e+00
2.242676466703414917e-01
7.908040881156921387e-01
1.165098786354064941e+00
-7.377130538225173950e-02
-3.790233433246612549e-01
7.066395878791809082e-01
-3.366648554801940918e-01
1.067065596580505371e+00
1.501780867576599121e+00
-5.385107398033142090e-01
-1.853715896606445312e+00
1.156635046005249023e+00
1.623587965965270996e+00
-2.229111671447753906e+00
6.384839415550231934e-01
-1.702869981527328491e-01
