-9.725468754768371582e-01
-1.034541130065917969e+00
3.982827365398406982e-01
-1.038219928741455078e+00
-1.110187768936157227e+00
-1.082378268241882324e+00
8.256504535675048828e-01
-8.765007853507995605e-01
-4.729146361351013184e-01
-1.047870293259620667e-01
-1.044883847236633301e+00
1.133799195289611816e+00
1.112767219543457031e+00
7.712875008583068848e-01
-1.036022186279296875e+00
-2.049369215965270996e-01
3.463036119937896729e-01
-1.034316420555114746e+00
-8.433555960655212402e-01
-2.193579673767089844e-01
-2.949559211730957031e+00
-1.637695908546447754e+00
2.339149951934814453e+00
-3.952901065349578857e-01
-1.045066118240356445e+00
4.858398437500000000e-01
-1.588261008262634277e+00
2.041268587112426758e+00
-7.674468159675598145e-01
9.577730298042297363e-02
-5.095248669385910034e-02
1.722128033638000488e+00
-3.467007279396057129e-01
6.065366864204406738e-01
-1.405893445014953613e+00
6.123002767562866211e-01
-1.534329652786254883e+00
-2.029500722885131836e+00
2.775426864624023438e+00
7.204098701477050781e-01
1.499143719673156738e+00
-2.227892398834228516e+00
3.763383388519287109e+00
1.004413329064846039e-02
3.971681892871856689e-01
6.479275878518819809e-03
-8.655455708503723145e-01
1.286147356033325195e+00
-7.285029292106628418e-01
-9.120990037918090820e-01
-1.030070483684539795e-01
-9.830111861228942871e-01
3.041756451129913330e-01
9.549494981765747070e-01
7.932568192481994629e-01
-9.727838039398193359e-01
3.388919591903686523e+00
2.072855710983276367e+00
1.891430854797363281e+00
-1.532237529754638672e+00
-5.384395718574523926e-01
