-9.774285554885864258e-01
-5.360762476921081543e-01
-1.516299247741699219e+00
-3.020518124103546143e-01
1.034031152725219727e+00
3.208031654357910156e-01
-2.616605758666992188e-01
9.708756804466247559e-01
2.270719558000564575e-01
1.076930165290832520e+00
6.281157732009887695e-01
1.482964754104614258e+00
6.862373948097229004e-01
1.100725293159484863e+00
-4.185666739940643311e-01
-8.308339118957519531e-01
-1.164258003234863281e+00
-1.068587779998779297e+00
-1.549036383628845215e+00
-1.266162633895874023e+00
-3.054550647735595703e+00
2.818264245986938477e+00
-2.074851036071777344e+00
-1.383569478988647461e+00
-9.635900855064392090e-01
1.645128011703491211e+00
-1.134086608886718750e+00
-3.358319520950317383e+00
8.511580824851989746e-01
1.347004652023315430e+00
-1.589403867721557617e+00
-1.085370332002639771e-01
5.239902138710021973e-01
-1.909807205200195312e+00
-7.234962582588195801e-01
-8.851927518844604492e-01
-2.521484851837158203e+00
2.753880739212036133e+00
-5.167509317398071289e-01
-6.816909909248352051e-01
1.423287510871887207e+00
-2.260268211364746094e+00
7.130410075187683105e-01
-2.137053728103637695e+00
4.178591966629028320e-01
3.971713483333587646e-01
-2.190137863159179688e+00
-1.391811490058898926e+00
3.033523261547088623e-01
6.707074046134948730e-01
2.030174016952514648e+00
3.479147553443908691e-01
-9.562424570322036743e-02
-8.727777600288391113e-01
-1.644189935177564621e-03
-2.779881656169891357e-01
1.305824398994445801e+00
1.600908756256103516e+00
-9.623183310031890869e-02
3.091472685337066650e-01
-9.987722039222717285e-01
