-9.883696436882019043e-01
-7.637093067169189453e-01
5.337834358215332031e-01
-8.073232769966125488e-01
-8.787273764610290527e-01
8.725782036781311035e-01
-1.860959231853485107e-01
8.914349675178527832e-01
-9.161555022001266479e-02
-8.128370046615600586e-01
4.064891859889030457e-02
4.004558026790618896e-01
8.007552027702331543e-01
2.012870609760284424e-01
-1.205385327339172363e+00
9.569151699542999268e-02
-1.418679833412170410e+00
7.859151363372802734e-01
-1.172716617584228516e+00
-3.667806982994079590e-01
1.508463919162750244e-01
-6.740358471870422363e-01
-1.831846870481967926e-02
-6.082897782325744629e-01
1.819519877433776855e+00
1.073093175888061523e+00
7.542152404785156250e-01
1.970408201217651367e+00
-3.137471079826354980e-01
-5.004951953887939453e-01
4.965249300003051758e-01
1.480624675750732422e+00
-2.620428800582885742e+00
-7.815460562705993652e-01
7.031521797180175781e-01
3.055274784564971924e-01
-3.429263830184936523e-01
2.586259603500366211e+00
2.892180085182189941e-01
5.326398015022277832e-01
-2.720859944820404053e-01
5.106772184371948242e-01
-7.487861812114715576e-02
-1.603738367557525635e-01
1.403463840484619141e+00
-2.110497467219829559e-02
-3.240241050720214844e+00
-1.436371684074401855e+00
-4.197130203247070312e+00
3.687298595905303955e-01
3.363941311836242676e-01
1.287518143653869629e+00
-1.713102340698242188e+00
6.899948716163635254e-01
1.326991170644760132e-01
3.338014602661132812e+00
-1.528318226337432861e-01
-1.526473283767700195e+00
-1.498300209641456604e-02
-2.473027817904949188e-02
-9.407389163970947266e-01
