-7.804626822471618652e-01
-7.651953101158142090e-01
8.607961535453796387e-01
-8.309591412544250488e-01
-6.671726107597351074e-01
2.054176926612854004e-01
3.142990171909332275e-01
-9.325506091117858887e-01
-8.997111916542053223e-01
-8.945243358612060547e-01
-7.644571065902709961e-01
-4.036451280117034912e-01
4.122945964336395264e-01
2.502298057079315186e-01
-1.007106184959411621e+00
7.499072551727294922e-01
-4.518297016620635986e-01
-8.617445826530456543e-01
6.371532678604125977e-01
8.811924457550048828e-01
4.739486873149871826e-01
6.808182001113891602e-01
-3.139009237289428711e+00
2.768681347370147705e-01
1.673678159713745117e-01
7.662013173103332520e-01
1.529546380043029785e+00
-1.871755123138427734e-01
4.978260099887847900e-01
-1.851626873016357422e+00
5.920016765594482422e-01
2.433663606643676758e+00
2.143758773803710938e+00
-9.198973774909973145e-01
7.533478140830993652e-01
-8.499398231506347656e-01
2.841860055923461914e-01
2.165144681930541992e+00
-2.606625080108642578e+00
2.750068426132202148e+00
1.396869421005249023e-01
3.692607879638671875e-01
-1.927848815917968750e+00
-8.642887473106384277e-01
-1.557998731732368469e-02
7.245932221412658691e-01
3.352125644683837891e+00
-8.947006464004516602e-01
3.001177608966827393e-01
1.718183875083923340e+00
3.173756003379821777e-01
-1.882977128028869629e+00
1.417299747467041016e+00
8.540577292442321777e-01
-9.871175885200500488e-01
-6.008968353271484375e-01
-2.313432246446609497e-01
2.067463397979736328e+00
2.665924310684204102e+00
-1.823517203330993652e+00
-5.510469079017639160e-01
