6.839193701744079590e-01
-7.416505813598632812e-01
3.203965425491333008e-01
4.837987571954727173e-02
2.214442640542984009e-01
2.665653824806213379e-01
-3.021618723869323730e-01
8.661999702453613281e-01
8.675548434257507324e-01
8.955981731414794922e-01
9.330694079399108887e-01
8.992812037467956543e-01
-4.706737697124481201e-01
-2.112123072147369385e-01
4.983217716217041016e-01
-5.267931222915649414e-01
-5.786929130554199219e-01
-1.068406462669372559e+00
7.919543981552124023e-01
-8.071141242980957031e-01
-4.179522395133972168e-01
2.886886298656463623e-01
-9.997400045394897461e-01
1.049065113067626953e+00
-1.727173775434494019e-01
-8.560324907302856445e-01
7.186312079429626465e-01
3.059753656387329102e+00
-2.206159591674804688e+00
1.127077221870422363e+00
2.260994434356689453e+00
-1.571494221687316895e+00
-1.175349652767181396e-01
4.905366003513336182e-01
1.602758884429931641e+00
-2.072594404220581055e+00
2.075964927673339844e+00
4.639154970645904541e-01
-2.756334066390991211e+00
-6.608673930168151855e-02
1.857317984104156494e-01
3.208396583795547485e-02
2.191996723413467407e-01
1.387327194213867188e+00
2.439203113317489624e-01
2.306501388549804688e+00
-7.678281664848327637e-01
-1.884397745132446289e+00
-1.257280230522155762e+00
-8.374673724174499512e-01
-1.760534882545471191e+00
-9.817608594894409180e-01
-1.489876806735992432e-01
-1.078063607215881348e+00
2.400250911712646484e+00
-1.428564667701721191e+00
-1.470117926597595215e+00
2.606604993343353271e-01
-2.132131814956665039e+00
-5.114843845367431641e-01
-5.853973627090454102e-01
