-6.427423357963562012e-01
1.670720428228378296e-01
3.199974000453948975e-01
3.397042751312255859e-01
-9.356771707534790039e-01
-9.170267581939697266e-01
-4.440956115722656250e-01
-9.319899082183837891e-01
-1.041439473628997803e-01
-1.195193767547607422e+00
-1.589762419462203979e-01
-1.151059865951538086e+00
-8.686946034431457520e-01
-1.618291735649108887e+00
-1.074181914329528809e+00
1.247382350265979767e-02
1.091470479965209961e+00
4.899994432926177979e-01
-6.119216680526733398e-01
-9.363200664520263672e-01
4.544124007225036621e-01
-7.602150440216064453e-01
-1.815876603126525879e+00
-1.399964451789855957e+00
1.079644322395324707e+00
-2.263875484466552734e+00
-1.709499239921569824e+00
1.848725199699401855e+00
2.010945975780487061e-01
-8.525606393814086914e-01
-2.989925146102905273e-01
-6.947668790817260742e-01
-3.071491241455078125e+00
-3.658558726310729980e-01
-9.825377464294433594e-01
6.113517284393310547e-01
-5.893285945057868958e-02
2.321083784103393555e+00
-1.600945711135864258e+00
2.819004535675048828e+00
3.535881638526916504e-01
8.477081656455993652e-01
1.388072967529296875e+00
2.674058914184570312e+00
1.039682626724243164e-01
1.560920834541320801e+00
-1.886474609375000000e+00
1.885206460952758789e+00
-3.012524604797363281e+00
-1.052255988121032715e+00
-9.285125732421875000e-01
2.312267273664474487e-01
1.755077481269836426e+00
1.083448305726051331e-01
5.129689574241638184e-01
1.167076706886291504e+00
9.410941600799560547e-01
2.123715400695800781e+00
1.217950105667114258e+00
1.786520600318908691e+00
8.289892673492431641e-01
