-3.061670064926147461e-01
6.857864856719970703e-01
4.228552281856536865e-01
-1.492643237113952637e+00
7.441953420639038086e-01
6.852251291275024414e-01
7.189795970916748047e-01
6.419222354888916016e-01
2.815489768981933594e-01
7.503599524497985840e-01
7.890778779983520508e-01
6.501051187515258789e-01
2.353774458169937134e-01
8.912907242774963379e-01
7.478022575378417969e-01
5.144016146659851074e-01
8.986221551895141602e-01
8.537726998329162598e-01
5.953528285026550293e-01
-6.604340672492980957e-01
-1.009279251098632812e+00
-1.978882312774658203e+00
-1.897977948188781738e+00
-3.327599465847015381e-01
-1.508782625198364258e+00
1.196686744689941406e+00
1.992146819829940796e-01
-1.421933412551879883e+00
1.060205578804016113e+00
-2.829867899417877197e-01
2.548305273056030273e+00
9.039968848228454590e-01
8.681769967079162598e-01
2.447219491004943848e-01
-1.375948429107666016e+00
1.685913205146789551e+00
-4.716812372207641602e-01
1.873206734657287598e+00
-2.721606791019439697e-01
1.737326741218566895e+00
-1.222736239433288574e+00
-9.661639928817749023e-01
3.102210998535156250e+00
3.772688657045364380e-02
9.053378105163574219e-01
-7.122763395309448242e-01
7.129849195480346680e-01
-8.622415661811828613e-01
1.927071332931518555e+00
-2.548598647117614746e-01
-2.212294578552246094e+00
-3.364030718803405762e-01
1.623329520225524902e+00
3.085593581199645996e-01
-1.037820339202880859e+00
1.109256625175476074e+00
4.551632404327392578e-01
-1.154793739318847656e+00
4.741016402840614319e-02
1.066530108451843262e+00
-3.308371603488922119e-01
