-7.642215490341186523e-01
4.535010457038879395e-01
-1.201241970062255859e+00
-1.118099212646484375e+00
-2.355337291955947876e-01
1.107611656188964844e+00
-1.290267825126647949e+00
9.173921346664428711e-01
-4.763057529926300049e-01
5.393899083137512207e-01
1.046079993247985840e+00
-6.496915221214294434e-01
-1.341820836067199707e+00
-1.299999356269836426e-01
-1.080414295196533203e+00
-9.554337263107299805e-01
-9.545074105262756348e-01
1.229807615280151367e+00
1.039909362792968750e+00
1.255974769592285156e+00
-2.537799596786499023e+00
-2.129384517669677734e+00
7.193420529365539551e-01
-1.956324696540832520e+00
1.123345851898193359e+00
-3.793814778327941895e-01
-1.035299062728881836e+00
2.393078804016113281e+00
-2.389309644699096680e+00
-1.793580174446105957e+00
-1.982368826866149902e+00
9.736928343772888184e-02
-1.076230883598327637e+00
1.512017101049423218e-01
2.989739418029785156e+00
-3.349714756011962891e+00
3.529846906661987305e+00
1.092263221740722656e+00
3.494347035884857178e-01
5.077263712882995605e-01
-1.667114496231079102e+00
1.945259213447570801e+00
1.365022361278533936e-01
6.019963026046752930e-01
-1.612090826034545898e+00
2.792296409606933594e-01
-8.317179083824157715e-01
-2.258578777313232422e+00
-3.123392581939697266e+00
2.409457683563232422e+00
-1.319075107574462891e+00
-1.252808928489685059e+00
4.193169176578521729e-01
-1.485399723052978516e+00
1.864157676696777344e+00
1.730218529701232910e+00
2.246819257736206055e+00
-5.222467184066772461e-01
3.216399252414703369e-01
-1.009892076253890991e-01
1.734941750764846802e-01
