2.116785764694213867e+00
-3.905600607395172119e-01
2.319052964448928833e-01
-1.674550920724868774e-01
-9.294010400772094727e-01
3.345265984535217285e-01
5.814636945724487305e-01
-1.927270889282226562e-01
1.981942057609558105e-01
1.813359707593917847e-01
-8.046517968177795410e-01
5.253993272781372070e-01
2.267666012048721313e-01
-8.887111544609069824e-01
6.946973204612731934e-01
8.187190294265747070e-01
-9.703785181045532227e-01
-4.351729154586791992e-01
6.026707887649536133e-01
7.655089497566223145e-01
-4.452360793948173523e-02
1.353574275970458984e+00
-4.575570821762084961e-01
-3.774321377277374268e-01
-1.870504856109619141e+00
1.651802182197570801e+00
-9.003068804740905762e-01
6.598076224327087402e-01
-7.256597280502319336e-01
-9.278419017791748047e-01
9.038133621215820312e-01
9.248000979423522949e-01
-1.197374105453491211e+00
-1.083540439605712891e+00
-1.276501178741455078e+00
-2.691532850265502930e+00
-2.971992492675781250e+00
1.387976408004760742e+00
-2.174499511718750000e+00
-1.666049003601074219e+00
6.586335599422454834e-02
-1.030393958091735840e+00
2.325464248657226562e+00
-1.012417197227478027e+00
1.560976505279541016e+00
2.867044448852539062e+00
1.217294931411743164e+00
-2.230551242828369141e+00
7.993662953376770020e-01
2.204265356063842773e+00
-4.976507276296615601e-02
-1.304249167442321777e-01
4.396477937698364258e-01
4.646042287349700928e-01
-1.468479752540588379e+00
-1.751959800720214844e+00
1.236920475959777832e+00
-5.298011302947998047e-01
-1.259468197822570801e+00
-2.030488967895507812e+00
8.299619555473327637e-01
