-7.904320359230041504e-01
8.433114290237426758e-01
7.595926523208618164e-01
-6.946396827697753906e-01
-7.576087713241577148e-01
-3.779102861881256104e-01
-7.295576930046081543e-01
4.781595170497894287e-01
-1.011847019195556641e+00
3.936161398887634277e-01
-7.944403886795043945e-01
-6.230522394180297852e-01
-7.996250987052917480e-01
5.449004098773002625e-02
-6.819645762443542480e-01
8.208115696907043457e-01
5.910474658012390137e-01
8.309836387634277344e-01
-6.855886578559875488e-01
-7.403717637062072754e-01
-5.468853116035461426e-01
1.649318814277648926e+00
1.411404013633728027e+00
-1.254704594612121582e+00
2.270539045333862305e+00
1.687274932861328125e+00
1.565482378005981445e+00
6.319906711578369141e-01
4.814734160900115967e-01
1.957306265830993652e+00
-1.538499474525451660e+00
1.342974066734313965e+00
-4.379517734050750732e-01
-7.412996888160705566e-01
-3.373815119266510010e-01
-3.481318354606628418e-01
-2.681486308574676514e-01
-2.701556980609893799e-01
-1.931464195251464844e+00
1.346253633499145508e+00
-1.536993503570556641e+00
1.937598824501037598e+00
-1.254339337348937988e+00
1.059842824935913086e+00
1.666548728942871094e+00
-2.746009111404418945e+00
1.188150882720947266e+00
5.570235848426818848e-01
2.146600782871246338e-01
2.770571470260620117e+00
9.576441049575805664e-01
-1.610275387763977051e+00
2.650646269321441650e-01
1.298202514648437500e+00
4.626902639865875244e-01
1.371533274650573730e+00
-6.563048958778381348e-01
-1.988303288817405701e-02
1.606861591339111328e+00
1.002685666084289551e+00
5.527547597885131836e-01
