4.403069913387298584e-01
3.757366836071014404e-01
9.523419141769409180e-01
5.833912491798400879e-01
-8.534331917762756348e-01
-1.062789440155029297e+00
5.592478513717651367e-01
-5.196450948715209961e-01
-1.163638353347778320e+00
-1.296101450920104980e+00
-1.144722223281860352e+00
1.581317186355590820e-01
-1.063923716545104980e+00
-5.887566804885864258e-01
-1.006502628326416016e+00
-9.079897403717041016e-01
-1.088336825370788574e+00
9.917374253273010254e-01
-7.831003665924072266e-01
9.965653419494628906e-01
8.694896697998046875e-01
-1.895080924034118652e+00
2.745153903961181641e+00
2.968338251113891602e+00
4.282787442207336426e-01
1.531063765287399292e-01
-1.247692823410034180e+00
3.229888156056404114e-02
1.893258571624755859e+00
8.838406205177307129e-01
8.889611959457397461e-01
-2.457874566316604614e-01
7.847474217414855957e-01
5.662875771522521973e-01
2.416560649871826172e+00
2.954668283462524414e+00
1.020302064716815948e-02
-1.653030514717102051e-01
-1.467789292335510254e+00
7.077804207801818848e-01
-1.106673955917358398e+00
4.356390476226806641e+00
-1.113076567649841309e+00
3.001291990280151367e+00
-1.051769852638244629e+00
-2.065020054578781128e-01
1.132353663444519043e+00
-2.149768918752670288e-01
8.096908926963806152e-01
9.455985575914382935e-02
2.980773150920867920e-01
7.712290883064270020e-01
1.252227425575256348e-01
-3.946517705917358398e-01
1.748990416526794434e+00
1.745838165283203125e+00
1.989977210760116577e-01
3.833416104316711426e-01
1.078637719154357910e+00
8.197154402732849121e-01
7.838047146797180176e-01
