-3.680005073547363281e-01
-1.031098246574401855e+00
5.776401162147521973e-01
-6.406550407409667969e-01
-1.544079333543777466e-01
-8.255301713943481445e-01
5.798024535179138184e-01
-9.556278586387634277e-01
-1.819285899400711060e-01
-1.157283544540405273e+00
9.379695057868957520e-01
-9.725773334503173828e-01
9.747204780578613281e-01
9.836812615394592285e-01
7.657120823860168457e-01
1.950108706951141357e-01
-6.577179431915283203e-01
1.243197202682495117e+00
-7.383088469505310059e-01
-6.301016211509704590e-01
-1.362655282020568848e+00
3.476860523223876953e-01
-7.125484347343444824e-01
-1.728649139404296875e+00
-8.325850367546081543e-01
6.083729267120361328e-01
-2.757215976715087891e+00
-1.440932393074035645e+00
6.696863770484924316e-01
7.303715944290161133e-01
3.167258024215698242e+00
1.237813115119934082e+00
2.388876914978027344e+00
-4.309284389019012451e-01
-2.601137399673461914e+00
-8.914443850517272949e-01
-3.438384830951690674e-01
1.379567980766296387e-01
1.566934466361999512e+00
1.067881703376770020e+00
-3.584070444107055664e+00
-1.371238350868225098e+00
-1.385372161865234375e+00
-1.536926865577697754e+00
-3.098270177841186523e+00
3.503790199756622314e-01
2.324345350265502930e+00
1.555813193321228027e+00
-1.251434564590454102e+00
2.029455453157424927e-01
-1.905879497528076172e+00
-1.298676848411560059e+00
-2.492080450057983398e+00
-8.902671188116073608e-02
-1.960406899452209473e+00
1.119176983833312988e+00
-9.950044751167297363e-01
-1.097210347652435303e-01
1.262030959129333496e+00
7.527962327003479004e-01
-1.000566363334655762e+00
