1.002122998237609863e+00
1.033080816268920898e-01
-1.167215108871459961e+00
-1.103686615824699402e-01
-4.885917603969573975e-01
-9.015001654624938965e-01
8.195309638977050781e-01
-9.181430935859680176e-01
7.927471995353698730e-01
2.483349293470382690e-01
7.432970404624938965e-01
-5.968510508537292480e-01
1.291414141654968262e+00
-3.197697401046752930e-01
8.513668775558471680e-01
5.935518145561218262e-01
-1.069519042968750000e+00
2.007165551185607910e-01
-4.040778279304504395e-01
8.974403738975524902e-01
2.118116855621337891e+00
3.987891972064971924e-02
-1.201216220855712891e+00
-2.349552363157272339e-01
-1.646056324243545532e-01
2.050686359405517578e+00
7.229701876640319824e-01
-2.849255323410034180e+00
4.296480715274810791e-01
1.331217169761657715e+00
-5.499141216278076172e-01
-3.963582515716552734e-01
-5.187763571739196777e-01
1.072900056838989258e+00
-2.724366903305053711e+00
6.950046420097351074e-01
-1.235793948173522949e+00
1.273300409317016602e+00
2.507997751235961914e+00
-1.614510297775268555e+00
-1.502214074134826660e+00
1.749204158782958984e+00
1.528281420469284058e-01
-7.956628203392028809e-01
-2.507483363151550293e-01
8.336027860641479492e-01
-6.217811703681945801e-01
1.426844954490661621e+00
5.509678721427917480e-01
3.177901506423950195e+00
2.737258076667785645e-01
-5.565128922462463379e-01
-4.960117861628532410e-03
-1.386260151863098145e+00
-1.645196437835693359e+00
5.580030679702758789e-01
4.654734432697296143e-01
1.714737415313720703e+00
-2.559040546417236328e+00
-6.684982776641845703e-01
-1.003257513046264648e+00
