-5.421786904335021973e-01
8.984913825988769531e-01
1.031297296285629272e-01
9.315534234046936035e-01
-4.142789840698242188e-01
8.450664281845092773e-01
7.473672032356262207e-01
-7.650585770606994629e-01
1.025511980056762695e+00
-9.489537030458450317e-02
-9.708216190338134766e-01
-8.832790851593017578e-01
-4.426717162132263184e-01
1.034340500831604004e+00
-8.393117189407348633e-01
-8.883271217346191406e-01
-8.229994773864746094e-01
-3.901146352291107178e-01
-7.289103269577026367e-01
-3.922635912895202637e-01
-2.203996419906616211e+00
2.100615739822387695e+00
1.382666110992431641e+00
-4.202460050582885742e-01
-1.234675168991088867e+00
3.969405591487884521e-01
-5.547301173210144043e-01
-3.063888251781463623e-01
-6.804320812225341797e-01
2.768743336200714111e-01
4.824533760547637939e-01
3.078739166259765625e+00
1.664216279983520508e+00
-2.545810461044311523e+00
-1.786258220672607422e-01
-1.300108075141906738e+00
-2.742779254913330078e+00
1.883174061775207520e+00
8.185660839080810547e-01
1.617310881614685059e+00
-3.892119884490966797e+00
-1.359578847885131836e+00
2.868321418762207031e+00
6.554955244064331055e-01
4.607180953025817871e-01
5.164257884025573730e-01
-6.589080691337585449e-01
-3.755874633789062500e-01
8.718833923339843750e-01
8.955911397933959961e-01
1.033272072672843933e-01
2.182645320892333984e+00
-1.718271136283874512e+00
-1.417962312698364258e+00
-3.617025017738342285e-01
7.771424651145935059e-01
1.607141375541687012e+00
-1.779649734497070312e+00
6.709815859794616699e-01
-1.653753399848937988e+00
-2.044524192810058594e+00
