7.788124680519104004e-01
-9.840424060821533203e-01
8.202170729637145996e-01
-4.735275804996490479e-01
-7.194822430610656738e-01
8.312410712242126465e-01
-8.791674971580505371e-01
5.024155378341674805e-01
-9.495395421981811523e-01
9.546561837196350098e-01
-8.998045325279235840e-01
-2.629041373729705811e-01
7.321242690086364746e-01
-8.190320730209350586e-01
3.400697112083435059e-01
2.178961597383022308e-02
-6.733629703521728516e-01
3.163380324840545654e-01
4.070058166980743408e-01
-8.328781127929687500e-01
-2.172461986541748047e+00
-2.561401367187500000e+00
-1.266941547393798828e+00
-2.034923553466796875e+00
1.402350962162017822e-01
1.379077315330505371e+00
-5.875704288482666016e-01
-1.928928136825561523e+00
-2.916756868362426758e-01
-2.155880928039550781e-01
-3.259976148605346680e+00
-9.211989492177963257e-02
7.170891165733337402e-01
-7.224186062812805176e-01
1.174576520919799805e+00
-5.785213708877563477e-01
1.925244808197021484e+00
1.025092959403991699e+00
-9.249520301818847656e-01
1.476071715354919434e+00
-1.152997374534606934e+00
1.472163319587707520e+00
-5.291760563850402832e-01
-2.246690988540649414e+00
-4.653269425034523010e-02
-7.808193564414978027e-01
-4.017650783061981201e-01
3.700017213821411133e+00
-1.934603303670883179e-01
3.499070405960083008e-01
1.944391965866088867e+00
-7.087501883506774902e-01
-4.467499554157257080e-01
-7.166466712951660156e-01
8.957540988922119141e-01
8.956536054611206055e-01
1.219794392585754395e+00
1.400521874427795410e+00
-3.198109567165374756e-01
7.498046159744262695e-01
4.565980434417724609e-01
