-8.709425926208496094e-01
8.979814648628234863e-01
6.454686522483825684e-01
5.514409020543098450e-02
-9.182643294334411621e-01
3.069301545619964600e-01
-7.446339130401611328e-01
-2.942897006869316101e-02
-8.834931254386901855e-01
9.138270020484924316e-01
1.196039080619812012e+00
-1.512831211090087891e+00
-1.318882703781127930e+00
-6.501072049140930176e-01
8.845071196556091309e-01
-4.871633350849151611e-01
-8.853002786636352539e-01
-8.329004049301147461e-01
7.275350093841552734e-01
7.337155342102050781e-01
1.026383042335510254e+00
2.303874015808105469e+00
-5.453627705574035645e-01
-9.584598541259765625e-01
1.904583215713500977e+00
8.988617658615112305e-01
9.461807012557983398e-01
1.185463547706604004e+00
-2.370137929916381836e+00
1.893993973731994629e+00
-1.855817139148712158e-01
-1.862415671348571777e-01
-9.507922828197479248e-02
5.294033288955688477e-01
-1.057157754898071289e+00
-2.390313863754272461e+00
-2.772339344024658203e+00
2.726947546005249023e+00
2.009279578924179077e-01
-2.824779748916625977e+00
8.795419931411743164e-01
-2.339478969573974609e+00
-1.202488839626312256e-01
1.498833417892456055e+00
1.855534791946411133e+00
2.753010272979736328e+00
3.547947406768798828e-01
-1.956935286521911621e+00
-2.341969728469848633e+00
-1.666715621948242188e+00
-1.650400608777999878e-01
-1.205885335803031921e-01
2.729681320488452911e-02
-2.296427011489868164e+00
-7.434539794921875000e-01
-2.977150440216064453e+00
2.723745584487915039e+00
2.194973945617675781e+00
1.428175568580627441e+00
3.864680051803588867e+00
1.665959715843200684e+00
