1.116128921508789062e+00
-9.337751269340515137e-01
-1.863345801830291748e-01
-8.574405908584594727e-01
7.865982651710510254e-01
-9.614819288253784180e-01
9.251530170440673828e-01
1.263068467378616333e-01
8.169745206832885742e-01
-1.327471733093261719e+00
9.445652961730957031e-01
1.708187818527221680e+00
-1.243365645408630371e+00
-8.623592853546142578e-01
-1.494406163692474365e-01
5.118920207023620605e-01
3.774156272411346436e-01
-2.841521799564361572e-01
3.143606483936309814e-01
-8.887631297111511230e-01
-1.265146374702453613e+00
-4.995270669460296631e-01
-7.761862874031066895e-01
-2.934722661972045898e+00
5.823091045022010803e-02
1.126238465309143066e+00
2.323455095291137695e+00
9.851053357124328613e-02
7.170843482017517090e-01
2.084422558546066284e-01
-1.971164226531982422e+00
-5.073393583297729492e-01
2.306658923625946045e-01
2.650059223175048828e+00
-2.924856543540954590e-01
1.679931521415710449e+00
-1.761792182922363281e+00
-1.131295204162597656e+00
1.204022407531738281e+00
-1.576344490051269531e+00
1.224413990974426270e+00
-8.708449453115463257e-02
-1.950760126113891602e+00
2.102980613708496094e+00
1.913585066795349121e-01
1.801515460014343262e+00
-1.505301117897033691e+00
7.770822644233703613e-01
2.872528731822967529e-01
-2.394697964191436768e-01
-1.088291525840759277e+00
-6.111803650856018066e-02
-2.323888391256332397e-01
1.673871994018554688e+00
-4.674343764781951904e-01
1.075393915176391602e+00
3.589519977569580078e+00
-1.309302210807800293e+00
2.054711341857910156e+00
1.160940527915954590e+00
-3.217896223068237305e-01
