-3.945992290973663330e-01
1.655021607875823975e-01
-7.756248116493225098e-01
-8.265165090560913086e-01
-8.393530845642089844e-01
-3.319145739078521729e-01
3.187884390354156494e-01
-1.091744303703308105e+00
-1.019775509834289551e+00
-9.502933621406555176e-01
8.960610032081604004e-01
9.387958049774169922e-01
7.050989866256713867e-01
-8.542701005935668945e-01
-4.759649932384490967e-01
-9.119907021522521973e-01
-9.107290506362915039e-01
7.093350887298583984e-01
-8.396739959716796875e-01
9.090501666069030762e-01
-2.402715921401977539e+00
-2.437175810337066650e-01
-2.227746725082397461e+00
3.397890180349349976e-02
-2.601993381977081299e-01
1.438463330268859863e+00
-1.553804874420166016e+00
-7.020619511604309082e-02
-1.202762842178344727e+00
-1.504303693771362305e+00
-3.085357666015625000e+00
4.720406532287597656e-01
1.895073950290679932e-01
1.933431327342987061e-01
-2.016976326704025269e-01
2.032019138336181641e+00
-1.955083906650543213e-01
-1.019989997148513794e-01
-1.100252032279968262e+00
1.253374338150024414e+00
-3.523232460021972656e+00
1.987139821052551270e+00
1.869612693786621094e+00
-2.594656497240066528e-02
6.021286249160766602e-01
-1.378102898597717285e+00
1.583783030509948730e+00
-8.088712096214294434e-01
-1.163156628608703613e+00
6.825425624847412109e-01
-1.678831219673156738e+00
-1.921188682317733765e-01
-4.014812782406806946e-02
2.007279098033905029e-01
-1.515285968780517578e+00
1.511575579643249512e+00
2.439957410097122192e-01
3.528326749801635742e-01
7.401189804077148438e-01
-5.671352148056030273e-01
-1.117799639701843262e+00
