-3.113738596439361572e-01
-1.364056348800659180e+00
-1.234675884246826172e+00
-9.420703649520874023e-01
1.067274928092956543e+00
-1.525694131851196289e-01
4.325442910194396973e-01
8.454501628875732422e-01
-9.573166370391845703e-01
8.972089886665344238e-01
-8.385365605354309082e-01
1.328016996383666992e+00
-9.368243217468261719e-01
-3.926024734973907471e-01
-2.584844529628753662e-01
9.140629768371582031e-01
-8.458529710769653320e-01
-7.708602547645568848e-01
9.103523492813110352e-01
-3.054115772247314453e-01
1.376729965209960938e+00
-1.013933181762695312e+00
-1.391569614410400391e+00
5.633594989776611328e-01
1.470775723457336426e+00
-3.340088427066802979e-01
-2.041208744049072266e+00
-3.017238855361938477e+00
-2.115528106689453125e+00
-2.017127275466918945e+00
9.432635307312011719e-01
1.550172090530395508e+00
-1.799365133047103882e-01
-1.850880265235900879e+00
9.736758470535278320e-01
-2.506282091140747070e+00
-2.620944738388061523e+00
2.071222066879272461e+00
-8.975442051887512207e-01
-1.564841121435165405e-01
-1.574880003929138184e+00
1.855867207050323486e-01
-1.323199272155761719e+00
-9.434717893600463867e-01
-7.792050242424011230e-01
-3.920691609382629395e-01
2.270913600921630859e+00
-2.030177116394042969e+00
1.253295063972473145e+00
-1.505439281463623047e+00
1.186199784278869629e-01
-8.366910815238952637e-01
-5.424498319625854492e-01
-4.018139362335205078e+00
-1.333341121673583984e+00
-1.636667132377624512e+00
1.622066020965576172e+00
-1.383586168289184570e+00
-3.767733573913574219e-01
-3.448345959186553955e-01
-1.335882544517517090e-01
