-7.897084355354309082e-01
8.881066441535949707e-01
1.730474829673767090e-01
7.157648205757141113e-01
-6.351011395454406738e-01
-1.365896344184875488e+00
-1.227521538734436035e+00
-1.299844384193420410e-01
-7.130375504493713379e-01
-7.528467178344726562e-01
1.070268869400024414e+00
-6.317633390426635742e-01
2.056255489587783813e-01
-6.411367654800415039e-01
-1.564589142799377441e+00
1.126029133796691895e+00
-1.066939592361450195e+00
-2.212880402803421021e-01
-6.736005544662475586e-01
-1.147694110870361328e+00
1.480646491050720215e+00
-5.431246161460876465e-01
-8.208460211753845215e-01
1.151944756507873535e+00
-1.841357111930847168e+00
-8.243445754051208496e-01
-9.342578649520874023e-01
-3.835119605064392090e-01
-2.620595693588256836e-01
2.299770355224609375e+00
-1.048476696014404297e+00
1.305236458778381348e+00
8.987690806388854980e-01
-3.909509181976318359e-01
2.931919395923614502e-01
3.178667724132537842e-01
-1.081492662429809570e+00
6.570718288421630859e-01
3.263941109180450439e-01
-1.099090933799743652e+00
8.817256093025207520e-01
1.424335539340972900e-01
7.989022135734558105e-01
-7.999617457389831543e-01
1.217472076416015625e+00
2.973850667476654053e-01
-4.443970918655395508e-01
-3.158949851989746094e+00
1.460911780595779419e-01
1.225827693939208984e+00
-9.606612473726272583e-02
-5.632627010345458984e-01
1.196940779685974121e+00
2.959940433502197266e-01
3.381369262933731079e-02
2.382384985685348511e-01
-7.309139370918273926e-01
-9.175617098808288574e-01
-7.397281378507614136e-02
7.141924500465393066e-01
-7.595332264900207520e-01
