-9.497001171112060547e-01
3.021416962146759033e-01
5.793884992599487305e-01
-1.108608007431030273e+00
3.548820316791534424e-01
9.619517326354980469e-01
1.200258851051330566e+00
8.981893658638000488e-01
9.575391411781311035e-01
1.144217729568481445e+00
6.121211647987365723e-01
4.684928357601165771e-01
7.998850941658020020e-01
-1.227102637290954590e+00
-3.082196414470672607e-01
1.089861318469047546e-01
6.852422952651977539e-01
-8.659285306930541992e-01
-3.236536085605621338e-01
-3.029528856277465820e-01
1.788304567337036133e+00
-4.972767233848571777e-01
-1.241028189659118652e+00
7.596091032028198242e-01
1.548268437385559082e+00
-3.298194110393524170e-01
4.370231032371520996e-01
1.826376557350158691e+00
-1.220575720071792603e-01
-2.112462282180786133e+00
-1.435759067535400391e+00
-8.076248764991760254e-01
2.557960033416748047e+00
-1.194092631340026855e-01
-1.015298962593078613e+00
-5.043609738349914551e-01
-1.859000802040100098e+00
4.769687652587890625e-01
1.643730044364929199e+00
-1.342389583587646484e+00
-2.189828634262084961e+00
3.482216298580169678e-01
-1.209416866302490234e+00
3.062268793582916260e-01
8.857536315917968750e-01
-1.089765876531600952e-01
9.833213873207569122e-03
-1.220657587051391602e+00
4.267885088920593262e-01
-1.261957645416259766e+00
-1.299644708633422852e+00
-2.924254834651947021e-01
-1.798729419708251953e+00
3.858521813526749611e-03
-2.029717683792114258e+00
1.615476131439208984e+00
-1.284554123878479004e+00
-7.425088286399841309e-01
-3.150647401809692383e+00
-9.838358759880065918e-01
9.415554404258728027e-01
