4.488542079925537109e-01
1.307790517807006836e+00
-4.575678110122680664e-01
9.204707145690917969e-01
1.789401620626449585e-01
8.877515792846679688e-01
1.096389651298522949e+00
1.082931637763977051e+00
-9.873138666152954102e-01
-1.676074266433715820e+00
3.159974217414855957e-01
3.460628688335418701e-01
-1.376756131649017334e-01
-1.148532271385192871e+00
-4.619146287441253662e-01
-9.339505434036254883e-01
-8.150151968002319336e-01
1.003811597824096680e+00
-1.167757153511047363e+00
1.148802161216735840e+00
-1.647605895996093750e+00
9.095167517662048340e-01
-2.030092477798461914e+00
3.010463953018188477e+00
-1.847962588071823120e-01
-3.060800790786743164e+00
1.535191774368286133e+00
-2.670610427856445312e+00
-1.902991890907287598e+00
1.498760133981704712e-01
-1.032968878746032715e+00
-1.159329056739807129e+00
-1.901915371417999268e-01
1.785008668899536133e+00
4.069420397281646729e-01
-6.063590645790100098e-01
-1.156907439231872559e+00
2.469892740249633789e+00
-1.615817844867706299e-01
-2.547352015972137451e-01
2.454181671142578125e+00
8.993040770292282104e-02
-3.803804397583007812e+00
-1.829604268074035645e+00
2.033632993698120117e+00
-3.410396337509155273e+00
-1.473528742790222168e+00
-2.638323545455932617e+00
1.644699215888977051e+00
-2.812720835208892822e-01
2.538932085037231445e+00
2.363483667373657227e+00
-1.887936592102050781e+00
1.648443102836608887e+00
-1.959973335266113281e+00
9.209554195404052734e-01
-2.430190086364746094e+00
-1.486595988273620605e+00
-3.256545662879943848e-01
-6.497944593429565430e-01
5.365094915032386780e-02
