9.904450774192810059e-01
1.026049494743347168e+00
-2.040006667375564575e-01
-8.137546181678771973e-01
-9.261248111724853516e-01
1.242996454238891602e+00
-5.593483448028564453e-01
-1.195638895034790039e+00
1.098639369010925293e+00
3.009933829307556152e-01
-9.806503653526306152e-01
9.702302217483520508e-01
-1.029684185981750488e+00
-1.146099805831909180e+00
7.930995821952819824e-01
-3.360011875629425049e-01
-1.056446075439453125e+00
1.939972788095474243e-01
1.240985393524169922e+00
-9.508584141731262207e-01
-6.930216401815414429e-02
1.158737421035766602e+00
3.407595157623291016e-01
9.662056714296340942e-02
-3.366681098937988281e+00
1.552920937538146973e-01
-2.496109247207641602e+00
1.592955231666564941e+00
1.531974077224731445e+00
-8.241302371025085449e-01
3.054642200469970703e+00
3.059537410736083984e-01
-1.250867366790771484e+00
-7.680063843727111816e-01
2.409019470214843750e-01
1.800094246864318848e+00
-1.863436847925186157e-01
4.976590871810913086e-01
-2.728270769119262695e+00
-2.424562454223632812e+00
-1.722841858863830566e-01
1.181696534156799316e+00
-9.205520749092102051e-01
-4.894909262657165527e-01
1.699810862541198730e+00
7.501929253339767456e-02
-2.395733356475830078e+00
8.087813258171081543e-01
-9.735708236694335938e-01
8.491758704185485840e-01
1.727680087089538574e+00
-3.825166225433349609e-01
4.372978508472442627e-01
3.751469776034355164e-02
5.801512002944946289e-01
-3.754402875900268555e+00
-1.810813397169113159e-01
3.096383094787597656e+00
-1.165113210678100586e+00
1.978095769882202148e+00
1.188330531120300293e+00
