9.053188562393188477e-01
4.207601845264434814e-01
-1.403831392526626587e-01
-9.720579981803894043e-01
4.236257970333099365e-01
-7.516949176788330078e-01
-2.438334077596664429e-01
-1.103885918855667114e-01
9.197034239768981934e-01
1.014744758605957031e+00
7.981936931610107422e-01
-3.206388354301452637e-01
9.079135060310363770e-01
-9.208101630210876465e-01
1.215423122048377991e-01
-5.029864907264709473e-01
-2.386468350887298584e-01
-9.481669664382934570e-01
1.151801571249961853e-01
-2.892785072326660156e-01
2.915229320526123047e+00
2.003010511398315430e+00
-3.882604837417602539e-01
-1.679527759552001953e+00
-3.180260360240936279e-01
2.045394420623779297e+00
1.377778053283691406e+00
1.132673677057027817e-02
-1.790070533752441406e+00
-4.171364475041627884e-03
-2.595393180847167969e+00
8.989664912223815918e-01
4.486763179302215576e-01
-1.016004800796508789e+00
4.472844004631042480e-01
8.929146528244018555e-01
-5.816869139671325684e-01
-2.139782428741455078e+00
4.012330472469329834e-01
1.488207578659057617e+00
-2.118001222610473633e+00
1.936733603477478027e+00
-2.374495744705200195e+00
7.142758369445800781e-01
-3.106088936328887939e-01
1.955988764762878418e+00
-3.081853628158569336e+00
-4.143272340297698975e-01
-1.306276082992553711e+00
7.062698602676391602e-01
-1.944496035575866699e+00
-2.671811103820800781e+00
-1.731852628290653229e-02
2.564595341682434082e-01
1.041052341461181641e+00
7.031557559967041016e-01
-9.743155837059020996e-01
1.696673870086669922e+00
4.121783256530761719e+00
-1.654328823089599609e+00
-2.211825549602508545e-01
