-1.925572901964187622e-01
2.366896718740463257e-01
-8.796110749244689941e-01
1.033048033714294434e+00
-3.263361454010009766e-01
-6.201396584510803223e-01
8.831704854965209961e-01
-1.155811309814453125e+00
-6.128765940666198730e-01
-2.942314147949218750e-01
8.688700795173645020e-01
5.052151083946228027e-01
5.111023411154747009e-02
9.227897524833679199e-01
-2.999038994312286377e-01
-7.146522402763366699e-01
1.028479576110839844e+00
-6.662418246269226074e-01
-9.206045269966125488e-01
-8.069491386413574219e-01
-1.123167634010314941e+00
5.642443299293518066e-01
8.989031314849853516e-01
1.774312615394592285e+00
1.444520950317382812e+00
-1.350308537483215332e+00
-5.045107007026672363e-01
5.500312447547912598e-01
6.461332440376281738e-01
1.243413567543029785e+00
-2.172329902648925781e+00
-3.915351629257202148e-01
-3.248321413993835449e-01
-6.772134900093078613e-01
1.508496403694152832e+00
-6.955241560935974121e-01
2.415325492620468140e-01
1.389184594154357910e+00
-2.595345973968505859e+00
2.872434616088867188e+00
-3.552412033081054688e+00
1.718799948692321777e+00
2.707493603229522705e-01
-8.778443336486816406e-01
-1.087747812271118164e+00
7.224239408969879150e-02
5.481558442115783691e-01
-1.065441295504570007e-01
1.916853785514831543e-01
-1.317650556564331055e+00
-1.143913865089416504e+00
1.735274493694305420e-01
6.421361565589904785e-01
-3.792952746152877808e-02
-1.347513079643249512e+00
3.003275394439697266e-01
3.633543848991394043e-02
4.365081489086151123e-01
1.335174560546875000e+00
1.343820095062255859e+00
-8.496202826499938965e-01
