-1.018822193145751953e+00
-4.690848886966705322e-01
-6.768439412117004395e-01
8.119752407073974609e-01
1.298740148544311523e+00
-6.887304186820983887e-01
-5.378075838088989258e-01
-2.638166546821594238e-01
7.091386914253234863e-01
-9.639526009559631348e-01
9.079464673995971680e-01
-9.021413326263427734e-01
7.789466977119445801e-01
-2.103472799062728882e-01
-2.857960760593414307e-01
-9.608553647994995117e-01
8.993752300739288330e-02
-9.406824707984924316e-01
7.053396105766296387e-01
9.156563282012939453e-01
-5.399048924446105957e-01
2.545133352279663086e+00
1.447947859764099121e+00
1.702104926109313965e+00
5.189834907650947571e-02
-2.479763515293598175e-02
-1.671867817640304565e-02
-1.037159204483032227e+00
2.148076057434082031e+00
-1.264856159687042236e-01
-3.658355772495269775e-01
6.910458207130432129e-01
-2.481919765472412109e+00
-7.488443255424499512e-01
-1.458465576171875000e+00
-1.168156936764717102e-01
2.228098958730697632e-01
-4.338430762290954590e-01
-8.435592171736061573e-04
4.017213359475135803e-02
-7.139280438423156738e-01
-2.449443340301513672e+00
1.273849844932556152e+00
-1.176331520080566406e+00
3.388360440731048584e-01
4.038798511028289795e-01
7.490589469671249390e-02
-1.024523496627807617e+00
-1.953974485397338867e+00
2.060706466436386108e-01
4.022381901741027832e-01
-8.495607376098632812e-01
-1.255445241928100586e+00
-1.189252257347106934e+00
-2.812939405441284180e+00
-3.524604439735412598e-01
1.603190541267395020e+00
2.633500993251800537e-01
-5.291404724121093750e-01
-2.503754496574401855e-01
-1.094487547874450684e+00
