8.910917043685913086e-01
6.433217525482177734e-01
-2.726137638092041016e-01
-4.826825857162475586e-01
-9.432470798492431641e-01
1.076622724533081055e+00
-1.186093449592590332e+00
-7.332781702280044556e-02
-2.910516262054443359e-01
4.529291689395904541e-01
7.424976825714111328e-01
-9.860630631446838379e-01
1.187077879905700684e+00
1.036207199096679688e+00
1.147421598434448242e+00
-8.151363730430603027e-01
-1.555577069520950317e-01
-3.153553307056427002e-01
-9.995801448822021484e-01
8.968481421470642090e-02
2.074695825576782227e-01
8.255332708358764648e-01
8.776810765266418457e-01
-2.245720863342285156e+00
-1.827789783477783203e+00
-3.998588025569915771e-01
7.941668033599853516e-01
4.579545259475708008e-01
1.143597722053527832e+00
-1.839700341224670410e+00
2.385690927505493164e+00
-1.933387994766235352e+00
-1.915462970733642578e+00
-3.585648059844970703e+00
-2.863094329833984375e+00
-2.284339904785156250e+00
6.216431036591529846e-02
1.449386000633239746e+00
-1.286987543106079102e+00
2.756266891956329346e-01
9.010134339332580566e-01
4.204585552215576172e-01
-1.076672911643981934e+00
-3.778301477432250977e+00
5.389524102210998535e-01
3.010048866271972656e-01
1.059946883469820023e-02
1.223690390586853027e+00
-1.621097803115844727e+00
2.098360538482666016e+00
-1.005951881408691406e+00
5.116664171218872070e-01
-8.535618185997009277e-01
-1.759483814239501953e+00
-1.798593282699584961e+00
1.706302881240844727e+00
-1.023372054100036621e+00
-9.319157600402832031e-01
2.930579483509063721e-01
1.124107718467712402e+00
-4.480046927928924561e-01
