-2.430427223443984985e-01
-5.414361953735351562e-01
-9.362985491752624512e-01
6.287021636962890625e-01
8.950273394584655762e-01
8.146849274635314941e-01
9.294238090515136719e-01
8.573975563049316406e-01
4.389114975929260254e-01
-7.593689560890197754e-01
-1.247968912124633789e+00
4.549054801464080811e-01
-8.241534829139709473e-01
1.015532970428466797e+00
-8.871567249298095703e-01
5.645723342895507812e-01
-4.061520695686340332e-01
8.460728526115417480e-01
8.610459975898265839e-03
8.217832446098327637e-01
1.203532338142395020e+00
-2.226336479187011719e+00
-6.739877462387084961e-01
-1.188198804855346680e+00
4.817828238010406494e-01
1.043596938252449036e-01
2.769434452056884766e-02
-7.164526581764221191e-01
-8.932353854179382324e-01
2.215442180633544922e+00
-2.581963874399662018e-02
-2.350594043731689453e+00
-2.892291545867919922e+00
3.407782018184661865e-01
-2.048797130584716797e+00
-2.993027925491333008e+00
-1.684586405754089355e+00
6.810304522514343262e-02
5.856717228889465332e-01
-4.342713356018066406e-01
-8.870096206665039062e-01
-2.055525779724121094e+00
3.208626508712768555e-01
-1.890121698379516602e+00
5.566340684890747070e-01
5.574882030487060547e-01
1.404161304235458374e-01
4.980931524187326431e-03
6.931964755058288574e-01
1.426879525184631348e+00
1.532562673091888428e-01
4.249815464019775391e+00
2.000550270080566406e+00
-1.254802197217941284e-01
1.429205179214477539e+00
-1.563610434532165527e+00
-1.621946811676025391e+00
3.926396667957305908e-01
-6.031966209411621094e-01
4.581024944782257080e-01
1.270369410514831543e+00
