-7.834001779556274414e-01
-1.053703784942626953e+00
-3.943192362785339355e-01
5.959345698356628418e-01
-7.203773260116577148e-01
1.019975662231445312e+00
1.062414169311523438e+00
8.135569691658020020e-01
-1.010306835174560547e+00
-3.656220436096191406e-01
4.529870748519897461e-01
7.749302387237548828e-01
8.620232343673706055e-01
8.245806097984313965e-01
-6.618663668632507324e-01
-7.534511089324951172e-01
9.299443960189819336e-01
-5.371487736701965332e-01
-8.790064454078674316e-01
7.443722337484359741e-03
-1.525072455406188965e-01
-8.013101220130920410e-01
-1.384927272796630859e+00
-9.657819867134094238e-01
-3.751427680253982544e-02
1.075261712074279785e+00
-3.573810458183288574e-01
-2.417522192001342773e+00
-5.759507417678833008e-01
-6.637939810752868652e-01
2.205913782119750977e+00
1.926140546798706055e+00
-7.432468235492706299e-02
-1.490560770034790039e+00
-1.832437157630920410e+00
-8.436386585235595703e-01
2.218472719192504883e+00
2.157869815826416016e+00
-2.990423679351806641e+00
6.280106902122497559e-01
-1.099995337426662445e-02
-1.156343698501586914e+00
-1.451877951622009277e+00
6.070453524589538574e-01
-3.442838788032531738e-01
-8.511801958084106445e-01
1.866381019353866577e-01
-2.212251901626586914e+00
9.395644813776016235e-02
-1.925374031066894531e+00
2.702079057693481445e+00
-1.514996409416198730e+00
4.178732335567474365e-01
-2.248505830764770508e+00
-1.357517719268798828e+00
2.927499413490295410e-01
-1.692265033721923828e+00
-3.870115756988525391e+00
2.230926752090454102e+00
-7.099999785423278809e-01
7.713126949965953827e-03
