6.465577483177185059e-01
9.274619072675704956e-02
-4.627976715564727783e-01
-5.645141601562500000e-01
-7.562629878520965576e-02
-3.922008574008941650e-01
-6.972932815551757812e-01
6.700561046600341797e-01
7.565684914588928223e-01
-9.060754179954528809e-01
-2.079419642686843872e-01
3.827368021011352539e-01
-4.379928112030029297e-01
2.781266868114471436e-01
-3.665320575237274170e-01
3.306226730346679688e-01
1.020122647285461426e+00
5.108767151832580566e-01
2.202508784830570221e-02
1.047763466835021973e+00
1.639244079589843750e+00
-1.474847942590713501e-01
-1.976399660110473633e+00
1.758478581905364990e-01
-3.414903283119201660e-01
-1.588871628046035767e-01
2.447335958480834961e+00
-1.643993139266967773e+00
-9.013521075248718262e-01
-1.984782218933105469e-01
-8.682952523231506348e-01
-1.542042255401611328e+00
6.453804373741149902e-01
-1.281431674957275391e+00
1.261476516723632812e+00
-1.013079285621643066e+00
-5.752969980239868164e-01
-9.194979071617126465e-01
-9.164147377014160156e-01
2.932426631450653076e-01
-2.380087614059448242e+00
1.619101166725158691e+00
-2.291503190994262695e+00
6.885563135147094727e-01
-1.699795126914978027e+00
9.731027483940124512e-01
2.127301692962646484e+00
-1.472776770591735840e+00
1.260029435157775879e+00
-7.015397548675537109e-01
-1.680798083543777466e-01
1.671404004096984863e+00
9.811740517616271973e-01
1.069788098335266113e+00
-1.271572589874267578e+00
1.256429195404052734e+00
5.147485136985778809e-01
-1.152307152748107910e+00
-5.950330495834350586e-01
2.731824219226837158e-01
-5.450863838195800781e-01
