-8.915139436721801758e-01
-4.714156389236450195e-01
1.105305790901184082e+00
9.118654131889343262e-01
-1.224613189697265625e+00
-5.462104678153991699e-01
-1.138862013816833496e+00
2.071830779314041138e-01
-1.296756625175476074e+00
8.811665773391723633e-01
7.960277199745178223e-01
1.426029682159423828e+00
1.206958293914794922e+00
1.222858786582946777e+00
9.594246745109558105e-01
1.030679821968078613e+00
-4.350820779800415039e-01
-1.368741154670715332e+00
1.163731098175048828e+00
-1.665372401475906372e-01
6.261053681373596191e-02
-2.426764011383056641e+00
1.769504547119140625e-01
1.460029780864715576e-01
5.794403553009033203e-01
-1.369800686836242676e+00
1.438891049474477768e-03
-1.443097829818725586e+00
-1.442238837480545044e-01
-2.732740640640258789e+00
2.168103218078613281e+00
-3.115128576755523682e-01
7.020268589258193970e-02
-3.788849711418151855e-02
-1.953109025955200195e+00
7.999885678291320801e-01
1.456663966178894043e+00
5.865846872329711914e-01
8.580859303474426270e-01
7.201440930366516113e-01
-6.719619631767272949e-01
-2.954784393310546875e+00
-2.431842386722564697e-01
3.832655549049377441e-01
5.299074053764343262e-01
1.153001070022583008e+00
2.739298939704895020e-01
2.696169853210449219e+00
-9.148182868957519531e-01
-1.865406990051269531e+00
-1.249667406082153320e+00
2.181431651115417480e-01
-1.439431905746459961e+00
5.971066951751708984e-01
-1.545783162117004395e+00
-6.678939461708068848e-01
-2.836658239364624023e+00
-4.008063077926635742e-01
9.875992536544799805e-01
-5.725650191307067871e-01
1.169058322906494141e+00
