8.037543892860412598e-01
-8.194909095764160156e-01
7.413004636764526367e-01
-8.627801537513732910e-01
6.914094686508178711e-01
-1.390399694442749023e+00
1.507493704557418823e-01
-3.615369200706481934e-01
-5.786890387535095215e-01
1.983071863651275635e-01
-9.562047123908996582e-01
-1.837976276874542236e-01
-9.614431262016296387e-01
6.709912419319152832e-01
8.983517438173294067e-02
-1.027346134185791016e+00
4.406874179840087891e-01
3.128007650375366211e-01
8.674209713935852051e-01
-8.752005696296691895e-01
-1.732123017311096191e+00
2.626684904098510742e+00
-4.550716876983642578e-01
-2.819970369338989258e+00
-4.521212577819824219e-01
-5.829374194145202637e-01
-4.177336394786834717e-01
1.653190970420837402e+00
-2.047858238220214844e-01
8.455456495285034180e-01
-5.034500267356634140e-03
6.956049799919128418e-01
8.680871725082397461e-01
-1.957470327615737915e-01
-6.179392710328102112e-02
8.212053775787353516e-01
2.257797956466674805e+00
-9.914357662200927734e-01
-1.698293924331665039e+00
-1.901468038558959961e+00
-1.305543661117553711e+00
2.018245458602905273e+00
1.794654726982116699e+00
1.577918648719787598e+00
-2.605768740177154541e-01
-9.442317485809326172e-02
2.157240390777587891e+00
-1.545466780662536621e+00
1.644853204488754272e-01
1.456939816474914551e+00
-2.401742339134216309e-01
-1.140843629837036133e+00
3.650281131267547607e-01
-3.716997802257537842e-01
1.475812315940856934e+00
3.582591712474822998e-01
2.184211015701293945e+00
1.914916276931762695e+00
-1.051598906517028809e+00
1.617351293563842773e+00
4.169229269027709961e-01
