-6.239624023437500000e-01
-2.202143222093582153e-01
3.427275419235229492e-01
-3.226164281368255615e-01
1.540654748678207397e-01
1.294723033905029297e+00
4.325096607208251953e-01
-1.905673146247863770e-01
-2.057164460420608521e-01
1.553274393081665039e-01
-7.331079840660095215e-01
-7.253266572952270508e-01
2.898792922496795654e-01
-1.523481309413909912e-01
-1.108644127845764160e+00
-6.210710406303405762e-01
-7.688898444175720215e-01
9.231457114219665527e-01
-9.095236659049987793e-01
-5.804867744445800781e-01
1.444618463516235352e+00
8.602502346038818359e-01
1.394579887390136719e+00
1.021098017692565918e+00
-5.372557640075683594e-01
-6.069605946540832520e-01
-5.858896970748901367e-01
8.719483613967895508e-01
7.469780445098876953e-01
6.571798771619796753e-02
2.440779447555541992e+00
1.481812357902526855e+00
-9.864652752876281738e-01
-7.274911403656005859e-01
3.970019817352294922e-01
3.736105263233184814e-01
-2.236188650131225586e+00
1.645658731460571289e+00
-5.624353289604187012e-01
-9.443029165267944336e-01
1.059765219688415527e+00
-1.440044999122619629e+00
1.750040888786315918e+00
-6.758807897567749023e-01
1.337809920310974121e+00
-4.288620054721832275e-01
-5.472890734672546387e-01
-1.237423658370971680e+00
-1.078881263732910156e+00
1.165030002593994141e+00
1.728534221649169922e+00
1.269631624221801758e+00
6.656175851821899414e-01
-2.376248359680175781e+00
-6.203724741935729980e-01
-5.165555477142333984e-01
2.230478048324584961e+00
-1.382698774337768555e+00
4.852461814880371094e-01
-7.810832262039184570e-01
2.199855595827102661e-01
