-1.021067738533020020e+00
-1.019801735877990723e+00
-1.084317684173583984e+00
7.075050473213195801e-01
1.096519351005554199e+00
1.491114258766174316e+00
7.069923877716064453e-01
-1.144632697105407715e+00
-9.874184131622314453e-01
1.007326722145080566e+00
-6.255367398262023926e-01
9.184416532516479492e-01
1.309706449508666992e+00
2.037727385759353638e-01
1.002828001976013184e+00
1.116094112396240234e+00
-2.809760272502899170e-01
1.525474548339843750e+00
-1.076245009899139404e-01
1.335109949111938477e+00
-3.395494461059570312e+00
1.545660376548767090e+00
-1.976222872734069824e+00
-2.918397665023803711e+00
-3.221876621246337891e-01
1.301893472671508789e+00
-3.329321622848510742e+00
1.495522856712341309e+00
2.799695014953613281e+00
-8.974819183349609375e-01
2.403007030487060547e+00
-6.113982200622558594e-01
3.003553152084350586e+00
-3.051143884658813477e-01
-1.362454175949096680e+00
-1.066429972648620605e+00
-8.980680108070373535e-01
1.307763218879699707e+00
1.048004865646362305e+00
3.201879739761352539e+00
1.352478623390197754e+00
1.382188916206359863e+00
2.043778419494628906e+00
-3.516736507415771484e+00
-3.954783827066421509e-02
1.158378481864929199e+00
2.560169935226440430e+00
-1.266461491584777832e+00
1.403435349464416504e+00
5.804045796394348145e-01
-1.513298749923706055e+00
2.977802455425262451e-01
2.199406147003173828e+00
2.464549541473388672e+00
-7.109333872795104980e-01
-5.838385820388793945e-01
-4.835994243621826172e+00
-1.309311985969543457e+00
-1.237768292427062988e+00
-2.472538709640502930e+00
2.751184999942779541e-01
