4.199814498424530029e-01
2.652341425418853760e-01
-5.205413699150085449e-01
-1.085361361503601074e+00
-1.095619201660156250e+00
2.479307353496551514e-01
-1.831782311201095581e-01
-2.257944345474243164e-01
1.281845688819885254e+00
4.403702020645141602e-01
-6.787198781967163086e-01
-8.612606525421142578e-01
1.150890469551086426e+00
1.168942332267761230e+00
9.348589181900024414e-01
-2.412603795528411865e-01
-9.421973824501037598e-01
1.153518557548522949e+00
-3.658986091613769531e-01
-2.973131537437438965e-01
-1.998205423355102539e+00
-1.220036625862121582e+00
2.394751608371734619e-01
1.645213842391967773e+00
1.919811964035034180e-01
1.161277174949645996e+00
5.689698085188865662e-02
-9.196809530258178711e-01
1.701676607131958008e+00
2.584569156169891357e-01
1.083642125129699707e+00
3.016887426376342773e+00
-2.387893348932266235e-01
-3.774524927139282227e-01
2.896878242492675781e+00
-6.064447760581970215e-01
2.299581766128540039e+00
2.523185253143310547e+00
1.093098521232604980e+00
1.337736129760742188e+00
1.530631422996520996e+00
7.599642276763916016e-01
2.580651640892028809e-01
7.938145995140075684e-01
4.709949493408203125e-01
4.001087665557861328e+00
-4.142734527587890625e+00
-5.184599757194519043e-01
-7.054851651191711426e-01
-3.595880568027496338e-01
-9.494321942329406738e-01
2.005832672119140625e+00
5.447614192962646484e-01
7.532920688390731812e-02
-1.756512284278869629e+00
-4.460607469081878662e-01
2.131060123443603516e+00
-1.324247717857360840e+00
-4.478678107261657715e-01
-1.055187582969665527e+00
-7.743538022041320801e-01
