3.996802568435668945e-01
1.128261566162109375e+00
7.455044388771057129e-01
7.088961005210876465e-01
7.998014688491821289e-01
-1.060942530632019043e+00
8.282574415206909180e-01
-9.701352715492248535e-01
1.213776767253875732e-01
9.637209773063659668e-01
-7.108959555625915527e-01
1.043795228004455566e+00
9.017384648323059082e-01
-4.794917702674865723e-01
-7.332922816276550293e-01
8.174445033073425293e-01
-3.557907342910766602e-01
-1.248974800109863281e-01
-7.343771457672119141e-01
-8.974559903144836426e-01
2.096350431442260742e+00
-2.865757346153259277e-01
9.519189000129699707e-01
1.460020065307617188e+00
2.468148231506347656e+00
-2.706903815269470215e-01
9.101724028587341309e-01
1.343391776084899902e+00
-3.906652033329010010e-01
2.610700763761997223e-02
-2.363913655281066895e-01
-2.388910770416259766e+00
1.291627883911132812e-01
2.187233686447143555e+00
-1.199133753776550293e+00
4.068524539470672607e-01
-2.005610704421997070e+00
5.626723766326904297e-01
-1.429969906806945801e+00
2.996970415115356445e+00
2.849410057067871094e+00
3.580845892429351807e-01
-2.502613067626953125e-01
-8.797987699508666992e-01
-1.595454096794128418e+00
2.029147893190383911e-01
7.304425835609436035e-01
3.287335336208343506e-01
1.278767347335815430e+00
1.511751711368560791e-01
-9.182769656181335449e-01
-1.247291803359985352e+00
1.588606387376785278e-01
-2.761154890060424805e+00
4.867682158946990967e-01
1.392385512590408325e-01
-1.147308468818664551e+00
-1.206911802291870117e+00
6.480996608734130859e-01
1.618616223335266113e+00
-3.076488971710205078e-01
