1.144095540046691895e+00
2.595369219779968262e-01
-1.079596281051635742e+00
7.917516827583312988e-01
-6.140500307083129883e-01
-1.180145263671875000e+00
1.119670629501342773e+00
8.423248529434204102e-01
8.242899179458618164e-01
-1.309595346450805664e+00
1.023804426193237305e+00
-8.855230212211608887e-01
-1.316095292568206787e-01
8.835248947143554688e-01
-2.318423390388488770e-01
1.550725579261779785e+00
2.255989313125610352e-01
-9.415243268013000488e-01
2.816326618194580078e-01
-9.335926175117492676e-01
8.278051763772964478e-02
-1.243467807769775391e+00
9.469645023345947266e-01
-2.322830677032470703e+00
1.872326731681823730e-01
1.406496912240982056e-01
2.235263884067535400e-01
-7.838385701179504395e-01
2.495907306671142578e+00
1.367511600255966187e-01
-1.669158577919006348e+00
-1.378490090370178223e+00
3.327665627002716064e-01
-2.755713760852813721e-01
-8.726162910461425781e-01
4.444381594657897949e-01
-1.103280782699584961e+00
-1.667889833450317383e+00
1.068630576133728027e+00
1.153379678726196289e+00
-1.744064502418041229e-02
1.444190979003906250e+00
6.985887885093688965e-01
-1.708454608917236328e+00
6.621176004409790039e-01
-3.048236072063446045e-01
8.332946896553039551e-02
7.011694312095642090e-01
-1.599104046821594238e+00
-1.421501487493515015e-01
-1.394252777099609375e+00
-7.309001088142395020e-01
-2.391980409622192383e+00
-4.611389338970184326e-01
-5.264701843261718750e-01
-1.036376599222421646e-02
1.077173113822937012e+00
1.515460133552551270e+00
2.583110332489013672e+00
-1.369935154914855957e+00
6.696527004241943359e-01
