1.228902935981750488e+00
-9.560077190399169922e-01
5.103623867034912109e-01
-1.100821495056152344e+00
-1.064497232437133789e+00
6.702648401260375977e-01
5.669393539428710938e-01
-1.421486973762512207e+00
1.107697129249572754e+00
-2.666331529617309570e-01
1.095607757568359375e+00
9.878093004226684570e-01
-9.267585873603820801e-01
3.797889053821563721e-01
9.646818041801452637e-01
8.621013760566711426e-01
-1.152822971343994141e+00
-6.763067245483398438e-01
-8.427304625511169434e-01
-9.635707139968872070e-01
-5.283755064010620117e-01
-5.215263962745666504e-01
-2.234298944473266602e+00
5.816922709345817566e-02
9.837103635072708130e-02
8.076259493827819824e-01
2.558798313140869141e+00
5.082479119300842285e-01
8.546273708343505859e-01
-3.156424760818481445e-01
3.550899922847747803e-01
-2.150416374206542969e+00
4.332312941551208496e-02
-9.829004406929016113e-01
-5.607093572616577148e-01
3.102475404739379883e+00
-1.265363931655883789e+00
-1.839396059513092041e-01
2.772569656372070312e+00
-2.347795009613037109e+00
-1.685654073953628540e-01
4.350110590457916260e-01
3.478878974914550781e+00
-5.739883705973625183e-02
-6.542401909828186035e-01
4.741019308567047119e-01
3.424953460693359375e+00
-4.246725440025329590e-01
1.588721394538879395e+00
-1.513511091470718384e-01
-2.959446012973785400e-01
-1.537421584129333496e+00
1.503724604845046997e-01
7.607967257499694824e-01
-1.757551431655883789e-01
-1.710504293441772461e+00
9.592376351356506348e-01
-4.274397194385528564e-01
2.039667367935180664e+00
1.667695045471191406e+00
2.141232341527938843e-01
