8.488535881042480469e-01
-2.560886740684509277e-01
-9.982627630233764648e-01
-8.436884880065917969e-01
-1.012361526489257812e+00
2.922561466693878174e-01
-6.983777284622192383e-01
-8.944435119628906250e-01
-4.251167178153991699e-01
6.180211901664733887e-01
-9.035689830780029297e-01
5.365318655967712402e-01
-7.233742624521255493e-02
-9.948285818099975586e-01
1.954995840787887573e-01
-1.018362641334533691e+00
-9.182645082473754883e-01
2.500725686550140381e-01
-5.011696219444274902e-01
-3.858519494533538818e-01
-1.393925398588180542e-01
4.199114441871643066e-01
2.771145105361938477e+00
-2.633471250534057617e+00
-2.111839532852172852e+00
-1.198110342025756836e+00
5.949764251708984375e-01
1.801918029785156250e+00
-2.075969457626342773e+00
-3.620060086250305176e-01
1.827796220779418945e+00
-9.576569311320781708e-03
-5.730798244476318359e-01
-1.217930197715759277e+00
9.540997147560119629e-01
1.112256288528442383e+00
3.392982482910156250e+00
-2.034638077020645142e-01
8.480497002601623535e-01
1.771617293357849121e+00
6.111025214195251465e-01
-1.556420326232910156e+00
1.476410508155822754e+00
2.023669242858886719e+00
1.275947809219360352e+00
1.517602205276489258e+00
-4.417737126350402832e-01
8.157294988632202148e-01
-3.270456075668334961e+00
-3.091977238655090332e-01
8.608794212341308594e-01
1.785242930054664612e-02
-5.077268481254577637e-01
4.805931746959686279e-01
3.961269259452819824e-01
3.712190091609954834e-01
1.860064744949340820e+00
2.048014879226684570e+00
-4.857497513294219971e-01
-2.417153358459472656e+00
-3.884824514389038086e-01
