-9.047447890043258667e-02
1.924508661031723022e-01
9.134588241577148438e-01
9.874534606933593750e-01
9.527266621589660645e-01
1.191084265708923340e+00
-9.798954129219055176e-01
8.515079021453857422e-01
1.245529055595397949e+00
-1.837543994188308716e-01
-4.380234479904174805e-01
9.345557093620300293e-01
1.244605541229248047e+00
-1.525421999394893646e-02
-3.578667938709259033e-01
-8.022837638854980469e-01
9.953716397285461426e-01
-5.493825674057006836e-01
9.875032901763916016e-01
3.981866836547851562e-01
-2.492576390504837036e-01
-5.822906494140625000e-01
-1.872324466705322266e+00
2.431801319122314453e+00
2.694587230682373047e+00
-4.498287141323089600e-01
-3.114053606986999512e-01
1.595440983772277832e+00
6.460369229316711426e-01
4.568852856755256653e-02
1.458479762077331543e+00
3.225321769714355469e+00
7.578116059303283691e-01
-4.666695892810821533e-01
-8.477719426155090332e-01
-2.172299861907958984e+00
-3.596305608749389648e+00
2.382552862167358398e+00
-2.698754549026489258e+00
1.807397723197937012e+00
-9.535981416702270508e-01
2.430454939603805542e-01
-1.705304026603698730e+00
-1.291615128517150879e+00
-1.369084835052490234e+00
2.792054116725921631e-01
-1.076217055320739746e+00
-2.308327674865722656e+00
-1.280096620321273804e-01
-1.782079100608825684e+00
-1.299859881401062012e+00
-1.819752454757690430e+00
-1.780373603105545044e-01
-2.516694068908691406e-01
-2.005795240402221680e+00
-1.524096488952636719e+00
-1.677733778953552246e+00
-2.856751918792724609e+00
-1.489691972732543945e+00
3.808350801467895508e+00
-9.377997517585754395e-01
