-1.923762559890747070e-01
-1.325793713331222534e-01
1.306149959564208984e+00
-4.333682954311370850e-01
-1.395343780517578125e+00
3.241252899169921875e-01
-4.710856974124908447e-01
-1.457524061203002930e+00
2.489068359136581421e-01
2.035610526800155640e-01
7.394676655530929565e-02
6.902430653572082520e-01
8.453799486160278320e-01
8.051592111587524414e-01
6.455863118171691895e-01
-1.262479305267333984e+00
-7.480725049972534180e-01
-6.860316991806030273e-01
7.740377783775329590e-01
-8.354145884513854980e-01
1.693923771381378174e-01
1.041013747453689575e-01
1.550716999918222427e-02
2.384559392929077148e+00
5.219316482543945312e-01
1.797121763229370117e+00
1.135927200317382812e+00
7.009187340736389160e-01
-9.424024820327758789e-01
-9.857746772468090057e-03
-2.506587803363800049e-01
7.050876319408416748e-02
-2.843755006790161133e+00
1.034478187561035156e+00
3.921261429786682129e-02
-4.384722113609313965e-01
-1.659671068191528320e+00
-4.116528332233428955e-01
2.356848001480102539e+00
1.904645085334777832e+00
-3.588551580905914307e-01
-9.444900751113891602e-01
-1.357447803020477295e-01
-2.136842727661132812e+00
-2.379587590694427490e-01
4.047617912292480469e+00
-3.334868252277374268e-01
-4.499827325344085693e-02
9.949133992195129395e-01
1.329117894172668457e+00
1.267053723335266113e+00
2.128003984689712524e-01
-1.528640270233154297e+00
-3.064674139022827148e-01
1.937026828527450562e-01
-3.586907088756561279e-01
1.881678223609924316e+00
8.647137880325317383e-02
-1.203627467155456543e+00
1.864342570304870605e+00
-5.328707695007324219e-01
