-9.821307063102722168e-01
1.476305961608886719e+00
2.646607458591461182e-01
3.714576363563537598e-01
-1.436082720756530762e+00
-1.320804804563522339e-01
3.901987671852111816e-01
-8.482850790023803711e-01
-9.199814796447753906e-01
3.433635234832763672e-01
-9.060866832733154297e-01
-9.373559951782226562e-01
1.443692803382873535e+00
9.586891531944274902e-01
-1.331971049308776855e+00
-9.743159413337707520e-01
-3.302888572216033936e-01
-9.618277549743652344e-01
9.933188557624816895e-02
-2.088093459606170654e-01
2.552497148513793945e+00
-8.272247910499572754e-01
-9.039409160614013672e-01
1.570175886154174805e+00
8.208580613136291504e-01
-7.992509007453918457e-02
-1.916507124900817871e+00
3.045072793960571289e+00
8.362505435943603516e-01
4.525100290775299072e-01
-1.119006156921386719e+00
1.642106175422668457e+00
-9.731670618057250977e-01
-8.621274828910827637e-01
-4.476164877414703369e-01
-3.197696685791015625e+00
1.271950840950012207e+00
-2.166618347167968750e+00
1.038378551602363586e-01
-1.032231330871582031e+00
1.461189270019531250e+00
2.567444443702697754e-01
1.371468424797058105e+00
1.894640922546386719e+00
-5.530557036399841309e-02
-2.785264015197753906e+00
1.450430274009704590e+00
1.903750419616699219e+00
9.413361549377441406e-01
7.543428987264633179e-02
7.189331650733947754e-01
8.286581635475158691e-01
-1.719383895397186279e-01
1.028028011322021484e+00
-2.970694899559020996e-01
1.245203256607055664e+00
-1.697070479393005371e+00
1.716089487075805664e+00
7.828637957572937012e-01
-1.870304346084594727e+00
-4.958372116088867188e-01
