-1.059148550033569336e+00
1.053182840347290039e+00
-8.993985652923583984e-01
-2.818222641944885254e-01
-4.976977109909057617e-01
-9.249795675277709961e-01
8.331998586654663086e-01
4.024980962276458740e-01
2.936259508132934570e-01
-8.979536294937133789e-01
2.350295931100845337e-01
-9.738626480102539062e-01
8.780806064605712891e-01
-1.124545216560363770e+00
-9.725394248962402344e-01
2.172158360481262207e-01
3.485693633556365967e-01
9.574458599090576172e-01
-9.748606085777282715e-01
2.575137019157409668e-01
9.859975576400756836e-01
-1.049896121025085449e+00
-9.919870495796203613e-01
-7.423332333564758301e-01
1.837676882743835449e+00
-7.022147774696350098e-01
1.288157820701599121e+00
1.828476190567016602e+00
1.226314783096313477e+00
-3.159584283828735352e+00
5.483868122100830078e-01
1.887420892715454102e+00
-1.946338772773742676e+00
-9.208957105875015259e-02
-1.960135340690612793e+00
-8.955833315849304199e-01
-1.209586620330810547e+00
-3.031972408294677734e+00
-2.572613716125488281e+00
7.156514525413513184e-01
1.434411257505416870e-01
-2.388512790203094482e-01
1.097229048609733582e-01
-1.902420520782470703e+00
-2.353975534439086914e+00
-2.041153609752655029e-01
-3.419969677925109863e-01
1.169515132904052734e+00
2.039598226547241211e+00
2.146069765090942383e+00
9.256579875946044922e-01
1.284141302108764648e+00
-1.190777182579040527e+00
-3.888354599475860596e-01
1.036066174507141113e+00
3.439782857894897461e+00
-2.039363794028759003e-02
-1.701448798179626465e+00
1.455061554908752441e+00
1.242818236351013184e+00
2.035548835992813110e-01
