3.951573967933654785e-01
7.480031251907348633e-01
3.902029991149902344e-01
-9.852221012115478516e-01
3.195538520812988281e-01
-5.978791713714599609e-01
7.192082405090332031e-01
1.732883602380752563e-01
2.672350406646728516e-01
2.201717644929885864e-01
2.079634815454483032e-01
1.184211730957031250e+00
8.673151135444641113e-01
-1.145473361015319824e+00
-8.254285454750061035e-01
6.739977598190307617e-01
-9.866952896118164062e-01
1.246940851211547852e+00
7.721446156501770020e-01
9.677292704582214355e-01
-1.057260036468505859e+00
9.771274924278259277e-01
1.997534990310668945e+00
-1.218885183334350586e+00
-1.295125961303710938e+00
-2.058123797178268433e-01
1.519175410270690918e+00
-7.722187638282775879e-01
1.336879253387451172e+00
-9.890719056129455566e-01
7.105660438537597656e-01
-8.893133997917175293e-01
-2.570958852767944336e+00
1.454050838947296143e-01
-5.436841845512390137e-01
-1.744143515825271606e-01
1.872764468193054199e+00
7.662873864173889160e-01
2.488979339599609375e+00
1.214989304542541504e+00
4.620252251625061035e-01
-6.683589220046997070e-01
1.416577696800231934e+00
-1.295666933059692383e+00
1.638395309448242188e+00
-2.254979759454727173e-01
-1.318374514579772949e+00
9.371343851089477539e-01
1.252551317214965820e+00
1.737116336822509766e+00
1.908896684646606445e+00
-2.053358256816864014e-01
-1.632972240447998047e+00
-3.776924312114715576e-01
-3.258962556719779968e-02
-1.042296364903450012e-01
1.244365930557250977e+00
1.635814309120178223e-01
-1.638181805610656738e+00
-7.954131960868835449e-01
4.911744222044944763e-02
