-9.243632555007934570e-01
7.221157550811767578e-01
-8.418350815773010254e-01
-8.057618141174316406e-01
6.297221779823303223e-01
-7.276685237884521484e-01
4.051722884178161621e-01
-1.493794471025466919e-01
-8.172587752342224121e-01
-2.240185588598251343e-01
-9.363862872123718262e-01
9.698111414909362793e-01
2.830583751201629639e-01
-8.928988575935363770e-01
3.299311399459838867e-01
7.976617813110351562e-01
7.691298127174377441e-01
-5.594076514244079590e-01
8.256727457046508789e-01
1.955672502517700195e-01
-2.344360351562500000e+00
7.627414464950561523e-01
-1.652393579483032227e+00
-8.198821544647216797e-01
1.039257287979125977e+00
-6.910378932952880859e-01
-1.605864286422729492e+00
-1.100323915481567383e+00
-2.899432897567749023e+00
-4.748536050319671631e-01
-1.459223181009292603e-01
-2.949535131454467773e+00
-1.635042190551757812e+00
1.842427253723144531e+00
1.188920974731445312e+00
1.715593934059143066e+00
3.163087740540504456e-02
-2.565629243850708008e+00
-1.124404191970825195e+00
4.890737831592559814e-01
1.888011097908020020e+00
-5.477458238601684570e-01
1.694572567939758301e+00
-1.423834413290023804e-01
-1.111697793006896973e+00
-1.337961673736572266e+00
2.719886779785156250e+00
-1.591040253639221191e+00
2.270325183868408203e+00
-3.383912742137908936e-01
-3.305093348026275635e-01
-1.574853897094726562e+00
3.448571443557739258e+00
2.108712196350097656e+00
1.067090749740600586e+00
1.760428547859191895e+00
1.267416477203369141e+00
-3.204295635223388672e+00
-5.530514121055603027e-01
7.127811014652252197e-02
8.122502565383911133e-01
