-1.108154058456420898e-01
1.003781437873840332e+00
9.977708458900451660e-01
8.976624608039855957e-01
7.146238684654235840e-01
9.729114770889282227e-01
-6.282662153244018555e-01
-2.711611390113830566e-01
9.523268938064575195e-01
-7.953049540519714355e-01
-9.564660787582397461e-01
-6.006547808647155762e-01
-7.803547382354736328e-01
-1.116512298583984375e+00
-7.408226728439331055e-01
-9.181462973356246948e-02
6.755807995796203613e-01
-7.741643190383911133e-01
-2.421187013387680054e-01
-5.039427876472473145e-01
-1.577337533235549927e-01
-5.594230294227600098e-01
-2.120654284954071045e-01
2.304404377937316895e-01
-6.973990797996520996e-01
6.959239244461059570e-01
-1.831014037132263184e+00
1.478962182998657227e+00
3.362142741680145264e-01
1.616174578666687012e+00
2.282941639423370361e-01
-9.059265851974487305e-01
2.553222179412841797e+00
1.553340554237365723e-01
-1.817521899938583374e-01
-2.168142497539520264e-01
5.008054971694946289e-01
-4.837637841701507568e-01
9.702348113059997559e-01
-2.548046827316284180e+00
-4.043830037117004395e-01
-1.989709585905075073e-01
-1.024284809827804565e-01
-8.929985761642456055e-02
8.548201918601989746e-01
1.096552491188049316e+00
1.951058506965637207e+00
-1.759054422378540039e+00
-2.354398667812347412e-01
1.496975183486938477e+00
1.022280845791101456e-02
7.005786299705505371e-01
1.627303361892700195e+00
-7.512668967247009277e-01
4.184399247169494629e-01
-1.361954450607299805e+00
-1.259651686996221542e-02
3.032584190368652344e-01
-2.422159433364868164e+00
-2.009133815765380859e+00
5.378367304801940918e-01
