-4.656644463539123535e-01
-1.104896426200866699e+00
1.068809866905212402e+00
3.658485114574432373e-01
2.028132379055023193e-01
7.937721610069274902e-01
7.947098612785339355e-01
-2.533585429191589355e-01
-9.676188826560974121e-01
1.112122893333435059e+00
7.012025117874145508e-01
9.754931330680847168e-01
9.986129403114318848e-01
4.027583599090576172e-01
-3.791252076625823975e-01
9.422960877418518066e-01
-6.824753880500793457e-01
6.980955004692077637e-01
1.032292366027832031e+00
6.760195493698120117e-01
2.024693489074707031e+00
-5.163537859916687012e-01
-2.654859304428100586e+00
-8.117256760597229004e-01
-8.011444807052612305e-01
-6.177814602851867676e-01
-6.192985773086547852e-01
9.673376083374023438e-01
3.344488382339477539e+00
-7.001065015792846680e-01
-3.667532801628112793e-01
2.207150936126708984e+00
-1.602567553520202637e+00
1.838169693946838379e+00
-1.848096132278442383e+00
3.115071058273315430e+00
4.889177531003952026e-02
3.892538249492645264e-01
2.362111024558544159e-02
2.732234597206115723e-01
-3.018172979354858398e+00
-1.006286859512329102e+00
-2.003138780593872070e+00
8.679860234260559082e-01
1.084825992584228516e+00
-3.835488557815551758e-01
8.227979540824890137e-01
-2.620876312255859375e+00
2.161130428314208984e+00
7.881169915199279785e-01
-7.276217937469482422e-01
-2.029309749603271484e+00
-1.084759235382080078e+00
2.417614698410034180e+00
-3.093889474868774414e+00
-2.008009672164916992e+00
6.467996835708618164e-01
-1.922535449266433716e-01
9.933131933212280273e-01
-6.889160871505737305e-01
-3.909694403409957886e-02
