-2.168779373168945312e-01
7.936907410621643066e-01
6.842993497848510742e-01
4.133586287498474121e-01
-8.802680969238281250e-01
-6.871576607227325439e-02
8.705137372016906738e-01
7.917742133140563965e-01
-6.341007947921752930e-01
7.199636101722717285e-01
-8.368461132049560547e-01
1.334197670221328735e-01
-3.422544300556182861e-01
1.910721808671951294e-01
1.459407806396484375e-01
8.504334092140197754e-01
1.449408531188964844e-01
-3.462227284908294678e-01
7.766464948654174805e-01
-2.787536084651947021e-01
1.015865683555603027e+00
-1.722949981689453125e+00
-4.898799955844879150e-01
2.177007913589477539e+00
-2.150646448135375977e+00
-2.693127691745758057e-01
-2.862993001937866211e+00
2.191852629184722900e-01
-2.170083373785018921e-01
1.231135129928588867e+00
1.778210401535034180e+00
-6.097161173820495605e-01
1.316805124282836914e+00
1.097195386886596680e+00
-6.406338810920715332e-01
8.591681718826293945e-02
-1.037629365921020508e+00
-1.635151624679565430e+00
2.677649736404418945e+00
1.087053775787353516e+00
-1.307800412178039551e+00
-1.160364151000976562e+00
-1.861857771873474121e-01
2.233530998229980469e+00
1.487484335899353027e+00
-1.429322957992553711e+00
-1.857787013053894043e+00
5.198732614517211914e-01
3.991101086139678955e-01
-6.828859448432922363e-01
1.370868921279907227e+00
1.366828203201293945e+00
-1.251258373260498047e+00
1.369031786918640137e+00
1.496577024459838867e+00
9.043596982955932617e-01
1.196649551391601562e+00
-1.297582626342773438e+00
-1.875896811485290527e+00
-1.714666366577148438e+00
7.005706429481506348e-01
