-1.229683160781860352e+00
9.055584669113159180e-01
8.346104621887207031e-01
1.055545568466186523e+00
1.027850031852722168e+00
8.616997599601745605e-01
1.053240776062011719e+00
-1.006413817405700684e+00
-2.002958059310913086e-01
9.688948392868041992e-01
9.902837276458740234e-01
6.139461994171142578e-01
-4.010247588157653809e-01
2.593341767787933350e-01
5.324085354804992676e-01
-9.300476312637329102e-01
-2.093878686428070068e-01
-3.935557007789611816e-01
-3.833976387977600098e-01
-2.947241067886352539e-01
9.930560588836669922e-01
1.993140101432800293e+00
2.591131448745727539e+00
3.405664265155792236e-01
1.225472569465637207e+00
-4.145301878452301025e-01
-8.035957217216491699e-01
1.564728021621704102e+00
-1.093958139419555664e+00
-3.071270227432250977e+00
-2.216145038604736328e+00
1.365578889846801758e+00
2.484158277511596680e+00
7.067971825599670410e-01
2.805296897888183594e+00
-1.377534627914428711e+00
9.184984564781188965e-01
7.911705970764160156e-02
1.386958360671997070e+00
8.238728046417236328e-01
6.841974854469299316e-01
-8.428585529327392578e-01
-1.859600067138671875e+00
4.872481524944305420e-01
5.610271692276000977e-01
5.458034276962280273e-01
7.683307528495788574e-01
9.318488836288452148e-01
-1.987058043479919434e+00
-1.820249915122985840e+00
-1.743917226791381836e+00
-1.071019649505615234e+00
-2.414043664932250977e+00
1.457572221755981445e+00
2.473617076873779297e+00
7.217880487442016602e-01
-1.656191110610961914e+00
-4.332719445228576660e-01
-1.588747262954711914e+00
-1.257202982902526855e+00
4.829680025577545166e-01
