-1.964626163244247437e-01
-9.661135673522949219e-01
-2.422622889280319214e-01
-2.043428570032119751e-01
9.484549760818481445e-01
-3.105442523956298828e-01
1.130329132080078125e+00
-1.226760625839233398e+00
3.653843700885772705e-01
9.580941200256347656e-01
-8.037096858024597168e-01
-8.577921986579895020e-01
3.790037035942077637e-01
3.267827630043029785e-01
-1.526637434959411621e+00
-6.318740844726562500e-01
-1.129686474800109863e+00
-3.303878307342529297e-01
-9.149083495140075684e-01
-1.014775514602661133e+00
7.513416409492492676e-01
-2.893056869506835938e+00
5.113090872764587402e-01
7.924496531486511230e-01
-1.805403232574462891e+00
-1.624741435050964355e+00
3.180873155593872070e+00
-1.663259625434875488e+00
-1.641566991806030273e+00
-2.296568870544433594e+00
2.779399156570434570e+00
-2.640980295836925507e-02
1.166695952415466309e+00
-1.565201044082641602e+00
-4.200009405612945557e-01
7.488057017326354980e-02
-2.727369546890258789e+00
1.370319843292236328e+00
1.100616931915283203e+00
-3.065798521041870117e+00
-9.960185885429382324e-01
1.394949793815612793e+00
-8.360195159912109375e-01
-9.004296660423278809e-01
-1.867716610431671143e-01
-2.974105358123779297e+00
2.057329654693603516e+00
8.802924156188964844e-01
1.072232604026794434e+00
-1.427966117858886719e+00
2.325612068176269531e+00
-8.495460748672485352e-01
1.932719707489013672e+00
1.780847787857055664e+00
2.581418454647064209e-01
-3.863548040390014648e-01
1.832534074783325195e+00
-8.076625466346740723e-01
3.617507219314575195e-01
1.774410605430603027e+00
2.408458106219768524e-02
