9.237349033355712891e-01
-8.751476407051086426e-01
5.088498592376708984e-01
-9.535803794860839844e-01
9.826196432113647461e-01
8.269954919815063477e-01
-1.285158395767211914e+00
3.226103782653808594e-01
-8.165717124938964844e-01
6.645778417587280273e-01
-7.550224661827087402e-01
1.385379955172538757e-02
1.455243118107318878e-02
-7.795850634574890137e-01
9.405211806297302246e-01
-7.989893555641174316e-01
8.273630142211914062e-01
-4.275278151035308838e-01
2.151733785867691040e-01
5.584440827369689941e-01
-7.113660573959350586e-01
2.997760772705078125e+00
-3.439708650112152100e-01
2.278670549392700195e+00
-3.623638749122619629e-01
5.980153679847717285e-01
-6.633169054985046387e-01
-1.104787230491638184e+00
8.827624917030334473e-01
-3.324318826198577881e-01
-1.471185684204101562e+00
-7.764393687248229980e-01
-8.607111871242523193e-02
8.726686835289001465e-01
-4.106784462928771973e-01
4.101635888218879700e-02
2.508555650711059570e+00
1.791386008262634277e+00
-9.778513908386230469e-01
2.919857740402221680e+00
7.948583960533142090e-01
1.621076345443725586e+00
6.785279139876365662e-03
1.429407596588134766e+00
4.179185926914215088e-01
8.433002829551696777e-01
-3.738923370838165283e-02
1.457271814346313477e+00
6.875413656234741211e-01
-8.235501646995544434e-01
1.129039645195007324e+00
7.388883233070373535e-01
7.229148149490356445e-01
3.807970881462097168e-01
5.555417761206626892e-02
-6.364990472793579102e-01
-1.240549087524414062e+00
-2.328176021575927734e+00
9.748468995094299316e-01
2.312611103057861328e+00
7.957212924957275391e-01
