8.569752573966979980e-01
6.491532325744628906e-01
2.694800853729248047e+00
-1.079225659370422363e+00
-8.174747228622436523e-01
-1.172325372695922852e+00
8.664882779121398926e-01
1.342594146728515625e+00
1.307442188262939453e+00
8.993402719497680664e-01
2.518186807632446289e+00
5.783284306526184082e-01
1.699180364608764648e+00
-1.270169019699096680e+00
1.726222753524780273e+00
-1.508290648460388184e+00
-1.617969870567321777e+00
2.655582904815673828e+00
1.082868933677673340e+00
7.353047728538513184e-01
1.609356164932250977e+00
3.132455348968505859e+00
-1.063772678375244141e+01
-9.491121172904968262e-01
-1.802789211273193359e+00
-1.361084699630737305e+00
1.030412793159484863e+00
-1.612703442573547363e+00
-1.172995805740356445e+00
5.097121715545654297e+00
-1.005506324768066406e+01
9.321838617324829102e-01
4.909856319427490234e+00
1.740134596824645996e+00
-1.454841971397399902e+00
1.738338917493820190e-01
-1.024556756019592285e+00
-4.492292404174804688e+00
2.785111904144287109e+00
1.414878845214843750e+00
-1.173527479171752930e+00
2.788271665573120117e+00
-3.485528707504272461e+00
5.804349482059478760e-02
-8.720813989639282227e-01
-1.640080690383911133e+00
-2.407530099153518677e-01
-1.260494709014892578e+00
1.105980277061462402e+00
-3.864748001098632812e+00
3.408279895782470703e+00
-1.415164768695831299e-01
-2.172163963317871094e+00
-1.911431550979614258e+00
-1.582270264625549316e+00
-8.118160963058471680e-01
1.022891521453857422e+00
-5.830543041229248047e-01
1.099396347999572754e+00
2.944611310958862305e-01
1.771195292472839355e+00
