-1.936914771795272827e-01
9.189415723085403442e-02
-8.192460238933563232e-02
-1.697866678237915039e+00
3.640532493591308594e-02
1.654930859804153442e-01
-4.567508995532989502e-01
2.179993629455566406e+00
1.685515642166137695e+00
6.920108105987310410e-03
1.508886814117431641e+00
2.651965618133544922e-01
2.056906521320343018e-01
2.711278796195983887e-01
-2.789770662784576416e-01
6.864181756973266602e-01
-1.456796765327453613e+00
-1.164837121963500977e+00
1.223217844963073730e+00
5.035046339035034180e-01
-2.096552610397338867e+00
9.168903231620788574e-01
-5.490414142608642578e+00
5.139451980590820312e+00
2.649766921997070312e+00
2.455044984817504883e+00
2.881874799728393555e+00
-5.959690809249877930e-01
3.036152124404907227e-01
1.552483201026916504e+00
4.964410781860351562e+00
1.371076703071594238e+00
-4.419101774692535400e-02
-1.209945797920227051e+00
5.012500882148742676e-01
-2.861497163772583008e+00
-7.336107492446899414e-01
1.374745368957519531e-01
-3.604794025421142578e+00
1.347168833017349243e-01
-2.209853410720825195e+00
-4.647354781627655029e-01
-5.288382053375244141e+00
-4.018321514129638672e+00
-1.230125308036804199e+00
-4.949869155883789062e+00
-1.742194771766662598e+00
-1.252544641494750977e+00
2.339940309524536133e+00
2.305669546127319336e+00
-1.149231791496276855e+00
6.655291557312011719e+00
1.099629282951354980e+00
2.655111074447631836e+00
-4.842653870582580566e-02
-3.387400150299072266e+00
2.261416912078857422e+00
-1.474811911582946777e+00
-3.808003187179565430e+00
-2.739985704421997070e+00
-6.318556308746337891e+00
