-2.214252948760986328e-01
-2.394049644470214844e+00
3.926122784614562988e-01
-1.364482402801513672e+00
-1.601533412933349609e+00
1.476935148239135742e+00
-8.839458227157592773e-01
7.536934018135070801e-01
6.221359968185424805e-01
-1.285081028938293457e+00
-1.501842021942138672e+00
-3.626081049442291260e-01
1.525484323501586914e-01
6.787844300270080566e-01
1.279384374618530273e+00
-1.640193819999694824e+00
1.370993375778198242e+00
-5.950957536697387695e-01
-1.312852859497070312e+00
2.537205934524536133e+00
5.176335573196411133e-01
-3.000211238861083984e+00
1.078175187110900879e+00
1.974765658378601074e+00
4.055451393127441406e+00
2.417421817779541016e+00
1.163650631904602051e+00
2.012626409530639648e+00
-1.957785606384277344e+00
-4.162066459655761719e+00
-2.436514496803283691e-01
-2.494845092296600342e-01
-4.752109348773956299e-01
-4.089209139347076416e-01
-3.288582324981689453e+00
-5.009739398956298828e+00
2.030421197414398193e-01
-2.561545372009277344e+00
3.772116422653198242e+00
-1.388550698757171631e-01
4.017230272293090820e-01
1.113675713539123535e+00
-6.553750634193420410e-01
-1.839816212654113770e+00
3.359779357910156250e+00
1.853108167648315430e+00
1.392387032508850098e+00
-2.382722139358520508e+00
-1.645278573036193848e+00
4.366950988769531250e+00
-8.148075342178344727e-01
1.063849687576293945e+00
-5.671673417091369629e-01
-3.054381906986236572e-02
2.221843957901000977e+00
-4.836775302886962891e+00
6.909595727920532227e-01
-2.244929313659667969e+00
-2.850461959838867188e+00
-4.606320858001708984e-01
-5.373545885086059570e-01
