4.615575671195983887e-01
1.492739319801330566e+00
-1.827049374580383301e+00
-1.866493821144104004e+00
9.390990734100341797e-01
1.821021914482116699e+00
-1.920584201812744141e+00
-1.718120932579040527e+00
2.271568298339843750e+00
9.848983883857727051e-01
2.451315402984619141e+00
1.083010673522949219e+00
-2.129698514938354492e+00
2.220437288284301758e+00
1.524513840675354004e+00
-1.268739700317382812e+00
7.673789858818054199e-01
-1.123667836189270020e+00
-8.873284459114074707e-01
-1.300568342208862305e+00
-1.863819360733032227e+00
-6.844158470630645752e-02
2.831976175308227539e+00
-3.360529899597167969e+00
3.502235114574432373e-01
9.387564063072204590e-01
-7.265530228614807129e-01
-3.335373163223266602e+00
-2.543223202228546143e-01
-3.966206073760986328e+00
8.339623808860778809e-01
-1.691805839538574219e+00
-8.085806846618652344e+00
4.467568695545196533e-01
-6.656657695770263672e+00
4.653964042663574219e+00
1.299547553062438965e-01
-2.306949496269226074e-01
7.679914124310016632e-04
-5.001855850219726562e+00
-2.974589586257934570e+00
-1.369023084640502930e+00
2.310247182846069336e+00
-2.079396486282348633e+00
-7.395388484001159668e-01
1.475448012351989746e+00
3.997668251395225525e-02
2.114251136779785156e+00
-1.978566497564315796e-01
-2.631466388702392578e+00
-3.783247172832489014e-01
3.735554456710815430e+00
-2.853699684143066406e+00
8.661014437675476074e-01
2.367898702621459961e+00
-1.525345683097839355e+00
-1.043109968304634094e-01
-1.095029786229133606e-01
2.388362772762775421e-02
3.129595279693603516e+00
-4.216235578060150146e-01
