1.667079448699951172e+00
1.899460911750793457e+00
1.577095031738281250e+00
-1.185958862304687500e+00
-1.343778967857360840e+00
1.795669913291931152e+00
-1.485900402069091797e+00
-1.755951941013336182e-01
-8.319177031517028809e-01
-1.935764789581298828e+00
-8.161882162094116211e-01
-8.987504243850708008e-01
6.888186931610107422e-01
8.797046542167663574e-01
-1.785652637481689453e+00
1.427676558494567871e+00
-2.904815077781677246e-01
1.105160713195800781e+00
1.032519221305847168e+00
-3.024940252304077148e+00
2.079677581787109375e+00
3.927014827728271484e+00
-5.221967697143554688e+00
2.272479683160781860e-01
2.321413040161132812e+00
5.839918851852416992e-01
-4.385166168212890625e+00
9.574186801910400391e-01
3.612516075372695923e-02
2.341827630996704102e+00
-2.923139572143554688e+00
5.038269758224487305e-01
2.944663763046264648e+00
-5.680807828903198242e-01
6.065076828002929688e+00
6.388932704925537109e+00
-1.355757474899291992e+00
3.252127766609191895e-01
7.255868986248970032e-03
-1.318241953849792480e+00
-1.535817980766296387e+00
1.497121691703796387e+00
-4.822812557220458984e+00
7.010236382484436035e-01
1.643762230873107910e+00
2.227143764495849609e+00
3.396057128906250000e+00
-1.674595952033996582e+00
1.141337633132934570e+00
-1.341747522354125977e+00
-3.600417613983154297e+00
-8.882650136947631836e-01
3.150629520416259766e+00
1.375590823590755463e-02
-5.183184623718261719e+00
-3.818856954574584961e+00
-1.914174705743789673e-01
-5.201796889305114746e-01
-4.570322930812835693e-01
2.247197180986404419e-01
1.224572896957397461e+00
