-1.982856169342994690e-02
1.342362284660339355e+00
1.541262269020080566e-01
6.747120022773742676e-01
6.883214116096496582e-01
-2.057096004486083984e+00
-5.946599245071411133e-01
-1.801786541938781738e+00
-1.715539693832397461e+00
-4.984633028507232666e-01
7.703800797462463379e-01
-1.175928860902786255e-01
9.547094106674194336e-01
1.438641905784606934e+00
-2.458469122648239136e-01
9.030848145484924316e-01
1.967124104499816895e+00
-2.354028701782226562e+00
-9.409505724906921387e-01
-1.635776996612548828e+00
-3.758332967758178711e+00
2.782988071441650391e+00
-1.353090882301330566e+00
-1.108358025550842285e+00
2.519237279891967773e+00
-1.428046941757202148e+00
1.712836980819702148e+00
6.661449909210205078e+00
6.780229091644287109e+00
-1.349806338548660278e-01
-2.866600751876831055e+00
-1.969006538391113281e+00
3.982124805450439453e+00
-5.080610752105712891e+00
-1.935746312141418457e+00
-2.638978242874145508e+00
2.982253730297088623e-01
-3.625905036926269531e+00
3.777320623397827148e+00
4.847238063812255859e+00
1.455218195915222168e+00
1.677848219871520996e+00
-1.784307003021240234e+00
-8.034936785697937012e-01
-2.729190587997436523e+00
-4.660656750202178955e-01
-5.621681213378906250e-01
-2.913712263107299805e+00
4.117128849029541016e+00
-6.121238470077514648e-01
3.484319448471069336e+00
-4.904776066541671753e-02
2.177359342575073242e+00
-3.860702753067016602e+00
8.387692272663116455e-02
1.941883087158203125e+00
-3.451402783393859863e-01
1.376206040382385254e+00
-2.991564512252807617e+00
2.452972412109375000e+00
4.366674721240997314e-01
