-7.214738428592681885e-02
-7.938364893198013306e-02
1.590931057929992676e+00
1.789930939674377441e+00
-1.557111740112304688e+00
1.469390392303466797e+00
-1.033396363258361816e+00
-3.919725716114044189e-01
-4.381815791130065918e-01
5.726669430732727051e-01
1.064130425453186035e+00
-6.606646180152893066e-01
1.931491732597351074e+00
9.367569684982299805e-01
-1.058868050575256348e+00
-8.892716169357299805e-01
1.615095496177673340e+00
-1.569442987442016602e+00
-9.223713874816894531e-01
1.236357331275939941e+00
-1.800268411636352539e+00
4.386024177074432373e-01
4.256164550781250000e+00
-4.109627246856689453e+00
-1.912533402442932129e+00
-9.514783620834350586e-01
5.591899156570434570e-01
-9.983653426170349121e-01
1.281709909439086914e+00
3.506139039993286133e+00
7.727463841438293457e-01
3.427681207656860352e+00
-4.035507678985595703e+00
5.258306860923767090e-01
4.186151504516601562e+00
-2.527732372283935547e+00
6.196268200874328613e-01
5.591990351676940918e-01
3.319587469100952148e+00
2.476599454879760742e+00
1.574024438858032227e+00
2.656646370887756348e-01
2.707062959671020508e+00
-2.463402032852172852e+00
-1.783052682876586914e+00
-2.193727254867553711e+00
-6.804397106170654297e-01
-6.012770533561706543e-01
-6.767250895500183105e-01
3.656961202621459961e+00
-6.242632865905761719e-02
-3.287363529205322266e+00
2.313546895980834961e+00
1.075698658823966980e-01
6.195113182067871094e+00
2.211728334426879883e+00
-6.630424857139587402e-01
-1.222900509834289551e+00
-4.241713523864746094e+00
-2.832816600799560547e+00
-5.727275609970092773e-01
