-1.433466672897338867e+00
2.675882577896118164e+00
-1.568440198898315430e+00
1.466790437698364258e+00
-9.330906867980957031e-01
2.104262590408325195e+00
5.527824163436889648e-01
-1.607341527938842773e+00
-1.148976802825927734e+00
-1.897297501564025879e+00
-1.844047904014587402e+00
1.358297318220138550e-01
-1.036154747009277344e+00
-7.289699912071228027e-01
-9.851548075675964355e-01
-1.678392440080642700e-01
8.153997063636779785e-01
8.400753736495971680e-01
4.984981417655944824e-01
7.603848576545715332e-01
3.914676904678344727e-01
-5.224777698516845703e+00
-2.285823822021484375e+00
-7.497077584266662598e-01
8.245960474014282227e-01
1.269500851631164551e+00
1.498517870903015137e+00
4.348529279232025146e-01
3.231402397155761719e+00
7.852298259735107422e+00
3.821943104267120361e-01
2.702603340148925781e+00
-1.418574452400207520e+00
6.164498925209045410e-01
1.927127957344055176e+00
3.228220343589782715e-01
-3.467375934123992920e-01
-1.291598320007324219e+00
2.989247560501098633e+00
2.553234815597534180e+00
-3.590623661875724792e-02
6.887025833129882812e-01
2.322907209396362305e+00
9.263654351234436035e-01
5.514082908630371094e-01
-5.152172446250915527e-01
2.403788566589355469e+00
1.177141666412353516e+00
2.600790023803710938e+00
1.363478064537048340e+00
8.964029140770435333e-03
1.214667081832885742e+00
-1.682323575019836426e+00
8.844859004020690918e-01
-1.727855920791625977e+00
-1.078852272033691406e+01
-1.248737454414367676e+00
-9.865668416023254395e-01
4.340951919555664062e+00
-4.296369552612304688e+00
-2.771831989288330078e+00
