2.230025827884674072e-01
9.904955029487609863e-01
-2.204812765121459961e+00
-1.823103904724121094e+00
5.751443505287170410e-01
7.269461750984191895e-01
-9.737604856491088867e-01
1.731277942657470703e+00
-7.105449438095092773e-01
-1.613392233848571777e+00
1.266526699066162109e+00
5.020564422011375427e-02
1.469911575317382812e+00
1.301253400743007660e-02
-2.277069568634033203e+00
-1.978166103363037109e+00
-1.788407564163208008e+00
-1.298006415367126465e+00
-1.102736115455627441e+00
-5.337850451469421387e-01
-1.069795608520507812e+00
1.057613134384155273e+00
-4.305095195770263672e+00
-6.814054489135742188e+00
-1.945722222328186035e+00
4.250865578651428223e-01
1.101475238800048828e+00
3.183986425399780273e+00
1.197865366935729980e+00
4.107227325439453125e+00
1.074807286262512207e+00
-7.716001868247985840e-01
-6.249306678771972656e+00
-4.114208221435546875e-01
-1.007711410522460938e+00
8.113538742065429688e+00
4.018618464469909668e-01
-5.046802520751953125e+00
3.643461465835571289e-01
-2.166339874267578125e+00
1.799710750579833984e+00
-1.072808384895324707e+00
2.225564718246459961e+00
-2.876745700836181641e+00
2.899446010589599609e+00
1.023507118225097656e+00
-1.340130686759948730e+00
2.653709650039672852e+00
1.905948758125305176e+00
1.101766705513000488e+00
-4.292024970054626465e-01
-4.678474962711334229e-01
-4.331049442291259766e+00
-8.378630280494689941e-01
-1.049287676811218262e+00
-2.652179718017578125e+00
1.819413304328918457e+00
3.308027744293212891e+00
-4.582974314689636230e-01
-4.514620006084442139e-01
-4.088157117366790771e-01
