-1.215284347534179688e+00
-1.342794895172119141e+00
-1.595398068428039551e+00
9.001231789588928223e-01
1.237486362457275391e+00
-8.311466574668884277e-01
9.024558663368225098e-01
1.208121776580810547e+00
1.382054448127746582e+00
6.180089116096496582e-01
-1.781590819358825684e+00
1.345185637474060059e+00
1.305802106857299805e+00
-1.278119325637817383e+00
-1.489426255226135254e+00
-1.630427241325378418e+00
-1.477680802345275879e+00
-1.315551638603210449e+00
-1.677404165267944336e+00
-1.502518773078918457e+00
-1.703787565231323242e+00
-2.073978900909423828e+00
-6.540000438690185547e+00
1.503082215785980225e-01
-1.601769685745239258e+00
2.205045521259307861e-01
-4.830444455146789551e-01
1.232728123664855957e+00
-4.267213821411132812e+00
-1.820755124092102051e+00
-2.918840408325195312e+00
-6.068846583366394043e-01
-1.789132595062255859e+00
2.393817901611328125e+00
4.928054809570312500e+00
2.824097275733947754e-01
1.241624951362609863e+00
-5.097622394561767578e+00
1.112887356430292130e-02
-1.414527148008346558e-01
-2.421659946441650391e+00
-1.735141038894653320e+00
-2.331649065017700195e+00
7.870064377784729004e-01
1.538063883781433105e+00
-6.916797757148742676e-01
2.783965766429901123e-01
-1.673238754272460938e+00
3.773624897003173828e+00
2.181299209594726562e+00
2.075312376022338867e+00
7.515721321105957031e-01
1.658925056457519531e+00
2.846156120300292969e+00
4.367129802703857422e+00
1.207755208015441895e+00
1.959967136383056641e+00
2.786125898361206055e+00
1.573018431663513184e+00
-4.429028630256652832e-01
3.415406048297882080e-01
