1.216442584991455078e+00
1.094825625419616699e+00
1.340349555015563965e+00
7.000291347503662109e-01
1.066007256507873535e+00
6.801151633262634277e-01
1.794949054718017578e+00
4.098929762840270996e-01
3.843007981777191162e-01
9.620606303215026855e-01
1.738241314888000488e+00
9.336279034614562988e-01
-1.737091988325119019e-01
1.765754818916320801e+00
-1.038697838783264160e+00
1.278796672821044922e+00
-1.627354741096496582e+00
1.667760252952575684e+00
1.856435298919677734e+00
9.366471767425537109e-01
-7.209497690200805664e-01
-1.583251595497131348e+00
1.900682568550109863e+00
1.631995558738708496e+00
-3.940309524536132812e+00
1.576034069061279297e+00
-6.570719242095947266e+00
-2.357719659805297852e+00
-1.342255711555480957e+00
8.139344453811645508e-01
3.644039392471313477e+00
2.432419776916503906e+00
-8.560311794281005859e-01
-3.923729181289672852e+00
1.362276196479797363e+00
4.858124256134033203e+00
2.846714258193969727e-01
3.317119121551513672e+00
4.628335952758789062e+00
-1.273152351379394531e+00
-1.295414447784423828e+00
1.333697199821472168e+00
2.717350006103515625e+00
-1.713871121406555176e+00
5.127462387084960938e+00
-2.027458906173706055e+00
-2.753627538681030273e+00
-3.524445772171020508e+00
-2.076960563659667969e+00
9.628980755805969238e-01
-2.612603664398193359e+00
-1.806938529014587402e+00
1.637756586074829102e+00
-1.548312783241271973e+00
-8.165014386177062988e-01
2.183141231536865234e+00
5.727170109748840332e-01
1.664641141891479492e+00
2.358882427215576172e+00
1.072952985763549805e+00
-2.141533851623535156e+00
