5.495288968086242676e-01
1.341167807579040527e+00
-1.836640238761901855e+00
-1.615522861480712891e+00
8.623288869857788086e-01
1.603975415229797363e+00
6.992392539978027344e-01
-9.912600517272949219e-01
5.885212421417236328e-01
2.147861003875732422e+00
-1.654819607734680176e+00
1.263750314712524414e+00
4.126770496368408203e-01
1.339299798011779785e+00
-1.238332033157348633e+00
1.566791057586669922e+00
2.054175615310668945e+00
2.040812015533447266e+00
-1.596649438142776489e-01
-5.261240601539611816e-01
2.270013570785522461e+00
4.040668010711669922e-01
-3.204671144485473633e+00
-2.680859804153442383e+00
3.333951711654663086e+00
-8.162534236907958984e-02
-1.976809144020080566e+00
-1.486770629882812500e+00
-1.279921412467956543e+00
5.769421458244323730e-01
-2.456371307373046875e+00
3.338313698768615723e-01
-1.888624429702758789e+00
3.949465155601501465e-01
3.989432752132415771e-01
-8.692642450332641602e-01
2.247573882341384888e-01
-3.609896421432495117e+00
1.562693476676940918e+00
3.140241622924804688e+00
3.993956327438354492e+00
9.233106374740600586e-01
-9.400786161422729492e-01
-6.836826205253601074e-01
-2.628552675247192383e+00
-7.050969004631042480e-01
5.488172173500061035e-01
2.058311700820922852e+00
4.017265439033508301e-01
-7.539575695991516113e-01
1.030791044235229492e+00
9.765155315399169922e-01
2.367444515228271484e+00
9.403584599494934082e-01
1.663831621408462524e-01
1.040776610374450684e+00
-8.056996464729309082e-01
-1.874629020690917969e+00
9.619903564453125000e-01
2.980910778045654297e+00
-2.339913129806518555e+00
