-8.923706412315368652e-01
-7.617071270942687988e-01
1.039519786834716797e+00
1.890870094299316406e+00
1.021710753440856934e+00
-1.132502198219299316e+00
-9.158656001091003418e-01
-7.170418500900268555e-01
1.815356016159057617e+00
1.034733653068542480e+00
-1.086124777793884277e+00
3.071913421154022217e-01
2.518227510154247284e-02
-1.531882524490356445e+00
-2.155528068542480469e+00
4.962683320045471191e-01
4.975544214248657227e-01
-4.039893448352813721e-01
-1.545025706291198730e+00
-1.267955064773559570e+00
2.540485858917236328e-01
1.694405555725097656e+00
-2.373249769210815430e+00
-5.654204368591308594e+00
1.967447519302368164e+00
6.298270225524902344e-01
2.281368494033813477e+00
-3.173050403594970703e+00
-6.409238338470458984e+00
1.208709239959716797e+00
3.729601383209228516e+00
1.294046998023986816e+00
-2.555104970932006836e+00
-3.544006586074829102e+00
1.056311249732971191e+00
2.498053073883056641e+00
9.915115833282470703e-01
2.224781990051269531e+00
-6.636274337768554688e+00
2.080956697463989258e+00
-9.400704503059387207e-01
-7.473531961441040039e-01
1.709006190299987793e+00
-3.007569313049316406e+00
-2.100150585174560547e+00
-6.123274564743041992e-01
-1.531062602996826172e+00
3.342641830444335938e+00
-3.330546617507934570e+00
6.591995358467102051e-01
-6.548333644866943359e+00
3.375101834535598755e-02
-1.358846902847290039e+00
-2.512188911437988281e+00
5.324756503105163574e-01
-1.326039791107177734e+00
-9.215878844261169434e-01
4.696478843688964844e+00
-3.063518524169921875e+00
3.080177068710327148e+00
-2.920103549957275391e+00
