-2.330245256423950195e+00
-4.182838201522827148e-01
-2.413892000913619995e-01
-1.777347922325134277e+00
3.366013467311859131e-01
-8.470548987388610840e-01
5.138363838195800781e-01
2.016814470291137695e+00
9.806233644485473633e-01
9.213389158248901367e-01
2.308040857315063477e+00
-2.236883163452148438e+00
1.546047568321228027e+00
-1.032350659370422363e+00
-9.963066577911376953e-01
-1.852098226547241211e+00
-9.540329575538635254e-01
-1.020910620689392090e+00
-2.030739068984985352e+00
-1.912071853876113892e-01
5.394367694854736328e+00
1.801662087440490723e+00
2.532916784286499023e+00
1.980886340141296387e+00
1.613117933273315430e+00
-2.670982837677001953e+00
-2.073137521743774414e+00
3.608077049255371094e+00
2.980966329574584961e+00
3.578944444656372070e+00
-4.959921360015869141e+00
4.766494750976562500e+00
-7.033285617828369141e+00
3.530941247940063477e+00
9.461628198623657227e-01
-6.199445724487304688e-01
-5.681770443916320801e-01
-4.481856822967529297e+00
4.728383064270019531e+00
1.100270867347717285e+00
1.958272099494934082e+00
5.424705028533935547e+00
-6.358323574066162109e+00
-3.308854818344116211e+00
1.695629119873046875e+00
-1.736662626266479492e+00
-2.208751916885375977e+00
1.039399862289428711e+00
-3.502803564071655273e+00
3.587996482849121094e+00
3.706151008605957031e+00
4.822443008422851562e+00
2.542951583862304688e+00
-2.113420724868774414e+00
2.286164283752441406e+00
-1.988416671752929688e+00
2.268573760986328125e+00
3.788347959518432617e+00
-3.268991708755493164e+00
1.830093383789062500e+00
3.189421415328979492e+00
