-2.252671241760253906e+00
-1.034621596336364746e+00
-2.208116769790649414e+00
-2.180951356887817383e+00
5.463441610336303711e-01
-2.119687557220458984e+00
2.086461782455444336e+00
-1.142271399497985840e+00
-5.355433225631713867e-01
1.519332766532897949e+00
-5.832950472831726074e-01
-1.279194831848144531e+00
-1.388191580772399902e+00
-4.477566480636596680e-01
7.800480723381042480e-01
-5.249555110931396484e-01
-5.011573433876037598e-01
1.073405742645263672e+00
-5.182977318763732910e-01
-7.187658548355102539e-01
1.988633394241333008e+00
-8.916651606559753418e-01
-3.971306800842285156e+00
3.342609405517578125e+00
1.014743447303771973e+00
5.503898486495018005e-02
-9.286625981330871582e-01
1.068758726119995117e+00
1.898393988609313965e+00
6.323395967483520508e-01
-1.556134939193725586e+00
-3.854874372482299805e+00
-5.893951058387756348e-01
2.054046154022216797e+00
7.446542382240295410e-01
-1.393169641494750977e+00
-1.093405485153198242e+00
-8.624857664108276367e-01
-9.731214642524719238e-01
7.716020103543996811e-03
1.123658418655395508e+00
7.201718091964721680e-01
1.497475385665893555e+00
1.528500556945800781e+00
8.917511701583862305e-01
-7.924528717994689941e-01
-1.001348614692687988e+00
-2.335963487625122070e+00
-1.926947951316833496e+00
-5.382608771324157715e-01
-2.758160114288330078e+00
3.135213375091552734e+00
7.900618314743041992e-01
2.466114044189453125e+00
-2.078226208686828613e-02
-1.146426200866699219e+00
-6.999462246894836426e-01
9.485361576080322266e-01
-8.003855943679809570e-01
-2.435622364282608032e-01
-1.163709521293640137e+00
