-7.530499100685119629e-01
-2.712405920028686523e+00
1.539937019348144531e+00
-8.278529644012451172e-01
1.509998321533203125e+00
-1.489184260368347168e+00
-1.981780052185058594e+00
8.034253120422363281e-01
1.613706231117248535e+00
4.169518947601318359e-01
-2.560167312622070312e+00
-1.414149880409240723e+00
-6.357885003089904785e-01
4.428988397121429443e-01
1.550753474235534668e+00
-3.692689239978790283e-01
1.269954681396484375e+00
-7.015657424926757812e-01
4.413494840264320374e-02
-1.521376252174377441e+00
-1.135608911514282227e+00
-1.121033668518066406e+00
-3.665589570999145508e+00
-2.233197391033172607e-01
2.446069717407226562e+00
6.508178710937500000e-01
2.429488658905029297e+00
3.395867645740509033e-01
6.112054347991943359e+00
1.719234108924865723e+00
-6.402118504047393799e-02
-4.850640296936035156e+00
-2.341221570968627930e+00
2.041626453399658203e+00
8.363903760910034180e-01
-1.452938079833984375e+00
-3.184402227401733398e+00
-2.227359294891357422e+00
-3.436409533023834229e-01
-1.123516559600830078e+00
1.201677203178405762e+00
9.221783280372619629e-01
3.233890295028686523e+00
-1.795362472534179688e+00
-1.545652508735656738e+00
-8.962062597274780273e-01
1.454267978668212891e+00
1.558631062507629395e+00
-3.968454122543334961e+00
2.017681360244750977e+00
1.314745545387268066e+00
-3.452301502227783203e+00
-2.406498432159423828e+00
9.108379483222961426e-01
-8.380447328090667725e-02
-1.293173789978027344e+00
-3.192156314849853516e+00
3.495246410369873047e+00
7.097347974777221680e-01
-8.570612072944641113e-01
-1.505910634994506836e+00
