8.762819170951843262e-01
3.563231825828552246e-01
-4.851181030273437500e+00
2.799853563308715820e+00
-5.451685428619384766e+00
-1.218203425407409668e+00
2.518504142761230469e+00
-1.887185096740722656e+00
1.583896279335021973e+00
-9.618050456047058105e-01
1.737304568290710449e+00
3.978397324681282043e-02
3.774737715721130371e-01
-1.866758108139038086e+00
5.895372033119201660e-01
-2.645938694477081299e-01
1.204236745834350586e+00
5.242086052894592285e-01
1.663264036178588867e+00
1.932925701141357422e+00
7.507171630859375000e-01
-4.531244277954101562e+00
-1.855346107482910156e+01
-5.914505004882812500e+00
-2.084902381896972656e+01
1.217221641540527344e+01
4.589614391326904297e+00
3.108902931213378906e+00
-5.897377967834472656e+00
2.192701816558837891e+00
1.215209007263183594e+00
2.017322063446044922e+00
1.084086775779724121e+00
4.019552230834960938e+00
-2.331824064254760742e+00
5.415631771087646484e+00
-3.246402144432067871e-01
-1.659431219100952148e+00
7.316421270370483398e-01
2.171053886413574219e+00
-6.304154872894287109e+00
6.103827357292175293e-01
5.418775081634521484e+00
1.498503088951110840e+00
-4.547889709472656250e+00
-1.220987415313720703e+01
6.818585395812988281e-01
-1.643103837966918945e+00
-2.764713287353515625e+00
-6.337739825248718262e-01
1.262697339057922363e+00
8.613441586494445801e-01
2.277637958526611328e+00
5.002044200897216797e+00
1.938778877258300781e+00
6.423022747039794922e+00
-2.433968335390090942e-01
4.169413089752197266e+00
1.169488430023193359e+00
1.156973958015441895e+00
6.581666946411132812e+00
