1.891827106475830078e+00
2.046109586954116821e-01
-2.761609554290771484e-01
-1.511306881904602051e+00
1.431099057197570801e+00
-2.007908582687377930e+00
-2.001805543899536133e+00
-2.149242639541625977e+00
-1.403926968574523926e+00
8.024346232414245605e-01
-1.603348612785339355e+00
7.717199325561523438e-01
1.197590470314025879e+00
1.764278769493103027e+00
1.011886000633239746e+00
1.009112477302551270e+00
4.296530783176422119e-01
-1.729747891426086426e+00
-5.894412398338317871e-01
1.611770510673522949e+00
-6.310638785362243652e-01
-4.748860597610473633e-01
-1.227238535881042480e+00
6.097321510314941406e+00
-2.616376876831054688e-01
3.077000856399536133e+00
-4.564538478851318359e+00
6.817816495895385742e-01
-6.745415329933166504e-01
-2.174213171005249023e+00
2.876240253448486328e+00
-3.571617126464843750e+00
-3.961534738540649414e+00
-5.571198463439941406e+00
4.468963146209716797e+00
-2.481560707092285156e+00
7.969538569450378418e-01
-4.218350887298583984e+00
3.040559291839599609e-01
1.683979749679565430e+00
-2.486400008201599121e-01
-4.853821992874145508e-01
2.321921586990356445e+00
-3.580499410629272461e+00
-3.096966445446014404e-01
1.644552111625671387e+00
-2.275878429412841797e+00
5.308533906936645508e-01
-2.882321834564208984e+00
1.576529622077941895e+00
-3.573421001434326172e+00
-3.090659618377685547e+00
-4.922953605651855469e+00
2.759708166122436523e+00
1.820355653762817383e+00
-2.085274219512939453e+00
-2.427936792373657227e+00
1.253152251243591309e+00
3.531753718852996826e-01
-5.902445316314697266e-01
-2.571137845516204834e-01
