-1.935262918472290039e+00
6.380786299705505371e-01
1.814177989959716797e+00
1.059447765350341797e+00
-9.891517162322998047e-01
-1.287400484085083008e+00
1.180884838104248047e+00
-2.492552995681762695e+00
-1.866497516632080078e+00
7.432245612144470215e-01
-4.807731509208679199e-02
-9.015147089958190918e-01
-1.088950872421264648e+00
1.819845318794250488e+00
-1.182860016822814941e+00
8.192985057830810547e-01
1.556737899780273438e+00
1.436631917953491211e+00
-2.020294427871704102e+00
1.721029043197631836e+00
-4.756996631622314453e-01
-4.189164638519287109e-01
-4.198717594146728516e+00
1.901778936386108398e+00
-1.080995321273803711e+00
5.498552799224853516e+00
4.399274349212646484e+00
1.028886914253234863e+00
4.699829101562500000e+00
9.755201339721679688e-01
1.517752051353454590e+00
3.986134290695190430e+00
-1.823698282241821289e+00
3.029762029647827148e+00
-1.193708539009094238e+00
5.551874637603759766e-01
5.865212440490722656e+00
1.108651995658874512e+00
-2.773773670196533203e-01
-8.453136682510375977e-01
-1.285678982734680176e+00
6.211702227592468262e-01
-2.915425539016723633e+00
-1.441866636276245117e+00
-6.724325418472290039e-01
3.150768756866455078e+00
-2.184319734573364258e+00
-8.677373528480529785e-01
-2.539377450942993164e+00
-1.115134119987487793e+00
-1.279759168624877930e+00
-3.857121944427490234e+00
1.543141841888427734e+00
3.531780481338500977e+00
3.341402113437652588e-01
3.754646480083465576e-01
1.725517272949218750e+00
-3.529553413391113281e-01
9.199542403221130371e-01
-1.081988334655761719e+00
2.377650499343872070e+00
