-1.720933556556701660e+00
1.602187752723693848e+00
-1.668497204780578613e+00
1.921666860580444336e-01
2.009330749511718750e+00
2.478257417678833008e-01
-1.904198408126831055e+00
-1.904805898666381836e+00
-1.411432862281799316e+00
-5.224559903144836426e-01
-5.170853808522224426e-03
1.254132032394409180e+00
6.339659690856933594e-01
-8.335732221603393555e-01
-2.023147493600845337e-01
2.537533283233642578e+00
1.546438097953796387e+00
8.875376582145690918e-01
6.195908188819885254e-01
1.836515307426452637e+00
-5.543001174926757812e+00
-2.770622253417968750e+00
1.299129009246826172e+00
2.882932662963867188e+00
1.535248756408691406e-02
-4.478790283203125000e+00
3.301483690738677979e-01
5.655887126922607422e+00
-4.137077808380126953e+00
1.046526357531547546e-01
-1.041951537132263184e+00
-4.731882572174072266e+00
-1.985208511352539062e+00
2.908368587493896484e+00
-1.951021790504455566e+00
3.901539087295532227e+00
-6.633155941963195801e-01
-6.698457598686218262e-01
3.056134462356567383e+00
5.833049774169921875e+00
2.024039268493652344e+00
-2.691042900085449219e+00
-1.754565119743347168e+00
-1.955040335655212402e+00
1.042198777198791504e+00
2.933079481124877930e+00
2.035035371780395508e+00
1.065572738647460938e+00
1.688454866409301758e+00
3.139631152153015137e-01
-1.407467961311340332e+00
-3.269811153411865234e+00
4.896645069122314453e+00
-2.063270330429077148e+00
-2.061677455902099609e+00
7.886372208595275879e-01
7.336903214454650879e-01
-8.532525300979614258e-01
-1.277466297149658203e+00
3.505074501037597656e+00
3.004460096359252930e+00
