-1.051530957221984863e+00
-9.773133397102355957e-01
-3.045843839645385742e+00
2.876417398452758789e+00
-1.292574882507324219e+00
-9.529924988746643066e-01
7.493835687637329102e-01
-1.174913525581359863e+00
-8.621875643730163574e-01
-4.106773376464843750e+00
-2.261668920516967773e+00
1.074669122695922852e+00
-2.704882144927978516e+00
-2.234740495681762695e+00
1.895859003067016602e+00
-8.564744591712951660e-01
-2.072764635086059570e+00
-1.369725108146667480e+00
2.846737623214721680e+00
1.624819755554199219e+00
3.625706195831298828e+00
-3.052875757217407227e+00
3.248578786849975586e+00
9.596262931823730469e+00
3.420577764511108398e+00
1.469124704599380493e-01
-8.164418339729309082e-01
-2.101223707199096680e+00
-1.026909232139587402e+00
2.848757028579711914e+00
2.521373271942138672e+00
-7.427417635917663574e-01
2.364835023880004883e+00
-7.694283485412597656e+00
-1.479094862937927246e+00
3.448717594146728516e+00
1.835526585578918457e+00
1.950019001960754395e+00
9.565168380737304688e+00
1.268140554428100586e+00
3.906023740768432617e+00
5.012364387512207031e+00
1.643222451210021973e+00
5.534059524536132812e+00
-2.675764322280883789e+00
1.272097826004028320e+00
-2.309321165084838867e+00
-4.241475582122802734e+00
3.248243331909179688e+00
4.742947518825531006e-01
-3.469533443450927734e+00
-1.213514208793640137e+00
-1.674566268920898438e-01
-4.738409042358398438e+00
4.554745197296142578e+00
-3.034693241119384766e+00
1.702350497245788574e+00
1.421657443046569824e+00
-7.501531124114990234e+00
1.459739804267883301e+00
9.047107696533203125e-01
