1.900561928749084473e+00
8.509076237678527832e-01
4.041326344013214111e-01
-7.079859375953674316e-01
1.077638506889343262e+00
7.422152757644653320e-01
4.423648715019226074e-01
6.464080810546875000e-01
1.175152540206909180e+00
-5.575060844421386719e-03
3.742298781871795654e-01
-9.821002483367919922e-01
6.960811614990234375e-01
-1.096050381660461426e+00
1.501793503761291504e+00
-2.320901870727539062e+00
-1.037208318710327148e+00
1.691541314125061035e+00
1.025525569915771484e+00
2.253550104796886444e-02
1.104480266571044922e+00
2.234498739242553711e+00
-2.009124755859375000e+00
-2.381172478199005127e-01
1.919404715299606323e-01
1.538089275360107422e+00
-4.432779848575592041e-01
-9.366835355758666992e-01
4.669031620025634766e+00
-2.550686120986938477e+00
-1.863490939140319824e+00
2.515213727951049805e+00
-1.207354664802551270e+00
4.833425045013427734e+00
5.387656211853027344e+00
-7.766546607017517090e-01
-5.235396027565002441e-01
-4.180726051330566406e+00
-1.932987272739410400e-01
-1.138338088989257812e+00
1.148293733596801758e+00
-1.251087069511413574e+00
-2.473582983016967773e+00
3.226538896560668945e-01
-2.206936627626419067e-01
1.080363988876342773e+00
-1.891270726919174194e-01
1.986189633607864380e-01
-3.571040868759155273e+00
3.852928638458251953e+00
-3.442727088928222656e+00
-4.592997550964355469e+00
3.361942768096923828e-01
-2.977973699569702148e+00
3.074687242507934570e+00
8.546374440193176270e-01
-1.270131319761276245e-01
-3.387489557266235352e+00
-3.546037971973419189e-01
6.908930540084838867e-01
3.627821683883666992e+00
