1.281805396080017090e+00
8.130585551261901855e-01
-1.713807702064514160e+00
1.642143249511718750e+00
-4.642575383186340332e-01
1.968869090080261230e+00
2.942443132400512695e+00
-2.022648096084594727e+00
-2.142474800348281860e-01
4.735225439071655273e-01
2.177016019821166992e+00
2.482150793075561523e+00
8.754503130912780762e-01
1.898159265518188477e+00
6.259252429008483887e-01
2.782879829406738281e+00
-1.864985823631286621e+00
6.981597095727920532e-02
-2.037486076354980469e+00
-4.587315618991851807e-01
5.241620063781738281e+00
-1.933402657508850098e+00
4.579441070556640625e+00
3.327814579010009766e+00
-2.040938854217529297e+00
9.764560461044311523e-01
-1.241154432296752930e+00
5.907157897949218750e+00
3.089625835418701172e+00
-1.586362004280090332e+00
4.343116760253906250e+00
-1.329098343849182129e+00
-5.375212430953979492e-01
3.889859914779663086e+00
-3.343594074249267578e+00
-9.833678007125854492e-01
-3.746424019336700439e-01
2.316327810287475586e+00
-1.604391574859619141e+00
1.409496217966079712e-01
2.844415426254272461e+00
3.524730443954467773e+00
3.064560890197753906e+00
2.599466323852539062e+00
4.617436885833740234e+00
9.487072378396987915e-02
-9.690589308738708496e-01
-8.642709255218505859e-01
-2.244996547698974609e+00
1.840858697891235352e+00
-2.876379251480102539e+00
1.397435307502746582e+00
-1.742106795310974121e+00
1.095598697662353516e+00
-3.456341266632080078e+00
1.113382816314697266e+00
3.560273945331573486e-01
1.093717217445373535e+00
-6.387900710105895996e-01
2.120854139328002930e+00
2.418378442525863647e-01
