-1.046308159828186035e+00
-9.006430506706237793e-01
-9.426059722900390625e-01
1.389207482337951660e+00
-1.870196580886840820e+00
-1.905006527900695801e+00
-1.499471783638000488e+00
9.985479116439819336e-01
1.344844102859497070e+00
1.257458567619323730e+00
-1.339383482933044434e+00
-1.543334364891052246e+00
-1.659522652626037598e+00
-2.180999279022216797e+00
7.238441109657287598e-01
9.478158950805664062e-01
-8.975368738174438477e-01
5.814395546913146973e-01
1.322862267494201660e+00
-9.251592159271240234e-01
2.763390302658081055e+00
-9.225822240114212036e-02
-4.887174129486083984e+00
1.735672652721405029e-01
7.314988613128662109e+00
2.032023221254348755e-01
-1.659741848707199097e-01
4.135640144348144531e+00
1.869181632995605469e+00
-5.225966453552246094e+00
-1.035198092460632324e+00
-3.652209043502807617e+00
3.654665708541870117e+00
-8.781739473342895508e-01
5.210078358650207520e-01
-4.842824459075927734e+00
-1.399869844317436218e-02
8.593982458114624023e-01
3.569620132446289062e+00
1.494950771331787109e+00
-1.280036687850952148e+00
7.510716915130615234e-01
4.601576805114746094e+00
5.151220783591270447e-02
2.710223913192749023e+00
-1.411788582801818848e+00
-1.530499160289764404e-01
3.773022890090942383e+00
9.979646801948547363e-01
4.557055473327636719e+00
8.067474961280822754e-01
-1.895058631896972656e+00
2.341787338256835938e+00
-5.955924391746520996e-01
-6.944829225540161133e-01
-4.160105705261230469e+00
7.338187694549560547e-01
-5.291924476623535156e-01
-2.788041353225708008e+00
-1.517182588577270508e+00
-2.381563335657119751e-01
