-4.901496171951293945e-01
1.537845849990844727e+00
-4.224122762680053711e-01
-7.100599408149719238e-01
-1.398231506347656250e+00
4.750167727470397949e-01
-1.407041072845458984e+00
-2.155081987380981445e+00
-1.989771723747253418e+00
-9.933177232742309570e-01
9.294276833534240723e-01
8.104154467582702637e-01
6.396774649620056152e-01
1.135341644287109375e+00
-7.725082635879516602e-01
1.076870679855346680e+00
6.031882762908935547e-01
1.324539065361022949e+00
-6.579118967056274414e-01
1.686875104904174805e+00
2.962166965007781982e-01
-4.319263458251953125e+00
-6.438962817192077637e-01
3.619603157043457031e+00
4.992942810058593750e+00
5.941234156489372253e-02
1.623937010765075684e+00
-6.730381965637207031e+00
-2.587545514106750488e-01
1.585166096687316895e+00
5.784833803772926331e-02
2.629840373992919922e+00
-3.905560448765754700e-02
-1.092414855957031250e-01
-2.695101022720336914e+00
1.904615283012390137e+00
1.294968008995056152e+00
-5.217584609985351562e+00
1.546364665031433105e+00
-8.315343409776687622e-02
2.863591313362121582e-01
2.959230661392211914e+00
9.686653614044189453e-01
3.620502710342407227e+00
3.305119276046752930e+00
-2.554264962673187256e-01
-1.090002179145812988e+00
1.460768222808837891e+00
9.018605947494506836e-02
1.373022794723510742e+00
2.771958708763122559e-01
4.483558654785156250e+00
-4.023636132478713989e-02
6.051403880119323730e-01
2.063887119293212891e+00
-1.487164616584777832e+00
1.598159670829772949e+00
3.506373167037963867e+00
1.116482496261596680e+00
-1.974167525768280029e-01
-2.057774782180786133e+00
