9.183243513107299805e-01
1.535663366317749023e+00
1.989835739135742188e+00
5.291548091918230057e-03
1.871899724006652832e+00
1.099182367324829102e+00
-1.965513974428176880e-01
2.315559864044189453e+00
-3.299052119255065918e-01
2.070477247238159180e+00
-2.280714273452758789e+00
1.521694302558898926e+00
6.451945900917053223e-01
2.078601121902465820e+00
-1.211613535881042480e+00
9.249966144561767578e-01
-4.178965389728546143e-01
1.832125306129455566e+00
-5.649813413619995117e-01
9.475298523902893066e-01
2.922859430313110352e+00
3.810607194900512695e+00
1.448581814765930176e+00
3.413343667984008789e+00
4.748383998870849609e+00
-4.938130855560302734e+00
-5.562174320220947266e-01
5.010284423828125000e+00
3.713707685470581055e+00
-1.628115415573120117e+00
1.654031991958618164e+00
-4.581865310668945312e+00
2.575400590896606445e+00
-2.952642440795898438e+00
-7.758572101593017578e-01
-1.529720067977905273e+00
1.446172446012496948e-01
4.058211326599121094e+00
-6.549663543701171875e-01
-3.489380836486816406e+00
-4.826596260070800781e+00
8.024873733520507812e+00
1.411802649497985840e+00
4.288694858551025391e+00
-6.741333007812500000e+00
3.526964426040649414e+00
-7.873538136482238770e-02
-3.322889089584350586e+00
-2.841258525848388672e+00
1.474022626876831055e+00
1.324338436126708984e+00
4.242293357849121094e+00
4.238883972167968750e+00
1.407137632369995117e+00
4.479729235172271729e-01
-2.214612722396850586e+00
8.675603866577148438e-01
4.093354701995849609e+00
1.244005203247070312e+00
-6.497674942016601562e+00
-2.211266040802001953e+00
