-1.826070904731750488e+00
1.885878682136535645e+00
-1.011901736259460449e+00
-8.648549914360046387e-01
1.018473863601684570e+00
-1.341219544410705566e+00
-1.645810365676879883e+00
-9.366765618324279785e-02
-8.486184477806091309e-01
9.607604146003723145e-01
5.642248392105102539e-01
8.501712083816528320e-01
2.601789474487304688e+00
1.476913928985595703e+00
-1.865735054016113281e+00
1.068295955657958984e+00
3.376611173152923584e-01
1.578593850135803223e+00
1.060698390007019043e+00
1.722033381462097168e+00
-4.620558917522430420e-01
3.915939331054687500e+00
-3.997257947921752930e+00
-1.487940192222595215e+00
-1.775039553642272949e+00
2.073538303375244141e+00
2.435261011123657227e+00
2.538811862468719482e-01
5.663509368896484375e-01
2.346352815628051758e+00
-3.320904076099395752e-01
-3.467587471008300781e+00
5.024412155151367188e+00
-6.382995605468750000e+00
-3.566708087921142578e+00
-1.167655706405639648e+00
1.563344359397888184e+00
5.180162191390991211e-02
-2.901781082153320312e+00
-4.776517391204833984e+00
4.235071241855621338e-01
-3.311558961868286133e+00
2.463752269744873047e+00
-2.409415245056152344e+00
2.739258766174316406e+00
7.852678298950195312e-01
3.222329139709472656e+00
-1.465054154396057129e+00
-8.145977854728698730e-01
2.959964990615844727e+00
4.211302697658538818e-01
5.589651584625244141e+00
1.883170604705810547e+00
-3.974836111068725586e+00
2.982624769210815430e+00
9.195769429206848145e-01
2.783424377441406250e+00
-1.323057174682617188e+00
1.796294569969177246e+00
-2.977144241333007812e+00
2.258764952421188354e-01
