-7.621927857398986816e-01
-1.023500323295593262e+00
1.738682270050048828e+00
-6.591956019401550293e-01
-6.971833109855651855e-01
-1.137181758880615234e+00
-9.522779583930969238e-01
1.738467365503311157e-01
1.043382525444030762e+00
-1.852799892425537109e+00
2.008469104766845703e+00
-6.269031763076782227e-01
-1.877817273139953613e+00
3.945158720016479492e-01
2.671594381332397461e+00
-1.156576871871948242e+00
1.018799662590026855e+00
-9.216332435607910156e-01
-1.130778551101684570e+00
-1.753308057785034180e+00
-1.177203729748725891e-01
4.665993690490722656e+00
-4.817975044250488281e+00
-3.793051004409790039e+00
-2.981220245361328125e+00
-1.322378396987915039e+00
3.555363655090332031e+00
2.929017879068851471e-02
4.426992833614349365e-01
-4.711932659149169922e+00
2.421087980270385742e+00
2.926705121994018555e+00
7.866299152374267578e+00
-2.478892326354980469e+00
-6.837230920791625977e-02
-3.230363368988037109e+00
8.778107166290283203e-01
1.615249037742614746e+00
-4.837312221527099609e+00
2.799259662628173828e+00
-6.339517235755920410e-01
-1.698459506034851074e+00
2.513602495193481445e+00
3.566934585571289062e+00
3.439082622528076172e+00
-1.754738211631774902e+00
3.832310199737548828e+00
-7.156801819801330566e-01
-3.662171959877014160e-01
2.105957746505737305e+00
-1.849482774734497070e+00
3.454607248306274414e+00
-2.924866914749145508e+00
-1.137976288795471191e+00
-9.113386273384094238e-01
-2.847018957138061523e+00
1.244619369506835938e+00
1.410435795783996582e+00
-2.793503522872924805e+00
-1.279903531074523926e+00
1.372050762176513672e+00
