5.649005174636840820e-01
2.299875736236572266e+00
1.550012588500976562e+00
6.010662391781806946e-02
1.832984685897827148e-01
2.771227359771728516e-01
-1.900344133377075195e+00
5.956447124481201172e-01
2.600377082824707031e+00
1.292795985937118530e-01
1.196323633193969727e+00
-2.002025842666625977e+00
-4.459071159362792969e-01
1.732711941003799438e-01
-3.083173930644989014e-01
2.660397529602050781e+00
5.390678066760301590e-03
-1.686007022857666016e+00
9.627971649169921875e-01
-3.831961452960968018e-01
-5.719317197799682617e-01
-4.332965910434722900e-01
-6.321136951446533203e+00
-6.146908998489379883e-01
1.882959485054016113e+00
1.874456405639648438e-01
4.851268291473388672e+00
-2.019948720932006836e+00
-4.069520473480224609e+00
-1.697594761848449707e+00
3.895886182785034180e+00
4.820281982421875000e+00
2.478018045425415039e+00
1.855815649032592773e+00
-1.551599264144897461e+00
-8.907586932182312012e-01
2.253540277481079102e+00
-4.936937808990478516e+00
3.504709482192993164e+00
-3.645734190940856934e-01
4.577028751373291016e-01
-1.035124778747558594e+00
3.673837900161743164e+00
1.092595100402832031e+00
-3.758727312088012695e+00
8.087312579154968262e-01
-3.672714710235595703e+00
-4.304774761199951172e+00
1.113017797470092773e+00
-4.147718846797943115e-01
5.672597885131835938e+00
3.310019254684448242e+00
2.576256752014160156e+00
-3.462852001190185547e+00
2.552616834640502930e+00
9.937093853950500488e-01
2.032334089279174805e+00
2.087775468826293945e+00
-3.585090160369873047e+00
-5.428827404975891113e-01
5.388097763061523438e+00
