2.901019752025604248e-01
2.304762125015258789e+00
1.094178915023803711e+00
1.825002193450927734e+00
-1.031611442565917969e+00
1.786537051200866699e+00
1.268375515937805176e-01
1.200723648071289062e+00
2.437148332595825195e+00
3.548069000244140625e-01
-3.970310091972351074e-01
3.502130508422851562e-01
1.367562890052795410e+00
2.226902246475219727e-01
1.040559291839599609e+00
-4.374916851520538330e-01
2.486558854579925537e-01
-1.508546948432922363e+00
2.212210446596145630e-01
-1.230948090553283691e+00
-1.841493487358093262e+00
-1.224608421325683594e+00
-4.478875637054443359e+00
2.589615583419799805e+00
-3.558151483535766602e+00
-2.857935190200805664e+00
-2.280720472335815430e+00
-2.317781448364257812e+00
8.204216957092285156e-01
1.473404884338378906e+00
-1.757177710533142090e+00
1.227418661117553711e+00
-1.325109958648681641e+00
3.803087174892425537e-01
-3.015532255172729492e+00
2.551893949508666992e+00
-1.684187054634094238e+00
6.326725482940673828e+00
6.416367888450622559e-01
-6.792207241058349609e+00
-1.768903017044067383e+00
1.028658270835876465e+00
-4.329129695892333984e+00
-1.154172301292419434e+00
3.018798112869262695e+00
1.825239658355712891e+00
4.753696918487548828e+00
-2.192206621170043945e+00
-5.671452283859252930e-01
1.861273765563964844e+00
-1.947830319404602051e+00
1.549147844314575195e+00
-1.278433918952941895e+00
1.685471415519714355e+00
1.456487536430358887e+00
2.846883296966552734e+00
-1.929919600486755371e+00
-5.478085041046142578e+00
9.932914376258850098e-01
4.532728672027587891e+00
2.994511127471923828e+00
