1.774026274681091309e+00
5.541328191757202148e-01
-1.503597259521484375e+00
-1.479074597358703613e+00
9.658924341201782227e-01
-2.015184313058853149e-01
-5.577992200851440430e-01
-7.801162600517272949e-01
-1.170307546854019165e-01
1.317803144454956055e+00
-4.349771142005920410e-01
1.325129747390747070e+00
-1.058448553085327148e+00
2.758074998855590820e-01
1.400743126869201660e+00
4.789218008518218994e-01
-1.501078009605407715e+00
-4.126328974962234497e-03
1.986553072929382324e-01
-1.018708825111389160e+00
-4.963577747344970703e+00
-2.914231777191162109e+00
6.055219650268554688e+00
-1.143859624862670898e+00
1.933449864387512207e+00
1.275317966938018799e-01
-3.255302906036376953e+00
-1.340528011322021484e+00
1.158598423004150391e+00
-3.892048358917236328e+00
1.816569328308105469e+00
3.013233661651611328e+00
2.688867807388305664e+00
-9.120221138000488281e-01
-3.705821514129638672e+00
-6.116492748260498047e-01
-3.789744615554809570e+00
-6.847610473632812500e-01
-2.785705089569091797e+00
-3.752476215362548828e+00
3.057132482528686523e+00
-3.200449705123901367e+00
-2.731708049774169922e+00
-9.173056483268737793e-01
2.026680469512939453e+00
8.700686693191528320e-01
3.473505973815917969e+00
2.167476177215576172e+00
6.767233014106750488e-01
-2.350447654724121094e+00
1.561492085456848145e+00
2.969870328903198242e+00
2.695583105087280273e+00
-1.739398390054702759e-01
1.629516124725341797e+00
2.473184764385223389e-01
3.980437278747558594e+00
-8.656926155090332031e-01
1.155272364616394043e+00
-2.259275197982788086e+00
2.356047928333282471e-01
