-1.908819556236267090e+00
-8.568600416183471680e-01
-9.434406757354736328e-01
-7.712225914001464844e-01
3.251037895679473877e-01
7.059816718101501465e-01
-1.278596520423889160e+00
4.029053747653961182e-01
-1.617670655250549316e+00
4.772198498249053955e-01
-5.858046412467956543e-01
-1.156983613967895508e+00
1.158980488777160645e+00
5.546489357948303223e-01
-7.643776535987854004e-01
-5.779183506965637207e-01
7.962403297424316406e-01
-7.357968688011169434e-01
-1.312408804893493652e+00
-7.766259908676147461e-01
-1.627113938331604004e+00
-1.747485637664794922e+00
-3.063223361968994141e+00
-2.373147726058959961e+00
-4.339580237865447998e-02
5.597282648086547852e-01
3.892269134521484375e+00
-1.209127232432365417e-01
-6.278441905975341797e+00
3.406574726104736328e-01
6.423617601394653320e-01
3.275147914886474609e+00
4.532777786254882812e+00
2.654044628143310547e+00
1.766230344772338867e+00
1.233044624328613281e+00
2.099906444549560547e+00
-1.215136051177978516e+00
-3.052236795425415039e+00
-1.184481382369995117e+00
-1.112505674362182617e+00
1.078866839408874512e+00
2.170387029647827148e+00
1.307660937309265137e+00
-1.976285129785537720e-02
1.177066683769226074e+00
4.238796710968017578e+00
-1.086308956146240234e+00
-3.657251834869384766e+00
5.948894843459129333e-02
2.781504690647125244e-01
-2.877357959747314453e+00
-2.963946104049682617e+00
3.863037824630737305e+00
-2.044542551040649414e+00
8.367736935615539551e-01
-1.583694338798522949e+00
6.903629899024963379e-01
-3.234129667282104492e+00
5.065368413925170898e-01
-2.201548099517822266e+00
