-1.501982569694519043e+00
2.037722349166870117e+00
2.390515953302383423e-01
9.049359560012817383e-01
9.281511306762695312e-01
1.128575563430786133e+00
1.902529239654541016e+00
1.536251008510589600e-01
-5.184832215309143066e-01
1.298522353172302246e+00
-1.355678319931030273e+00
-1.392532110214233398e+00
-2.154574155807495117e+00
1.189424157142639160e+00
-1.812864184379577637e+00
-1.393420815467834473e+00
2.678763866424560547e+00
1.508494019508361816e+00
1.453389644622802734e+00
1.891368746757507324e+00
1.915440320968627930e+00
1.569459319114685059e+00
2.250745534896850586e+00
2.919478893280029297e+00
-3.874971151351928711e+00
-4.421443462371826172e+00
-5.776794999837875366e-02
-1.182135343551635742e+00
1.963576860725879669e-02
-4.755086898803710938e-01
-2.480048835277557373e-01
9.461625218391418457e-01
5.393605232238769531e+00
4.598594009876251221e-01
-6.003546714782714844e+00
2.730267763137817383e+00
6.916918754577636719e-01
3.258464038372039795e-01
5.381205081939697266e-01
6.224663734436035156e+00
-1.748993277549743652e+00
-1.294988870620727539e+00
-7.267620563507080078e-01
2.210708379745483398e+00
3.102911472320556641e+00
-3.012495040893554688e+00
5.099468231201171875e-01
1.590294599533081055e+00
-2.369629889726638794e-01
-4.435008466243743896e-01
-2.111134380102157593e-01
1.105678319931030273e+00
-1.935729742050170898e+00
6.027461290359497070e-01
-2.187819242477416992e+00
2.625460863113403320e+00
-3.786694109439849854e-01
-4.288393855094909668e-01
6.324750185012817383e-01
-4.077529907226562500e+00
2.092430830001831055e+00
