2.930862903594970703e+00
-2.036660671234130859e+00
1.421105742454528809e+00
1.495248675346374512e+00
-2.621578931808471680e+00
1.120161533355712891e+00
-8.858761191368103027e-01
-1.628750801086425781e+00
-1.333338975906372070e+00
-2.413605213165283203e+00
1.978825449943542480e+00
1.938429832458496094e+00
2.680140256881713867e+00
-7.619938254356384277e-01
-2.885678596794605255e-02
-1.726223587989807129e+00
-6.698095053434371948e-02
1.934415578842163086e+00
-1.655776977539062500e+00
-1.523630976676940918e+00
-6.322594285011291504e-01
-1.568562388420104980e-01
5.883767604827880859e+00
5.387834072113037109e+00
1.640122532844543457e+00
1.476709127426147461e+00
6.258789300918579102e-01
4.451653957366943359e+00
-4.178142547607421875e+00
4.062279686331748962e-02
1.297945141792297363e+00
1.244826555252075195e+00
1.347338855266571045e-01
-2.895437002182006836e+00
2.495858967304229736e-01
2.151228427886962891e+00
-4.095897674560546875e+00
7.026247024536132812e+00
-7.058845162391662598e-01
-5.654800415039062500e+00
1.617431938648223877e-01
-1.043848514556884766e+00
4.291326999664306641e+00
-2.743629217147827148e+00
-5.142911076545715332e-01
-2.384652942419052124e-01
4.184243679046630859e+00
-5.638999342918395996e-01
-3.964956521987915039e+00
-2.603533864021301270e-01
2.027347326278686523e+00
-1.501953959465026855e+00
-2.484456747770309448e-01
2.481152772903442383e+00
7.426679611206054688e+00
-1.800122857093811035e+00
2.672214508056640625e+00
2.740790367126464844e+00
-1.110663786530494690e-01
5.116783142089843750e+00
4.338629245758056641e-01
