2.096677422523498535e-01
1.463122129440307617e+00
-1.339699625968933105e+00
-1.376258611679077148e+00
1.288192868232727051e+00
-8.504037857055664062e-01
6.068690419197082520e-01
-5.100713968276977539e-01
1.989515423774719238e-01
1.501904129981994629e+00
-1.897855877876281738e+00
1.691691637039184570e+00
-1.035596847534179688e+00
6.338396072387695312e-01
-1.256877541542053223e+00
9.810181260108947754e-01
1.508941888809204102e+00
1.505124211311340332e+00
-1.631720304489135742e+00
-3.947573304176330566e-01
-6.885433793067932129e-01
-5.885635852813720703e+00
-3.932170867919921875e+00
4.960167884826660156e+00
9.601466655731201172e-01
2.287133216857910156e+00
-2.439056634902954102e+00
2.715714871883392334e-01
1.451477885246276855e+00
-3.804037332534790039e+00
-1.591712474822998047e+00
8.961297869682312012e-01
-3.815737664699554443e-01
-3.153198584914207458e-02
-1.560229420661926270e+00
4.533348381519317627e-01
-1.080168247222900391e+00
4.736665725708007812e+00
-2.640194177627563477e+00
1.919970393180847168e+00
8.718831539154052734e-01
-4.682117938995361328e+00
-5.043478965759277344e+00
-2.537111520767211914e+00
-2.966622114181518555e+00
7.420914173126220703e-01
2.980572700500488281e+00
-2.652745544910430908e-01
2.628468751907348633e+00
-1.380048513412475586e+00
-9.104738831520080566e-01
-3.393990397453308105e-01
-9.463626146316528320e-01
4.410183429718017578e-01
-7.057127356529235840e-01
1.422966122627258301e+00
-1.519670605659484863e+00
-4.534567356109619141e+00
1.424413323402404785e+00
-2.815804958343505859e+00
-2.818430066108703613e-01
