-9.213780164718627930e-01
1.432056427001953125e+00
-1.197102665901184082e+00
1.648442625999450684e+00
-1.528723597526550293e+00
1.303485155105590820e+00
-7.073866128921508789e-01
1.946178436279296875e+00
-1.444079160690307617e+00
-3.526450097560882568e-01
6.074395775794982910e-01
-5.563662052154541016e-01
1.116527080535888672e+00
-1.444534063339233398e+00
9.072948098182678223e-01
1.659389212727546692e-02
-1.406044840812683105e+00
-1.423426747322082520e+00
-1.789862036705017090e+00
-5.310956239700317383e-01
-6.937932968139648438e-01
6.013087749481201172e+00
-2.649383783340454102e+00
-3.419185161590576172e+00
8.436356544494628906e+00
-1.945491671562194824e+00
3.792705059051513672e+00
-2.631181478500366211e+00
-6.208672523498535156e-01
1.359321083873510361e-02
1.291908025741577148e+00
-7.905393838882446289e-01
-1.880126595497131348e+00
4.294387698173522949e-01
1.368935108184814453e+00
2.791517674922943115e-01
-3.817163228988647461e+00
-3.059043645858764648e+00
-2.404894590377807617e+00
-2.628583192825317383e+00
-5.198605656623840332e-01
2.600384712219238281e+00
-2.127629041671752930e+00
-2.419036149978637695e+00
6.172233581542968750e+00
2.291103839874267578e+00
-4.482555866241455078e+00
-1.792608618736267090e+00
-1.740002036094665527e-01
-6.052248179912567139e-02
-1.840648651123046875e+00
3.515642166137695312e+00
2.296042680740356445e+00
6.097187399864196777e-01
5.136296153068542480e-01
-8.148682713508605957e-01
-2.370601892471313477e+00
2.527122497558593750e+00
-2.114699125289916992e+00
5.327076435089111328e+00
5.645891427993774414e-01
