-6.705442070960998535e-01
-1.676515936851501465e+00
9.307555592386052012e-05
5.579237341880798340e-01
-6.054767966270446777e-01
-1.943218708038330078e+00
1.071402430534362793e+00
1.345108985900878906e+00
-1.258061647415161133e+00
1.795863270759582520e+00
-9.990579485893249512e-01
6.843489408493041992e-01
-1.146913647651672363e+00
5.845614075660705566e-01
1.049596071243286133e+00
1.206055879592895508e+00
2.061949729919433594e+00
1.888383388519287109e+00
-3.004081249237060547e-01
-3.396663367748260498e-01
-1.840910196304321289e+00
-5.685269832611083984e+00
9.229563474655151367e-01
6.823236346244812012e-01
-1.094230771064758301e+00
6.781763434410095215e-01
7.531541585922241211e-01
-5.643309116363525391e+00
4.720089912414550781e+00
-5.810864567756652832e-01
2.548505306243896484e+00
2.536750555038452148e+00
-7.714126110076904297e-01
-2.500691175460815430e+00
4.192577898502349854e-01
-6.009673476219177246e-01
-3.241830691695213318e-02
8.542419075965881348e-01
6.049168705940246582e-01
-1.655630350112915039e+00
1.047057271003723145e+00
-2.041948795318603516e+00
-6.510663032531738281e-01
2.059336185455322266e+00
3.226299285888671875e-01
-8.375055789947509766e-01
1.009782195091247559e+00
3.362052440643310547e+00
2.989053487777709961e+00
1.491208076477050781e+00
-2.398039817810058594e+00
-3.598768472671508789e+00
-7.026302218437194824e-01
-2.935560941696166992e+00
3.140391111373901367e-01
-2.374950647354125977e+00
-8.327068686485290527e-01
-1.712601780891418457e+00
4.622619748115539551e-01
-1.593759536743164062e+00
-2.696224749088287354e-01
