-1.284835934638977051e+00
-2.369013071060180664e+00
1.587023973464965820e+00
-1.152572989463806152e+00
-7.440199255943298340e-01
-1.189150214195251465e+00
-1.209317564964294434e+00
7.597762942314147949e-01
-1.508705615997314453e+00
-4.175306260585784912e-01
1.491666555404663086e+00
-5.609441995620727539e-01
-8.755670785903930664e-01
-9.440358877182006836e-01
-6.372482180595397949e-01
-1.183731198310852051e+00
7.494661808013916016e-01
-1.098868966102600098e+00
-8.781644701957702637e-01
8.677284717559814453e-01
-3.596379280090332031e+00
2.124748945236206055e+00
6.282753944396972656e+00
4.701923370361328125e+00
-9.097792506217956543e-01
-8.255885243415832520e-01
-1.265691041946411133e+00
-4.047234535217285156e+00
5.688002109527587891e+00
1.449034512042999268e-01
4.601761341094970703e+00
-1.570982813835144043e+00
-1.811646580696105957e+00
1.571941852569580078e+00
-2.535496473312377930e+00
-3.971604108810424805e+00
5.045137405395507812e-01
2.120468854904174805e+00
2.284152269363403320e+00
2.931193590164184570e+00
2.219080924987792969e+00
-9.365996718406677246e-01
3.718631744384765625e+00
-3.384878396987915039e+00
-1.189653873443603516e+00
3.416352033615112305e+00
-6.085917949676513672e-01
-2.352105140686035156e+00
3.135104894638061523e+00
-7.113309502601623535e-01
5.097371578216552734e+00
2.034165620803833008e+00
-4.210721015930175781e+00
-6.119204759597778320e-01
1.249485850334167480e+00
4.858432769775390625e+00
-1.495624929666519165e-01
2.745271205902099609e+00
-2.155765533447265625e+00
-2.041300058364868164e+00
-1.264464020729064941e+00
