6.543212532997131348e-01
-1.625038623809814453e+00
3.423317149281501770e-02
-3.232339024543762207e-02
8.570298552513122559e-01
8.607360720634460449e-01
-1.619418859481811523e+00
2.064092874526977539e+00
1.973971247673034668e+00
-1.152556166052818298e-01
4.140991270542144775e-01
8.838525041937828064e-03
-9.623068571090698242e-01
1.160969853401184082e+00
-2.168522119522094727e+00
2.413046509027481079e-01
-1.329903483390808105e+00
1.228913664817810059e+00
-1.003468155860900879e+00
-2.039034128189086914e+00
4.190808534622192383e-01
-5.293834209442138672e+00
-1.867930591106414795e-01
-6.510412693023681641e-01
2.650809288024902344e-01
-1.104482412338256836e+00
-1.893578767776489258e+00
-3.457723259925842285e-01
8.337856292724609375e+00
-3.427338004112243652e-01
-1.065057635307312012e+00
8.675130009651184082e-01
2.808828592300415039e+00
-3.114716522395610809e-02
8.957168459892272949e-01
-1.343655824661254883e+00
3.369593381881713867e+00
5.247478008270263672e+00
2.152879953384399414e+00
1.488258361816406250e+00
2.648067474365234375e+00
1.738004684448242188e+00
-1.984737992286682129e+00
-2.096183538436889648e+00
1.095451235771179199e+00
-8.167282491922378540e-02
1.610405564308166504e+00
-7.064730674028396606e-02
-2.364010095596313477e+00
-1.015721082687377930e+00
-2.215100526809692383e-01
-7.437818050384521484e-01
1.709129929542541504e+00
-1.219272971153259277e+00
1.032970428466796875e+00
2.775315284729003906e+00
-1.597916364669799805e+00
4.088576793670654297e+00
2.063847780227661133e+00
-1.469472408294677734e+00
-7.951151728630065918e-01
