1.168733716011047363e+00
1.672122120857238770e+00
2.582257509231567383e+00
7.409142851829528809e-01
4.224905967712402344e-01
-1.375010013580322266e+00
1.025402426719665527e+00
-6.210404038429260254e-01
-1.901874303817749023e+00
-2.355333715677261353e-01
-9.505122900009155273e-01
5.480514764785766602e-01
1.066675901412963867e+00
-1.758807450532913208e-01
-1.743225932121276855e+00
1.004473790526390076e-01
-5.488707870244979858e-02
3.847908377647399902e-01
-4.512641578912734985e-02
1.580254077911376953e+00
-6.802092194557189941e-01
-8.102195262908935547e-01
9.431623458862304688e+00
2.804652750492095947e-01
-4.449927508831024170e-01
5.362874507904052734e+00
1.587160348892211914e+00
-3.920404672622680664e+00
4.314268112182617188e+00
-4.686366021633148193e-01
2.733145713806152344e+00
-2.297460079193115234e+00
-4.364284038543701172e+00
2.646381855010986328e-01
-6.220937728881835938e+00
2.238308340311050415e-01
-1.077621579170227051e+00
7.736200094223022461e-01
-1.210518479347229004e+00
2.912217617034912109e+00
2.561071157455444336e+00
-2.348864078521728516e+00
1.672133088111877441e+00
-2.017880916595458984e+00
9.601444005966186523e-01
-3.488102197647094727e+00
2.256915807723999023e+00
2.995786666870117188e+00
1.427178621292114258e+00
7.810469865798950195e-01
-9.884701967239379883e-01
3.739157319068908691e-02
-4.213002681732177734e+00
-2.089307308197021484e-01
1.845851659774780273e+00
4.245045661926269531e+00
-9.709405303001403809e-01
1.910265237092971802e-01
-1.313508510589599609e+00
-1.738812446594238281e+00
2.060164064168930054e-01
