-2.261852025985717773e+00
1.932415962219238281e-01
-6.229432225227355957e-01
-1.428105533123016357e-01
-2.110354185104370117e+00
-5.000816583633422852e-01
-8.371222615242004395e-01
-2.147256612777709961e+00
-4.794117212295532227e-01
-8.051068782806396484e-01
1.437698841094970703e+00
9.894422888755798340e-01
1.876234054565429688e+00
-1.384777128696441650e-01
-1.523471474647521973e+00
1.872459292411804199e+00
1.307179093360900879e+00
1.011404275894165039e+00
-4.323313832283020020e-01
5.830157399177551270e-01
-2.832287549972534180e+00
5.024170875549316406e-01
3.202673673629760742e+00
6.222175434231758118e-02
-7.360243797302246094e+00
-8.948782831430435181e-02
3.146368265151977539e+00
-3.302458286285400391e+00
6.612931489944458008e-01
-2.718150854110717773e+00
2.332020044326782227e+00
1.325918674468994141e+00
-2.593919515609741211e+00
2.300778180360794067e-01
5.370413780212402344e+00
-5.386822700500488281e+00
-9.130746722221374512e-01
4.308604001998901367e-01
-8.393636345863342285e-02
-9.005008339881896973e-01
-6.886059641838073730e-01
2.055559307336807251e-01
-2.163363456726074219e+00
-1.709288358688354492e-01
-1.949885368347167969e+00
6.962559223175048828e-01
3.897967815399169922e+00
2.431426048278808594e+00
1.569653987884521484e+00
3.443436622619628906e+00
3.558370113372802734e+00
-1.263661861419677734e+00
9.491798877716064453e-01
-4.071562767028808594e+00
-1.933082699775695801e+00
1.462650537490844727e+00
-1.206187248229980469e+00
9.127439260482788086e-01
3.909455835819244385e-01
-9.227408170700073242e-01
1.812940478324890137e+00
