-1.947978019714355469e+00
2.194256544113159180e+00
-1.200453400611877441e+00
1.367502570152282715e+00
1.935658812522888184e+00
-1.821831464767456055e+00
-1.762215495109558105e+00
9.153639078140258789e-01
-1.328109502792358398e+00
-1.245101392269134521e-01
-2.384355783462524414e+00
-1.954395055770874023e+00
-1.230108380317687988e+00
-1.097271561622619629e+00
1.050673723220825195e+00
-1.281023621559143066e+00
-4.719935953617095947e-01
1.047176003456115723e+00
1.459659934043884277e+00
4.121647477149963379e-01
-7.390491962432861328e+00
7.583032250404357910e-01
-4.711268424987792969e+00
-1.533064246177673340e+00
-7.789462089538574219e+00
1.320342659950256348e+00
7.155714511871337891e+00
1.829360127449035645e-01
1.523619771003723145e+00
-1.508182525634765625e+00
-2.276800632476806641e+00
-1.888884544372558594e+00
3.279250383377075195e+00
1.253352761268615723e-01
5.704190135002136230e-01
3.460031032562255859e+00
-6.093764901161193848e-01
-3.615674972534179688e+00
-2.701051950454711914e+00
3.048720359802246094e-01
-1.876789808273315430e+00
-6.931973695755004883e-01
2.029453992843627930e+00
-2.184557437896728516e+00
-4.365198135375976562e+00
-1.231149792671203613e+00
-3.085380077362060547e+00
-8.569567203521728516e-01
8.214245438575744629e-01
1.111310243606567383e+00
1.719936728477478027e+00
-2.156619787216186523e+00
2.331820964813232422e+00
-2.118079960346221924e-01
4.796189256012439728e-03
9.347092509269714355e-01
-5.438551306724548340e-01
2.703875303268432617e+00
3.537560939788818359e+00
7.821447849273681641e-01
8.710971474647521973e-01
