1.828305006027221680e+00
1.830134153366088867e+00
-1.190522432327270508e+00
-1.980128169059753418e+00
2.051414489746093750e+00
-1.987395435571670532e-02
-1.626684904098510742e+00
-1.580225825309753418e+00
-9.702520370483398438e-01
1.626661777496337891e+00
1.380339264869689941e+00
6.086592674255371094e-01
-8.255041241645812988e-01
1.537287354469299316e+00
7.038790583610534668e-01
5.511767864227294922e-01
-1.447149395942687988e+00
2.536865472793579102e+00
6.074438095092773438e-01
6.173141002655029297e-01
6.863228797912597656e+00
-2.905635356903076172e+00
-1.898880004882812500e+00
2.805326700210571289e+00
6.680251955986022949e-01
2.644629001617431641e+00
-2.194772481918334961e+00
6.484343409538269043e-01
4.253527164459228516e+00
-2.023526906967163086e+00
5.364381790161132812e+00
-1.675327420234680176e+00
9.311230182647705078e-01
2.127174854278564453e+00
-4.213771522045135498e-01
-1.835999131202697754e+00
3.799716472625732422e+00
7.228521823883056641e+00
-2.528733015060424805e+00
-2.100187540054321289e+00
3.662963390350341797e+00
-2.047169446945190430e+00
-2.586814403533935547e+00
-2.649206399917602539e+00
1.337016820907592773e+00
-2.391361713409423828e+00
2.591471910476684570e+00
9.578138589859008789e-02
-3.439364194869995117e+00
-1.460194110870361328e+00
-3.609684228897094727e+00
-2.338312625885009766e+00
2.347720712423324585e-01
2.756273746490478516e-01
4.680326208472251892e-02
-2.448773622512817383e+00
-2.588619232177734375e+00
-1.190575718879699707e+00
-3.022296905517578125e+00
2.074586868286132812e+00
2.843477249145507812e+00
