1.180987596511840820e+00
-1.452348947525024414e+00
-1.154820084571838379e+00
5.795261859893798828e-01
-2.027480125427246094e+00
1.251971244812011719e+00
8.213185518980026245e-02
-8.589016199111938477e-01
-9.740670323371887207e-01
9.146474003791809082e-01
-9.243180155754089355e-01
1.376365065574645996e+00
-1.321359276771545410e-01
1.118515014648437500e+00
-1.214583516120910645e+00
1.687502384185791016e+00
3.597445189952850342e-01
-1.638911247253417969e+00
1.825143098831176758e+00
1.225867271423339844e+00
2.978536367416381836e+00
5.163547039031982422e+00
3.914580583572387695e+00
5.686748027801513672e-01
-6.024525642395019531e+00
7.626933574676513672e+00
1.714110851287841797e+00
-2.025808811187744141e+00
1.997980713844299316e+00
2.027410745620727539e+00
-7.475170493125915527e-01
-1.664029240608215332e+00
-1.247032880783081055e+00
-8.470249176025390625e-01
2.832248210906982422e+00
-4.301368236541748047e+00
2.363873004913330078e+00
-8.203874230384826660e-01
7.247506976127624512e-01
-1.700189709663391113e+00
-2.734380006790161133e+00
2.762866020202636719e+00
-4.097218036651611328e+00
-1.565784931182861328e+00
-1.345874905586242676e+00
5.226955413818359375e+00
-8.245881795883178711e-01
-3.074722528457641602e+00
-2.887552499771118164e+00
4.420150518417358398e-01
-1.085689902305603027e+00
2.569921731948852539e+00
1.593379497528076172e+00
-1.529695749282836914e+00
5.909729957580566406e+00
2.430921316146850586e+00
-6.822923660278320312e+00
2.277965545654296875e+00
2.149156808853149414e+00
-1.472321152687072754e+00
2.678555250167846680e+00
