-1.344943642616271973e+00
-8.777870535850524902e-01
1.808613181114196777e+00
-1.315014004707336426e+00
-2.427183985710144043e-01
2.048895835876464844e+00
-8.784024715423583984e-01
-1.344968318939208984e+00
9.610571861267089844e-01
-8.306354880332946777e-01
6.058524847030639648e-01
-9.164897203445434570e-01
2.169462680816650391e+00
-1.454519271850585938e+00
-1.192484349012374878e-01
-1.951583385467529297e+00
1.210922479629516602e+00
1.207447409629821777e+00
-1.404436588287353516e+00
-2.193235792219638824e-02
-2.293359518051147461e+00
-6.453969329595565796e-02
2.311988919973373413e-01
-5.352382183074951172e+00
1.276335358619689941e+00
-3.537506163120269775e-01
3.565371513366699219e+00
5.667609691619873047e+00
3.494573116302490234e+00
1.627045273780822754e+00
-2.132759392261505127e-01
-1.284361183643341064e-01
3.318760871887207031e+00
2.883607864379882812e+00
2.595188617706298828e+00
2.972388267517089844e+00
7.615550160408020020e-01
-2.027292966842651367e+00
8.548202514648437500e-01
1.887585401535034180e+00
-1.586913108825683594e+00
-4.181630909442901611e-01
-6.667104363441467285e-01
-3.820002555847167969e+00
1.538782119750976562e+00
-9.850610494613647461e-01
-3.142478466033935547e+00
2.880631923675537109e+00
-3.810241460800170898e+00
2.060040473937988281e+00
-8.921543359756469727e-01
-7.313492298126220703e-01
-1.734854578971862793e+00
-1.800642967224121094e+00
-1.922985553741455078e+00
1.531118154525756836e+00
1.386195659637451172e+00
1.464630842208862305e+00
-1.128746986389160156e+00
2.632405281066894531e+00
-2.231827974319458008e+00
