-1.288549453020095825e-01
-9.016010761260986328e-01
5.877286195755004883e-01
-2.540934681892395020e-01
8.017137646675109863e-01
-1.005714654922485352e+00
1.057139992713928223e+00
2.046691179275512695e+00
-7.075473666191101074e-01
1.629338026046752930e+00
-2.223855972290039062e+00
1.662160158157348633e+00
2.018144369125366211e+00
-1.101457715034484863e+00
1.179802536964416504e+00
-1.018105268478393555e+00
9.189288616180419922e-01
-7.087544202804565430e-01
3.213186860084533691e-01
1.668666481971740723e+00
-9.851639866828918457e-01
-1.280271768569946289e+00
2.722443580627441406e+00
1.973336786031723022e-01
-3.536953210830688477e+00
2.059945762157440186e-01
-6.010562777519226074e-01
2.165163040161132812e+00
-2.707215070724487305e+00
1.626345634460449219e+00
1.068259596824645996e+00
-3.632493495941162109e+00
-1.171149849891662598e+00
5.454626083374023438e+00
7.374845743179321289e-01
-4.699758291244506836e-01
-1.347814202308654785e-01
-3.169503509998321533e-01
1.306888937950134277e+00
-3.203693389892578125e+00
-1.625488758087158203e+00
7.276404500007629395e-01
-1.725284218788146973e+00
3.413837552070617676e-01
4.870378971099853516e+00
-2.879412174224853516e-01
-1.688561677932739258e+00
1.746596336364746094e+00
-2.106589078903198242e+00
-1.167919039726257324e+00
-1.750325560569763184e+00
-2.637688875198364258e+00
-1.591488361358642578e+00
4.429006099700927734e+00
1.271205842494964600e-01
-6.777236461639404297e-01
2.414037585258483887e-01
1.302379965782165527e-01
-1.566553711891174316e+00
2.089911937713623047e+00
-5.574747323989868164e-01
