3.810838162899017334e-01
8.160431385040283203e-01
1.788718223571777344e+00
6.639526486396789551e-01
1.206484079360961914e+00
2.667597234249114990e-01
6.114562153816223145e-01
-3.335939049720764160e-01
1.201974987983703613e+00
-1.733101844787597656e+00
2.309089422225952148e+00
8.507536053657531738e-01
1.371535062789916992e+00
1.269065260887145996e+00
1.429713726043701172e+00
7.288727909326553345e-02
-9.512882232666015625e-01
1.548317193984985352e+00
-2.770157754421234131e-01
1.172994375228881836e+00
-2.340240716934204102e+00
-3.551866054534912109e+00
2.645675182342529297e+00
-2.290862321853637695e+00
-2.694254875183105469e+00
-2.413450777530670166e-01
-1.618873476982116699e+00
1.319654226303100586e+00
-3.518150568008422852e+00
-6.452325820922851562e+00
-5.914143919944763184e-01
-7.423973083496093750e-02
-2.348052978515625000e+00
-7.584680914878845215e-01
5.573083400726318359e+00
-1.764613628387451172e+00
-1.239142417907714844e+00
-3.643714427947998047e+00
1.924902319908142090e+00
-4.994532108306884766e+00
-2.680947542190551758e+00
3.918429851531982422e+00
1.023476362228393555e+00
2.853337526321411133e+00
-2.553816080093383789e+00
-1.332669734954833984e+00
2.498396158218383789e+00
-1.638742685317993164e+00
-2.954747200012207031e+00
3.320921421051025391e+00
-8.121894598007202148e-01
3.640691936016082764e-01
-3.140533685684204102e+00
1.641741156578063965e+00
3.619304895401000977e+00
-2.514679431915283203e+00
1.077163696289062500e+00
4.511362075805664062e+00
-2.005878448486328125e+00
-5.399920940399169922e+00
-2.207507848739624023e+00
