-1.976165890693664551e+00
-2.862160503864288330e-01
1.310943961143493652e+00
9.260117411613464355e-01
1.466785550117492676e+00
1.525428652763366699e+00
1.784407854080200195e+00
-2.048049569129943848e-01
-1.246698141098022461e+00
1.219606399536132812e+00
1.878562211990356445e+00
-2.617182135581970215e-01
1.648211359977722168e+00
8.660572171211242676e-01
9.125215560197830200e-02
-4.701978266239166260e-01
5.767101049423217773e-01
-1.673500657081604004e+00
6.138193607330322266e-01
1.060419797897338867e+00
-2.126158475875854492e+00
-1.566385984420776367e+00
3.373772621154785156e+00
2.351791620254516602e+00
7.557582259178161621e-01
-6.109975814819335938e+00
8.221369981765747070e-01
9.835001230239868164e-01
3.818863868713378906e+00
-2.169206380844116211e+00
-2.804048299789428711e+00
-2.226062417030334473e-01
5.171662330627441406e+00
-1.958469152450561523e+00
2.763849794864654541e-01
1.688126087188720703e+00
-2.074495077133178711e+00
-2.711466252803802490e-01
-2.292109489440917969e+00
3.667753219604492188e+00
-1.545998573303222656e+00
-1.716997385025024414e+00
1.446922302246093750e+00
-3.642721891403198242e+00
2.841469347476959229e-01
-2.736903905868530273e+00
-1.657491683959960938e+00
-2.308459758758544922e+00
2.592040777206420898e+00
3.616305828094482422e+00
-3.411753177642822266e+00
1.260705471038818359e+00
3.004709959030151367e+00
-4.189459979534149170e-01
5.896458029747009277e-01
-1.365593314170837402e+00
2.265954017639160156e+00
-6.189152002334594727e-01
2.775632143020629883e+00
-2.725111961364746094e+00
2.094865560531616211e+00
