-1.769268512725830078e+00
3.769080042839050293e-01
7.820793390274047852e-01
2.766322493553161621e-01
1.132362246513366699e+00
8.265389800071716309e-01
-2.738545536994934082e-01
2.436259508132934570e+00
-6.241886019706726074e-01
2.358523368835449219e+00
1.614191651344299316e+00
1.629999995231628418e+00
8.243614574894309044e-04
-1.512779831886291504e+00
4.700814783573150635e-01
-2.276653528213500977e+00
-2.885457873344421387e-01
-4.134873449802398682e-01
-1.704895615577697754e+00
2.620727062225341797e+00
1.929616212844848633e+00
-2.957092523574829102e+00
-1.523014903068542480e-01
9.134530067443847656e+00
-3.511501550674438477e+00
-5.611581206321716309e-01
1.190285921096801758e+00
2.082078695297241211e+00
3.962091922760009766e+00
-6.906447887420654297e+00
2.307004690170288086e+00
6.628210067749023438e+00
-2.172869920730590820e+00
-9.401130080223083496e-01
-1.883354425430297852e+00
6.345526695251464844e+00
-6.671426773071289062e+00
-1.148890018463134766e+00
-2.064660072326660156e+00
-6.882333278656005859e+00
2.818363904953002930e+00
9.691407203674316406e+00
1.151788160204887390e-01
4.460005760192871094e+00
1.901885628700256348e+00
5.577801227569580078e+00
1.606288075447082520e+00
1.276707768440246582e+00
-2.183575153350830078e+00
-2.908930301666259766e+00
2.460744380950927734e+00
1.191831707954406738e+00
1.262014508247375488e+00
2.154272556304931641e+00
-2.902882575988769531e+00
-3.991925716400146484e+00
-3.731375694274902344e+00
3.243195533752441406e+00
1.817475914955139160e+00
-2.309999704360961914e+00
2.162376403808593750e+00
