1.673336386680603027e+00
4.739415943622589111e-01
-2.648961171507835388e-02
-5.149639770388603210e-02
-1.217125296592712402e+00
-1.911609530448913574e+00
8.634360432624816895e-01
6.344826817512512207e-01
-7.116292715072631836e-01
-1.558840394020080566e+00
-1.929888963699340820e+00
5.058952569961547852e-01
1.047461271286010742e+00
-1.324913382530212402e+00
-4.087586104869842529e-01
-1.567778706550598145e+00
-1.670428633689880371e+00
6.700112819671630859e-01
-1.710025072097778320e+00
-6.125834584236145020e-02
-1.807542681694030762e+00
2.678400516510009766e+00
-2.145196676254272461e+00
2.927509784698486328e+00
4.340972900390625000e+00
6.934095859527587891e+00
1.617074131965637207e+00
2.441814661026000977e+00
3.029742479324340820e+00
-4.945926666259765625e+00
1.649019122123718262e+00
1.994083076715469360e-01
1.608135342597961426e+00
-7.563079595565795898e-01
-1.060730934143066406e+00
-2.165380716323852539e+00
-5.526116371154785156e+00
4.460665285587310791e-01
1.903229713439941406e+00
3.824802339076995850e-01
1.109091520309448242e+00
1.928589344024658203e+00
1.471703410148620605e+00
-2.192675352096557617e+00
4.979104995727539062e+00
-3.436006784439086914e+00
1.163530349731445312e+00
-3.288691043853759766e+00
-2.678313255310058594e+00
-4.227025508880615234e+00
2.558645963668823242e+00
-5.223771929740905762e-01
1.064763188362121582e+00
-1.839037775993347168e+00
-5.651342272758483887e-01
1.687512397766113281e+00
3.218525886535644531e+00
-1.684481143951416016e+00
-1.198975563049316406e+00
8.873654901981353760e-02
4.155811786651611328e+00
