-1.221194386482238770e+00
-1.939400196075439453e+00
2.433780193328857422e+00
1.278172373771667480e+00
-2.511870384216308594e+00
2.594470977783203125e+00
4.743584245443344116e-02
-1.669122815132141113e+00
7.638803720474243164e-01
1.275038719177246094e+00
1.029701948165893555e+00
-1.679783105850219727e+00
-1.679136991500854492e+00
-1.429954051971435547e+00
9.938862919807434082e-02
1.521435976028442383e+00
-1.270146489143371582e+00
-1.438769340515136719e+00
2.131865501403808594e+00
-1.702539443969726562e+00
-3.771883010864257812e+00
2.758387088775634766e+00
6.241791844367980957e-01
6.606505513191223145e-01
1.472669839859008789e+00
-4.190143644809722900e-01
-1.087062209844589233e-01
2.748686075210571289e+00
-3.982478857040405273e+00
-6.689815968275070190e-02
-2.636307239532470703e+00
9.484035968780517578e-01
-5.074859619140625000e+00
2.967782258987426758e+00
3.062065243721008301e-01
1.171468019485473633e+00
-5.498168990015983582e-02
2.182242155075073242e+00
-1.433771848678588867e-01
-9.034314155578613281e-01
2.397547245025634766e+00
-2.082562208175659180e+00
8.178579621016979218e-03
5.096384882926940918e-01
-1.782968491315841675e-01
2.252198457717895508e-01
6.432331562042236328e+00
-2.072235345840454102e+00
-2.674912929534912109e+00
3.566216826438903809e-01
2.446507215499877930e+00
8.787901401519775391e-01
-1.843380689620971680e+00
2.268627405166625977e+00
5.505623221397399902e-01
5.211664438247680664e-01
2.147339582443237305e+00
3.798570632934570312e+00
7.087218165397644043e-01
-4.156770929694175720e-02
-1.244780778884887695e+00
