-2.341065883636474609e+00
1.231929779052734375e+00
2.239695340394973755e-01
-6.016806364059448242e-01
-1.673204302787780762e+00
-1.141950130462646484e+00
-1.109189510345458984e+00
5.478148460388183594e-01
-3.857150077819824219e-01
9.069316983222961426e-01
2.047005414962768555e+00
9.068900942802429199e-01
6.391173005104064941e-01
-5.393804982304573059e-02
-1.369691729545593262e+00
-1.514504194259643555e+00
-9.842197299003601074e-01
1.042729973793029785e+00
-3.314111009240150452e-02
4.164252579212188721e-01
-1.472805261611938477e+00
-5.621203899383544922e+00
6.610728502273559570e-01
-4.728973507881164551e-01
5.560790538787841797e+00
1.938696026802062988e+00
-4.610578536987304688e+00
-1.823590397834777832e+00
-1.747360229492187500e+00
2.260148286819458008e+00
-1.802589178085327148e+00
3.096404314041137695e+00
3.210854530334472656e+00
1.983458518981933594e+00
3.120485544204711914e+00
-5.421728610992431641e+00
-7.022582292556762695e-01
-4.287074565887451172e+00
-3.544351458549499512e-01
-1.781482338905334473e+00
-1.548517346382141113e+00
4.378940105438232422e+00
4.340580999851226807e-01
3.338069617748260498e-01
-2.334266662597656250e+00
7.172518372535705566e-01
3.032080888748168945e+00
-3.897732019424438477e+00
-1.485914945602416992e+00
3.717950820922851562e+00
1.607327103614807129e+00
-7.217325687408447266e+00
3.223421335220336914e+00
-1.916564464569091797e+00
-1.972438693046569824e+00
-4.582318782806396484e+00
3.793384790420532227e+00
-3.215482950210571289e+00
7.237579226493835449e-01
-1.867651343345642090e+00
3.357725441455841064e-01
