1.595288872718811035e+00
1.289137244224548340e+00
1.206552028656005859e+00
2.207471370697021484e+00
-2.361674070358276367e+00
-3.416738808155059814e-01
1.816338539123535156e+00
1.290112495422363281e+00
6.762530803680419922e-01
1.208664894104003906e+00
1.693837523460388184e+00
6.735051870346069336e-01
1.060383200645446777e+00
-1.682780742645263672e+00
1.714853882789611816e+00
6.311798095703125000e-01
9.445179700851440430e-01
-1.788802504539489746e+00
1.275298714637756348e+00
-1.406635284423828125e+00
-4.042463779449462891e+00
4.334346294403076172e+00
-7.791374921798706055e-01
6.645013689994812012e-01
3.001679420471191406e+00
-1.314905285835266113e+00
2.079377651214599609e+00
2.033531188964843750e+00
-2.897036552429199219e+00
4.921329498291015625e+00
-7.581082731485366821e-02
9.100617170333862305e-01
-2.944983482360839844e+00
-3.628875255584716797e+00
5.186228275299072266e+00
-1.832815110683441162e-01
1.214567065238952637e+00
3.915762662887573242e+00
3.665730476379394531e+00
-6.343064785003662109e+00
-2.735272407531738281e+00
-3.484207868576049805e+00
1.139437675476074219e+00
1.198742866516113281e+00
1.087345123291015625e+00
-4.815692901611328125e-01
-1.504443287849426270e+00
1.779749989509582520e+00
-1.024937272071838379e+00
4.647668361663818359e+00
-8.700078129768371582e-01
-1.952333003282546997e-01
2.741379499435424805e+00
2.441012620925903320e+00
5.012784957885742188e+00
-3.282551169395446777e-01
8.279771804809570312e-01
-1.335482120513916016e+00
-2.303754091262817383e+00
3.562027454376220703e+00
-1.972616314888000488e-01
