-4.247014820575714111e-01
-1.556542754173278809e+00
-8.983371257781982422e-01
-1.813062310218811035e+00
-7.479371428489685059e-01
-1.769156575202941895e+00
-1.869172573089599609e+00
7.359806299209594727e-01
1.149807810783386230e+00
-2.312623262405395508e+00
-1.770671248435974121e+00
6.703317165374755859e-01
-1.634650945663452148e+00
4.114203751087188721e-01
8.031380176544189453e-01
4.867392778396606445e-02
1.079680323600769043e+00
-4.605969488620758057e-01
1.178971648216247559e+00
6.639809012413024902e-01
1.482706665992736816e+00
6.277003765106201172e+00
3.437113523483276367e+00
-1.466293811798095703e+00
-1.047241449356079102e+00
-3.966520786285400391e+00
1.227862477302551270e+00
-2.241850614547729492e+00
-1.295440793037414551e+00
5.313482880592346191e-01
-1.373641937971115112e-01
7.556074261665344238e-01
-5.501227378845214844e+00
-2.131041049957275391e+00
-2.417411327362060547e+00
-6.635767817497253418e-01
3.351511955261230469e+00
2.303143978118896484e+00
1.732023358345031738e+00
-3.558140248060226440e-02
4.486651420593261719e-01
2.058027744293212891e+00
-4.292007923126220703e+00
1.276298165321350098e+00
-8.786208629608154297e-01
2.482990264892578125e+00
1.082555890083312988e+00
-1.408376216888427734e+00
1.910450458526611328e+00
-6.067450642585754395e-01
3.191006481647491455e-01
3.334800302982330322e-01
2.350276947021484375e+00
-2.629049539566040039e+00
-1.505542635917663574e+00
-4.947751164436340332e-01
3.019833564758300781e+00
-4.201526641845703125e+00
1.348109245300292969e+00
-1.326086819171905518e-01
1.203884959220886230e+00
