1.131413817405700684e+00
-6.948729753494262695e-01
1.409327030181884766e+00
-3.383041918277740479e-01
1.722951650619506836e+00
1.163425683975219727e+00
-5.386878252029418945e-01
1.817993879318237305e+00
-1.198294639587402344e+00
-6.843985915184020996e-01
7.716147601604461670e-02
-3.686969876289367676e-01
-9.070166349411010742e-01
-7.323846220970153809e-01
-1.699586808681488037e-01
-1.329179406166076660e+00
1.255075216293334961e+00
1.248385190963745117e+00
1.062175989151000977e+00
-3.487007319927215576e-02
-2.779950380325317383e+00
3.204465866088867188e+00
-5.012790679931640625e+00
-1.164209485054016113e+00
2.002581596374511719e+00
2.092329263687133789e+00
-8.242485523223876953e-01
3.023458480834960938e+00
-3.127125740051269531e+00
-8.342607021331787109e-01
8.283796906471252441e-02
1.196903705596923828e+00
2.203329563140869141e+00
-1.309073925018310547e+00
9.502038359642028809e-01
2.678102016448974609e+00
1.114484667778015137e+00
2.292773962020874023e+00
1.063558533787727356e-01
6.175358891487121582e-01
-1.237852215766906738e+00
3.249778270721435547e+00
3.218943119049072266e+00
-2.180238008499145508e+00
-1.494760662317276001e-01
1.044319748878479004e+00
1.169232726097106934e-01
-3.287606716156005859e+00
4.081813335418701172e+00
1.862697005271911621e+00
1.020752340555191040e-01
9.974402785301208496e-01
1.125729799270629883e+00
-5.774487018585205078e+00
1.148608207702636719e+00
-2.226749897003173828e+00
-2.574327886104583740e-01
2.662258148193359375e+00
-9.544742107391357422e-01
7.153639197349548340e-02
-3.176707983016967773e+00
