-9.579045772552490234e-01
-4.485165476799011230e-01
8.313558697700500488e-01
-1.076086521148681641e+00
-2.068248271942138672e+00
-3.450762033462524414e-01
1.933419227600097656e+00
1.315000295639038086e+00
1.495975494384765625e+00
-1.759785056114196777e+00
-2.155233919620513916e-01
1.055952429771423340e+00
-5.651028156280517578e-01
-9.712224006652832031e-01
-1.125984549522399902e+00
-8.255310058593750000e-01
1.440123558044433594e+00
1.387602329254150391e+00
7.503640651702880859e-01
-6.142752766609191895e-01
2.784335374832153320e+00
-1.619329117238521576e-02
-2.196901082992553711e+00
-1.569913983345031738e+00
-1.134981632232666016e+00
-1.523931145668029785e+00
7.317451953887939453e+00
-1.074129819869995117e+00
5.923218250274658203e+00
4.411974430084228516e+00
2.240003347396850586e+00
-1.756619215011596680e+00
7.583562731742858887e-01
6.507675051689147949e-01
2.349632024765014648e+00
-1.886860370635986328e+00
-4.441692829132080078e+00
2.454505920410156250e+00
-3.915633261203765869e-01
7.321469783782958984e-01
-4.126972675323486328e+00
-5.121833831071853638e-02
2.954241991043090820e+00
-2.121251583099365234e+00
5.512563586235046387e-01
1.990923404693603516e+00
-3.426464319229125977e+00
-1.164985299110412598e+00
3.979804754257202148e+00
3.194627285003662109e+00
3.974249124526977539e+00
-1.735009670257568359e+00
4.751169681549072266e-02
6.572066247463226318e-02
-2.394695997238159180e+00
-1.393609166145324707e+00
-3.649170398712158203e+00
-2.227412700653076172e+00
8.331940770149230957e-01
-9.471239522099494934e-03
-2.998413324356079102e+00
