-5.847406983375549316e-01
1.192025303840637207e+00
2.515187740325927734e+00
-9.046622514724731445e-01
6.935288906097412109e-01
1.396291494369506836e+00
-1.883941173553466797e+00
-1.553456902503967285e+00
9.277918934822082520e-01
-1.848451733589172363e+00
7.506749033927917480e-01
-8.086420893669128418e-01
2.472008317708969116e-01
8.398567438125610352e-01
-6.830263137817382812e-01
-6.647834777832031250e-01
1.236750632524490356e-01
-2.191318750381469727e+00
2.318632602691650391e+00
5.296848416328430176e-01
-4.107946753501892090e-01
-8.157093822956085205e-02
-3.467060029506683350e-01
1.396718323230743408e-01
-1.434012770652770996e+00
-2.443519681692123413e-01
-5.141237735748291016e+00
3.790746688842773438e+00
4.926934719085693359e+00
4.543054580688476562e+00
1.875675439834594727e+00
1.069011926651000977e+00
8.072052001953125000e-01
3.684654712677001953e+00
1.248931765556335449e+00
-7.316423114389181137e-03
8.265959024429321289e-01
-5.747289180755615234e+00
1.127689361572265625e+00
1.006255626678466797e+00
7.985147833824157715e-01
-5.991647839546203613e-01
5.895301103591918945e-01
2.771247923374176025e-01
1.007604718208312988e+00
-4.488120079040527344e-01
-2.772499561309814453e+00
4.432863712310791016e+00
3.830116271972656250e+00
-2.404803991317749023e+00
-1.461025238037109375e+00
-9.433170557022094727e-01
-9.922050237655639648e-01
-2.705055952072143555e+00
-1.305725097656250000e+00
-3.436761796474456787e-01
-1.628639459609985352e+00
2.209432601928710938e+00
-8.711891174316406250e-01
3.627709150314331055e+00
-3.114318549633026123e-01
