1.350051641464233398e+00
-7.514251470565795898e-01
-1.495162487030029297e+00
-2.156531810760498047e+00
-1.378666639328002930e+00
-2.118360757827758789e+00
-1.077543616294860840e+00
1.598301768302917480e+00
9.435819983482360840e-01
-6.793687343597412109e-01
-1.290871977806091309e+00
-1.273998737335205078e+00
-7.407815456390380859e-01
-1.891883015632629395e+00
1.129290819168090820e+00
1.094811558723449707e+00
-9.276327490806579590e-01
-1.735888838768005371e+00
-6.840638518333435059e-01
1.463624596595764160e+00
-4.653237164020538330e-01
4.767161369323730469e+00
-5.743808269500732422e+00
9.260620117187500000e+00
-8.578349947929382324e-01
9.021741867065429688e+00
-3.897217988967895508e+00
-6.883743405342102051e-02
4.983202934265136719e+00
-2.955819845199584961e+00
4.772192835807800293e-01
2.471656322479248047e+00
-2.335706233978271484e+00
-1.095062568783760071e-01
-7.701563239097595215e-01
-4.420130729675292969e+00
-6.830235123634338379e-01
4.652438163757324219e-01
2.143948793411254883e+00
4.639173507690429688e+00
6.311724781990051270e-01
4.293179035186767578e+00
-1.492597311735153198e-01
-3.891242504119873047e+00
2.814141511917114258e+00
1.746099948883056641e+00
8.120474219322204590e-01
2.888858616352081299e-01
-4.455691814422607422e+00
-2.444732904434204102e+00
9.875626564025878906e-01
-7.623040676116943359e-01
-3.924619436264038086e+00
7.390232086181640625e-01
-1.790301322937011719e+00
-3.247926712036132812e+00
-1.705102324485778809e+00
-2.530623197555541992e+00
-1.387722015380859375e+00
-2.572727918624877930e+00
-2.078541994094848633e+00
