-8.755309581756591797e-01
-1.432298421859741211e+00
2.759851813316345215e-01
-7.362617254257202148e-01
1.545261263847351074e+00
-8.821879029273986816e-01
1.255327224731445312e+00
-5.011762380599975586e-01
-6.731595993041992188e-01
-1.823047399520874023e+00
1.066874742507934570e+00
8.355493545532226562e-01
-1.995413541793823242e+00
-9.811962246894836426e-01
1.263827323913574219e+00
9.477895498275756836e-01
6.154218912124633789e-01
-1.603639006614685059e+00
-1.124320149421691895e+00
-1.079045176506042480e+00
3.717542648315429688e+00
-4.708813667297363281e+00
1.275243520736694336e+00
-1.867763638496398926e+00
-7.360236167907714844e+00
-5.137197971343994141e-01
-1.779913783073425293e+00
7.074611783027648926e-01
2.324467897415161133e+00
4.632553160190582275e-01
5.471893548965454102e-01
-9.676554203033447266e-01
-8.539414405822753906e-01
-3.403321981430053711e+00
-1.239507317543029785e+00
-5.074110507965087891e+00
2.671798169612884521e-01
-5.948805809020996094e-01
-3.324477195739746094e+00
1.892724990844726562e+00
-1.823660016059875488e+00
2.160856008529663086e+00
-1.921537280082702637e+00
1.969598174095153809e+00
2.712050914764404297e+00
6.245734691619873047e-01
3.120642423629760742e+00
6.734127998352050781e-01
2.354856967926025391e+00
9.882830381393432617e-01
-1.489604711532592773e+00
2.849290132522583008e+00
-1.066246747970581055e+00
-2.600497484207153320e+00
-1.706185817718505859e+00
-4.790490150451660156e+00
1.966031789779663086e+00
-1.571928262710571289e-01
-1.717845439910888672e+00
2.310903549194335938e+00
-7.135157585144042969e-01
