3.046351075172424316e-01
-1.414146780967712402e+00
1.820171833038330078e+00
-8.610064387321472168e-01
1.173457026481628418e+00
1.659802079200744629e+00
-1.901875019073486328e+00
-6.186023354530334473e-01
-1.282682538032531738e+00
7.118871062994003296e-02
-1.521415233612060547e+00
1.769451022148132324e+00
-4.252131879329681396e-01
1.231526255607604980e+00
3.940320312976837158e-01
1.411220431327819824e+00
-1.491426348686218262e+00
-8.719792366027832031e-01
1.666744589805603027e+00
9.692800045013427734e-01
-1.009527325630187988e+00
-4.824899196624755859e+00
5.506514549255371094e+00
-1.936140060424804688e+00
7.282342910766601562e-01
6.918570995330810547e-01
2.746235609054565430e+00
-1.176121234893798828e+00
4.710058212280273438e+00
2.696345090866088867e+00
6.079215526580810547e+00
6.005799770355224609e+00
-1.086162805557250977e+00
8.379227519035339355e-01
2.292288780212402344e+00
4.779523849487304688e+00
-4.745150566101074219e+00
2.438725709915161133e+00
2.521189928054809570e+00
5.881490111351013184e-01
1.302588582038879395e+00
-3.352970123291015625e+00
-4.445137500762939453e+00
-9.627042710781097412e-02
1.961247473955154419e-01
-3.813420981168746948e-02
-6.092832088470458984e-01
3.170179605484008789e+00
-4.552569866180419922e+00
2.154321432113647461e+00
3.498170852661132812e+00
-5.928911685943603516e+00
2.044274061918258667e-01
3.245976567268371582e-01
-1.961833953857421875e+00
3.369406461715698242e+00
-5.253777503967285156e+00
2.556457996368408203e+00
1.647102117538452148e+00
6.720497459173202515e-02
-4.565955698490142822e-01
