1.065358042716979980e+00
3.217437267303466797e-01
1.231556773185729980e+00
-1.303497314453125000e+00
9.484807848930358887e-01
-4.244803190231323242e-01
7.905904054641723633e-01
3.079861640930175781e+00
-1.042078614234924316e+00
3.504167556762695312e+00
-3.704011201858520508e+00
-7.655422091484069824e-01
-1.749314308166503906e+00
-1.359164476394653320e+00
2.812007665634155273e+00
-4.812975227832794189e-01
-1.345166683197021484e+00
-2.136360406875610352e+00
3.955958783626556396e-01
2.590730428695678711e+00
-3.647817850112915039e+00
1.013772964477539062e+00
-1.402986645698547363e+00
1.951640546321868896e-01
3.556690454483032227e+00
-8.670000433921813965e-01
-2.708842039108276367e+00
-9.319766998291015625e+00
3.922989130020141602e+00
-1.042632102966308594e+00
9.145145416259765625e-01
1.117274284362792969e+00
4.716738700866699219e+00
5.612088680267333984e+00
-8.504176139831542969e+00
8.552707433700561523e-01
-2.032816171646118164e+00
1.642770290374755859e+00
-3.362856864929199219e+00
2.716978311538696289e+00
2.906148910522460938e+00
5.096773624420166016e+00
-3.448478579521179199e-01
5.893642455339431763e-02
-2.922914981842041016e+00
-1.812465548515319824e+00
-5.445436954498291016e+00
5.540668487548828125e+00
2.967063665390014648e+00
-1.120764136314392090e+00
-1.108293890953063965e+00
-2.341801166534423828e+00
-3.628299474716186523e+00
-4.116338253021240234e+00
-6.930465698242187500e+00
4.425815105438232422e+00
2.404718637466430664e+00
3.365482985973358154e-01
6.638268470764160156e+00
7.559733390808105469e-01
5.293790340423583984e+00
