1.064956068992614746e+00
2.401075601577758789e+00
-1.534134626388549805e+00
-1.518149733543395996e+00
5.540744662284851074e-01
1.875025033950805664e+00
2.190759658813476562e+00
-5.683612823486328125e-01
-4.573254585266113281e-01
-5.700669065117835999e-02
1.221944212913513184e+00
1.212109327316284180e+00
1.515055298805236816e+00
1.133159756660461426e+00
1.823402285575866699e+00
-1.963853478431701660e+00
2.114091157913208008e+00
-7.641111016273498535e-01
1.375834107398986816e+00
1.528883337974548340e+00
2.687527894973754883e+00
-4.452015876770019531e+00
-7.809339165687561035e-01
3.790476083755493164e+00
6.325721144676208496e-01
-1.393169462680816650e-01
-2.417383193969726562e+00
1.929332971572875977e+00
-3.838885724544525146e-01
1.218673706054687500e+00
4.291899204254150391e+00
-3.650163412094116211e+00
-6.417903304100036621e-01
4.563991546630859375e+00
-4.813198149204254150e-01
-2.972725927829742432e-01
-1.875800848007202148e+00
1.213985562324523926e+00
-4.997914791107177734e+00
-1.337957262992858887e+00
2.160959005355834961e+00
-6.137323975563049316e-01
-1.607198357582092285e+00
-3.495387077331542969e+00
-1.800811409950256348e+00
-1.576801203191280365e-02
-2.447230517864227295e-01
2.070361852645874023e+00
1.997821092605590820e+00
1.752815842628479004e+00
-2.079240798950195312e+00
-3.546122312545776367e+00
2.120557069778442383e+00
2.033341646194458008e+00
1.317483335733413696e-01
9.565981030464172363e-01
-6.816149950027465820e-01
1.527711868286132812e+00
2.503788948059082031e+00
1.453161835670471191e+00
-2.560078620910644531e+00
