-3.543385267257690430e+00
-1.202332496643066406e+00
9.842256307601928711e-01
-3.231026172637939453e+00
-6.614111065864562988e-01
-1.679619431495666504e+00
2.247264862060546875e+00
6.659559607505798340e-01
1.412727236747741699e+00
-1.144363164901733398e+00
-1.535896658897399902e+00
-2.557106733322143555e+00
8.816168308258056641e-01
-2.991941690444946289e+00
-1.031010031700134277e+00
-1.506163477897644043e-01
2.345821142196655273e+00
-2.174397706985473633e+00
-5.642805099487304688e-01
-9.610590934753417969e-01
7.005084753036499023e-01
-5.066824913024902344e+00
-1.665920138359069824e+00
-1.091883778572082520e+00
2.521253347396850586e+00
6.524089813232421875e+00
-5.605176091194152832e-01
-2.397504568099975586e+00
5.392943382263183594e+00
-5.277978897094726562e+00
1.432240962982177734e+00
-3.659989833831787109e+00
-3.589349985122680664e+00
3.811234608292579651e-02
2.553752183914184570e+00
-4.608126163482666016e+00
2.271188423037528992e-02
-3.210068702697753906e+00
2.605267763137817383e+00
3.469477891921997070e+00
-1.032110601663589478e-01
-6.317076683044433594e+00
3.281253337860107422e+00
-3.069612085819244385e-01
-9.813489317893981934e-01
3.331284523010253906e+00
-1.842607557773590088e-01
-1.271089553833007812e+00
-2.999403476715087891e+00
3.127706766128540039e+00
1.484791159629821777e+00
1.552604436874389648e+00
4.313857555389404297e+00
-6.963816285133361816e-01
3.499168157577514648e+00
-5.547253608703613281e+00
-5.917038917541503906e-01
-1.482243776321411133e+00
2.314685106277465820e+00
-2.504691600799560547e+00
-6.105672836303710938e+00
