-1.252753376960754395e+00
3.148836791515350342e-01
-1.198323249816894531e+00
1.145467400550842285e+00
1.903779745101928711e+00
-5.919307470321655273e-01
-1.723104238510131836e+00
1.447565793991088867e+00
-2.703001499176025391e-01
-1.161618828773498535e+00
-1.782363772392272949e+00
1.455929040908813477e+00
-5.150429606437683105e-01
7.884045839309692383e-01
-9.586046338081359863e-01
1.962108254432678223e+00
-1.840783119201660156e+00
4.467929005622863770e-01
1.459413290023803711e+00
7.203207015991210938e-01
4.314278125762939453e+00
-1.892157673835754395e+00
1.116531491279602051e+00
-1.685270220041275024e-01
4.535966873168945312e+00
1.189157843589782715e+00
-3.445083379745483398e+00
-5.480601787567138672e+00
-2.092617034912109375e+00
2.325377911329269409e-01
-1.325245261192321777e+00
-2.830129384994506836e+00
2.556921482086181641e+00
-1.575972914695739746e+00
-1.762037754058837891e+00
1.921257495880126953e+00
-3.956253290176391602e+00
-3.050124347209930420e-01
1.703672111034393311e-01
1.020751357078552246e+00
5.367163658142089844e+00
-1.578919768333435059e+00
1.747204184532165527e+00
3.775573670864105225e-01
-1.862717747688293457e+00
-3.177447795867919922e+00
2.120248317718505859e+00
5.079140186309814453e+00
2.770077466964721680e+00
-3.464362919330596924e-01
4.770784676074981689e-01
-2.919565677642822266e+00
2.430585145950317383e+00
3.222465038299560547e+00
-2.241285562515258789e+00
-1.233915328979492188e+00
-2.124976396560668945e+00
4.132395088672637939e-01
-1.348057985305786133e-01
1.437154412269592285e+00
3.956503868103027344e-01
