-1.153836369514465332e+00
-1.628874421119689941e+00
-2.133062601089477539e+00
6.907175183296203613e-01
1.757490992546081543e+00
1.448123812675476074e+00
-9.114627242088317871e-01
-3.684116005897521973e-01
1.477466702461242676e+00
-1.166980624198913574e+00
-1.162249803543090820e+00
7.542326450347900391e-01
1.391095519065856934e+00
-1.370664358139038086e+00
1.283998966217041016e+00
3.864646852016448975e-01
1.911170601844787598e+00
2.049575328826904297e+00
2.038505554199218750e+00
1.309339642524719238e+00
4.086058616638183594e+00
1.918073534965515137e+00
5.989695549011230469e+00
-2.417820543050765991e-01
6.288732528686523438e+00
2.623208045959472656e+00
2.070353329181671143e-01
1.083070516586303711e+00
5.812341213226318359e+00
1.470791578292846680e+00
1.854034811258316040e-01
2.924834012985229492e+00
3.078798770904541016e+00
-4.121475696563720703e+00
-3.568785488605499268e-01
-1.866267770528793335e-01
-2.010764330625534058e-01
-2.216543197631835938e+00
-2.805168867111206055e+00
-4.116487026214599609e+00
2.251525878906250000e+00
1.392809033393859863e+00
1.431911468505859375e+00
5.669305324554443359e-01
2.181836843490600586e+00
-2.573068141937255859e+00
-5.734432935714721680e-01
-2.138004302978515625e+00
-2.403235435485839844e+00
-6.593272089958190918e-02
-4.761754348874092102e-02
2.459194898605346680e+00
3.141492366790771484e+00
3.200768470764160156e+00
5.803004503250122070e-01
7.364098429679870605e-01
-1.366720080375671387e+00
1.498412132263183594e+00
-9.502523541450500488e-01
2.246740818023681641e+00
-1.818374171853065491e-02
