-5.314121246337890625e-01
-1.490834951400756836e+00
1.202277421951293945e+00
-2.195712089538574219e+00
5.917370319366455078e-01
-1.465987920761108398e+00
4.992799162864685059e-01
-1.259440779685974121e+00
4.050943851470947266e-01
-1.335379719734191895e+00
-1.299213886260986328e+00
1.609181284904479980e+00
-2.131817936897277832e-01
1.335080265998840332e+00
1.290548682212829590e+00
-1.559663534164428711e+00
-2.457392930984497070e+00
-2.047025680541992188e+00
1.528618216514587402e+00
1.151319861412048340e+00
-2.283822059631347656e+00
6.185550689697265625e+00
-3.669297218322753906e+00
9.669297933578491211e-01
-1.572331309318542480e+00
3.005961894989013672e+00
3.088099479675292969e+00
1.828299015760421753e-01
-2.207989215850830078e+00
-5.720182418823242188e+00
-3.817011117935180664e+00
-2.882709205150604248e-01
5.230591297149658203e-01
3.911366462707519531e-01
3.945716321468353271e-01
6.112991333007812500e+00
7.385036945343017578e-01
1.865995287895202637e+00
3.825667381286621094e+00
3.849510908126831055e+00
3.924644470214843750e+00
-4.461804389953613281e+00
2.003152132034301758e+00
1.305005550384521484e+00
-3.050184965133666992e+00
-1.270870804786682129e+00
-3.235889434814453125e+00
-1.970349997282028198e-01
-2.517971754074096680e+00
-2.740350246429443359e+00
-5.479075908660888672e+00
-2.717387676239013672e+00
3.310801506042480469e+00
1.954805970191955566e+00
1.061606168746948242e+00
2.816323280334472656e+00
-1.628395318984985352e+00
-1.107529163360595703e+00
-2.550399541854858398e+00
-2.214900016784667969e+00
1.559991002082824707e+00
