3.035233020782470703e+00
9.729086160659790039e-01
-1.421974897384643555e+00
2.242192506790161133e+00
-1.301805675029754639e-01
-3.515640497207641602e-01
-8.404975533485412598e-01
-1.012638926506042480e+00
-7.898977994918823242e-01
1.124026894569396973e+00
-1.493612527847290039e+00
4.717859923839569092e-01
-8.762059807777404785e-01
8.699335455894470215e-01
1.782632470130920410e+00
1.859400868415832520e+00
1.439592838287353516e+00
-1.150297641754150391e+00
-8.501766920089721680e-01
-1.486948728561401367e+00
-7.017221450805664062e-01
-3.548473358154296875e+00
-2.770491600036621094e+00
-6.631444931030273438e+00
1.224045753479003906e+00
-3.716680049896240234e+00
4.191693305969238281e+00
1.104000091552734375e+00
-4.803658962249755859e+00
2.392413169145584106e-01
8.456946611404418945e-01
3.250610589981079102e+00
9.846414923667907715e-01
7.696430683135986328e-01
-1.663922071456909180e+00
3.215057611465454102e+00
2.098745107650756836e+00
4.868691921234130859e+00
-3.875950574874877930e+00
-6.157841682434082031e+00
2.556588947772979736e-01
-4.109882831573486328e+00
-1.406004190444946289e+00
9.799060225486755371e-01
2.499292939901351929e-01
3.078526496887207031e+00
3.385155916213989258e+00
-7.810790538787841797e-01
-1.518424391746520996e+00
-8.998822569847106934e-01
-1.508359670639038086e+00
-3.148978710174560547e+00
-7.965105175971984863e-01
-1.795238852500915527e+00
-1.756006240844726562e+00
-8.728944659233093262e-01
1.341431975364685059e+00
-4.998372077941894531e+00
3.793826103210449219e+00
-2.696828842163085938e+00
3.919495344161987305e+00
