-1.737586498260498047e+00
-1.701598525047302246e+00
-1.749432563781738281e+00
-7.411240935325622559e-01
2.219214200973510742e+00
-1.040403366088867188e+00
-8.475033640861511230e-01
8.026030659675598145e-01
-1.989386439323425293e+00
-1.722274780273437500e+00
1.345704793930053711e+00
-1.887153744697570801e+00
-1.832792997360229492e+00
-1.275563120841979980e+00
-2.029145002365112305e+00
5.067958831787109375e-01
-4.955483376979827881e-01
-6.229337453842163086e-01
1.183194875717163086e+00
1.267648458480834961e+00
2.399726629257202148e+00
-2.682959556579589844e+00
2.627755403518676758e+00
3.860689163208007812e+00
6.663802146911621094e+00
5.323749408125877380e-02
4.836335659027099609e+00
-6.516561508178710938e-01
-6.610948443412780762e-01
3.907830715179443359e-01
-1.097886562347412109e+00
1.975393056869506836e+00
-5.191786766052246094e+00
1.074044585227966309e+00
-7.292885184288024902e-01
-4.138008058071136475e-01
-1.258918404579162598e+00
1.548007726669311523e-01
-2.696233093738555908e-01
2.403998613357543945e+00
1.090286612510681152e+00
2.234523296356201172e+00
1.075767993927001953e+00
-2.615882635116577148e+00
1.719697117805480957e+00
1.003260016441345215e-01
5.037491321563720703e+00
2.015727311372756958e-01
-4.326614737510681152e-01
3.526695668697357178e-01
-2.747453749179840088e-01
-2.258935928344726562e+00
2.606890201568603516e+00
4.014908373355865479e-01
-9.581599235534667969e-01
1.319705098867416382e-01
-1.012300252914428711e+00
-1.806481629610061646e-01
-6.441500782966613770e-01
2.091195821762084961e+00
-2.948055028915405273e+00
