3.827025890350341797e-01
-1.341038465499877930e+00
8.402377367019653320e-01
-9.254449009895324707e-01
1.420631885528564453e+00
1.215625643730163574e+00
-1.381992340087890625e+00
-1.138754487037658691e+00
-7.581899762153625488e-01
1.266818284988403320e+00
1.543703675270080566e+00
-1.703178286552429199e+00
4.076692461967468262e-01
1.815665960311889648e+00
-1.476484060287475586e+00
-1.870317339897155762e+00
1.443563818931579590e+00
-3.981755375862121582e-01
1.737911224365234375e+00
8.116484284400939941e-01
3.882395327091217041e-01
-1.444422245025634766e+00
8.598560690879821777e-01
1.540253162384033203e+00
9.837656617164611816e-01
-4.343077540397644043e-01
-1.383525013923645020e+00
2.781052350997924805e+00
-7.744150757789611816e-01
-1.455419898033142090e+00
6.159830570220947266e+00
-4.123458385467529297e+00
1.939535737037658691e+00
6.926939487457275391e+00
-3.418220043182373047e+00
1.527606248855590820e+00
-5.575594425201416016e+00
9.127713441848754883e-01
-3.756417989730834961e+00
-2.394951343536376953e+00
1.755412966012954712e-01
1.100283980369567871e+00
3.050776720046997070e-01
1.066372871398925781e+00
2.145885378122329712e-01
-1.357603192329406738e+00
4.247593283653259277e-01
3.876307964324951172e+00
-2.840150594711303711e+00
-1.390356898307800293e+00
-3.575450181961059570e+00
-1.408648252487182617e+00
2.413066864013671875e+00
2.827080011367797852e+00
3.152360677719116211e+00
-1.459473490715026855e+00
-2.157478809356689453e+00
-7.242973148822784424e-02
2.121114015579223633e+00
5.308087825775146484e+00
-8.971374034881591797e-01
