-6.477906703948974609e-01
2.676354534924030304e-02
1.215986251831054688e+00
-9.986719489097595215e-01
-8.831080049276351929e-02
-2.239279985427856445e+00
1.413409829139709473e+00
1.093053102493286133e+00
-7.103208303451538086e-01
1.648625493049621582e+00
-2.414032369852066040e-01
6.435845047235488892e-03
-2.819790244102478027e-01
4.977116882801055908e-01
-8.777101635932922363e-01
-1.848912537097930908e-01
-4.176648259162902832e-01
-2.375689335167407990e-02
4.619493149220943451e-03
1.376400142908096313e-02
7.439833283424377441e-01
3.805789947509765625e-01
-4.485047340393066406e+00
1.612147927284240723e+00
-3.957156836986541748e-01
5.569326281547546387e-01
4.726113319396972656e+00
-4.496352195739746094e+00
1.221251726150512695e+00
-2.721929073333740234e+00
-1.374459385871887207e+00
4.485415816307067871e-01
-1.672528147697448730e+00
-2.694362640380859375e+00
-3.208460807800292969e+00
-4.658784270286560059e-01
1.909812450408935547e+00
-1.521151900291442871e+00
1.584609508514404297e+00
7.597939968109130859e-01
-4.013461112976074219e+00
-2.721873760223388672e+00
-1.969618678092956543e+00
-1.276925563812255859e+00
6.318035125732421875e-01
1.256485104560852051e+00
3.834080696105957031e+00
3.590017795562744141e+00
-1.083437442779541016e+00
-3.416043281555175781e+00
-1.897216677665710449e+00
-3.391256332397460938e+00
-2.304718732833862305e+00
-2.056212186813354492e+00
5.999705314636230469e+00
-4.643715918064117432e-01
2.568615198135375977e+00
2.342899560928344727e+00
-1.284877419471740723e+00
-2.587095975875854492e+00
3.875267505645751953e+00
