-2.683093786239624023e+00
2.121113061904907227e+00
1.063969373703002930e+00
9.131949543952941895e-01
9.790927171707153320e-01
-7.958940863609313965e-01
-1.551921963691711426e-01
-8.744306564331054688e-01
6.494389176368713379e-01
-1.177337393164634705e-01
1.250514984130859375e+00
1.524407267570495605e+00
-2.973310276865959167e-02
1.352279663085937500e+00
2.662509918212890625e+00
1.015310049057006836e+00
5.526263117790222168e-01
-1.771778583526611328e+00
-1.997454881668090820e+00
-7.323685884475708008e-01
-1.235963821411132812e+00
-5.613687515258789062e+00
2.545723319053649902e-01
3.035265684127807617e+00
-2.716127395629882812e+00
3.168169498443603516e+00
-1.225344181060791016e+00
2.368814706802368164e+00
-1.013923168182373047e+00
-2.601730823516845703e+00
2.850489616394042969e+00
4.199889183044433594e+00
-1.761598229408264160e+00
5.325664997100830078e+00
-5.672396183013916016e+00
5.974911451339721680e-01
2.974632263183593750e+00
1.734967231750488281e+00
1.575342774391174316e+00
-1.306385993957519531e+00
6.319181323051452637e-01
-2.277211189270019531e+00
7.161177396774291992e-01
-3.362503528594970703e+00
2.321489334106445312e+00
2.802873849868774414e+00
-1.242489457130432129e+00
-2.044744253158569336e+00
1.509579420089721680e+00
-1.527737259864807129e+00
-1.337017416954040527e+00
2.835330963134765625e+00
-1.506114721298217773e+00
3.326137304306030273e+00
-9.369068741798400879e-01
4.403420388698577881e-01
-3.410085916519165039e+00
3.478178679943084717e-01
6.419807076454162598e-01
1.514463126659393311e-01
-3.078801870346069336e+00
