-1.759005486965179443e-01
-4.950373470783233643e-01
-2.735519111156463623e-01
8.006657958030700684e-01
3.937526047229766846e-02
-1.736207962036132812e+00
-3.787551224231719971e-01
1.570996046066284180e-01
-5.712375044822692871e-01
-1.635436534881591797e+00
3.657889068126678467e-01
1.562856554985046387e+00
1.747215628623962402e+00
-9.110644459724426270e-01
1.494441747665405273e+00
-8.778465390205383301e-01
1.912645816802978516e+00
-2.077655315399169922e+00
-1.097795128822326660e+00
-9.145456552505493164e-01
1.028306484222412109e+00
-1.317403197288513184e+00
-1.568115234375000000e+00
3.472555160522460938e+00
-2.214400053024291992e+00
2.199817180633544922e+00
3.815127909183502197e-01
-1.082094788551330566e+00
1.175286293029785156e+00
4.516677558422088623e-01
3.120796680450439453e-01
3.523791790008544922e+00
3.651736259460449219e+00
-1.713355928659439087e-01
-2.282207250595092773e+00
-1.172693073749542236e-01
2.003037452697753906e+00
7.257462501525878906e+00
3.307101726531982422e+00
-1.718981415033340454e-01
8.807337284088134766e-01
-1.395751595497131348e+00
-1.199482440948486328e+00
-1.912689805030822754e+00
1.820407390594482422e+00
-1.957912683486938477e+00
-6.831842064857482910e-01
-1.033224105834960938e+00
-1.721781730651855469e+00
-2.052945137023925781e+00
1.195741891860961914e+00
-2.556212902069091797e+00
1.780088663101196289e+00
1.325992107391357422e+00
-2.115669727325439453e+00
1.223559021949768066e+00
8.523431420326232910e-01
-1.093006253242492676e+00
1.557709455490112305e+00
2.012628316879272461e+00
1.155988812446594238e+00
