-1.542190313339233398e+00
-1.359318643808364868e-01
-1.329909324645996094e+00
1.920485496520996094e+00
-1.691190719604492188e+00
5.826386809349060059e-01
1.559479475021362305e+00
1.112394690513610840e+00
-1.733308553695678711e+00
-9.859422445297241211e-01
-8.946412205696105957e-01
7.320509552955627441e-01
-6.795375347137451172e-01
-2.415139973163604736e-01
5.802308917045593262e-01
-1.401042461395263672e+00
1.422581911087036133e+00
1.259971737861633301e+00
-8.180993199348449707e-01
-1.997096538543701172e+00
-4.666281700134277344e+00
3.297426700592041016e-01
-2.640980720520019531e+00
8.640958070755004883e-01
-6.151770114898681641e+00
1.919844746589660645e+00
1.641002446413040161e-01
-7.326858043670654297e-01
-3.791363954544067383e+00
1.153445839881896973e+00
6.636288762092590332e-01
-3.265444040298461914e+00
2.026223689317703247e-01
1.200100064277648926e+00
-1.269978761672973633e+00
3.053970098495483398e+00
5.573201179504394531e+00
-7.050905227661132812e-01
4.415273666381835938e+00
4.350407123565673828e+00
1.786324620246887207e+00
1.182080432772636414e-02
3.186794281005859375e+00
-5.547069311141967773e-01
-2.890327930450439453e+00
1.813777327537536621e+00
-2.114561051130294800e-01
2.597173154354095459e-01
-3.419012069702148438e+00
1.927404999732971191e+00
-2.529978513717651367e+00
3.942631244659423828e+00
-8.289402127265930176e-01
1.413563251495361328e+00
-1.559316992759704590e+00
2.671260118484497070e+00
-2.672567844390869141e+00
1.780435442924499512e-01
4.001829147338867188e+00
-2.110576868057250977e+00
-2.726766586303710938e+00
