-8.509130477905273438e-01
-5.629127621650695801e-01
2.730902098119258881e-02
-1.912964433431625366e-01
-1.514560341835021973e+00
1.606955051422119141e+00
1.423466324806213379e+00
-9.074189066886901855e-01
2.533162534236907959e-01
-3.256022334098815918e-01
1.034290671348571777e+00
-1.168183207511901855e+00
-9.923598170280456543e-01
1.766353607177734375e+00
-1.744300603866577148e+00
-4.782044291496276855e-01
-7.298151850700378418e-01
8.985086083412170410e-01
-9.887666106224060059e-01
-1.773523092269897461e+00
4.285153388977050781e+00
-3.081203699111938477e+00
8.923490047454833984e-01
1.411184310913085938e+00
-6.154635429382324219e+00
-6.626012802124023438e+00
-2.652520418167114258e+00
9.899964332580566406e-01
-1.513399720191955566e+00
-1.587971329689025879e+00
-3.142928183078765869e-01
4.836151599884033203e+00
4.473217964172363281e+00
6.471079826354980469e+00
9.975152015686035156e-01
9.198106527328491211e-01
-2.627447247505187988e-01
2.691604614257812500e+00
1.861546277999877930e+00
1.176996827125549316e+00
-3.596915721893310547e+00
-2.972513437271118164e+00
-2.106825828552246094e+00
-2.833343267440795898e+00
2.378068685531616211e+00
-4.116904258728027344e+00
-2.585609197616577148e+00
-2.054870843887329102e+00
1.834395170211791992e+00
-1.991963505744934082e+00
2.326642572879791260e-01
-3.471141576766967773e+00
3.127615928649902344e+00
2.452055454254150391e+00
2.412366867065429688e+00
1.341813355684280396e-01
-1.524888396263122559e+00
-3.063714265823364258e+00
-2.377376556396484375e+00
4.527181982994079590e-01
3.094086885452270508e+00
