7.427961230278015137e-01
8.451415300369262695e-01
1.696386098861694336e+00
-5.700751673430204391e-03
-3.770110011100769043e-01
-2.827821731567382812e+00
-1.766887307167053223e+00
9.438783526420593262e-01
-1.241605043411254883e+00
7.644729614257812500e-01
-8.990353345870971680e-01
-6.108162403106689453e-01
1.434695482254028320e+00
1.089403033256530762e+00
2.281698465347290039e+00
1.089577794075012207e+00
7.460113167762756348e-01
4.545933008193969727e-01
1.420089483261108398e+00
1.474804639816284180e+00
8.823021650314331055e-01
-8.527709841728210449e-01
-6.294095039367675781e+00
9.076040983200073242e-01
-1.447640776634216309e+00
2.660104751586914062e+00
-7.039507865905761719e+00
3.215844631195068359e-01
2.900664508342742920e-01
-2.524192571640014648e+00
1.691697120666503906e+00
2.307168006896972656e+00
-2.072171717882156372e-01
1.324789881706237793e+00
-1.159705519676208496e+00
-2.473896503448486328e+00
-4.545206725597381592e-01
2.126645565032958984e+00
5.885115146636962891e+00
-3.205152034759521484e+00
4.432309865951538086e-01
1.461314320564270020e+00
2.645156860351562500e+00
1.608522653579711914e+00
2.301053762435913086e+00
1.144883632659912109e+00
4.268638610839843750e+00
-2.435729950666427612e-01
-6.306739449501037598e-01
-2.603836536407470703e+00
-1.740451574325561523e+00
2.498821735382080078e+00
6.268141269683837891e-01
3.407731056213378906e-01
-1.830790281295776367e+00
2.872174501419067383e+00
8.400055170059204102e-01
-2.477167367935180664e+00
7.031921386718750000e+00
-3.091794967651367188e+00
-1.117142081260681152e+00
