-6.457276344299316406e-01
2.776576578617095947e-01
-1.951206684112548828e+00
4.512188434600830078e-01
-2.945852279663085938e-01
-1.006828904151916504e+00
-9.632491469383239746e-01
-3.769057393074035645e-01
2.504184842109680176e-01
-5.869204401969909668e-01
1.761409640312194824e+00
-1.248659253120422363e+00
7.930141091346740723e-01
1.201653838157653809e+00
1.200019478797912598e+00
1.200784206390380859e+00
-1.968937277793884277e+00
-2.348747968673706055e+00
-1.824639797210693359e+00
-6.616986393928527832e-01
3.380862712860107422e+00
-8.253657221794128418e-01
-4.425451278686523438e+00
-2.067149400711059570e+00
7.976088523864746094e-01
2.521168231964111328e+00
1.475872278213500977e+00
-1.517458677291870117e+00
5.479191541671752930e-01
3.033894300460815430e+00
1.972235202789306641e+00
3.322995007038116455e-01
3.937703371047973633e+00
-2.109491825103759766e+00
1.733797430992126465e+00
-5.134252548217773438e+00
2.481932401657104492e+00
-4.966916143894195557e-01
-7.739373683929443359e+00
2.213948011398315430e+00
-1.694782495498657227e+00
1.370478630065917969e+00
1.355545043945312500e+00
1.502689480781555176e+00
-1.425047636032104492e+00
-1.929815888404846191e+00
7.622879743576049805e-01
-1.385088801383972168e+00
3.130010366439819336e-01
-2.561807632446289062e+00
-1.811241030693054199e+00
1.652318835258483887e+00
3.392564773559570312e+00
-2.272392034530639648e+00
1.967152118682861328e+00
-3.085536956787109375e+00
-1.469552874565124512e+00
-9.003084897994995117e-01
2.494381189346313477e+00
1.489762306213378906e+00
1.701694369316101074e+00
