1.602240800857543945e+00
1.066915750503540039e+00
1.372982144355773926e+00
3.251632452011108398e-01
-1.472964763641357422e+00
1.956641525030136108e-01
1.015348553657531738e+00
-1.084185361862182617e+00
1.914548873901367188e+00
1.764194726943969727e+00
1.158595204353332520e+00
9.328918457031250000e-01
-1.970303356647491455e-01
-9.110830426216125488e-01
-1.184279322624206543e-01
1.434104442596435547e+00
1.355716347694396973e+00
2.013111829757690430e+00
1.045974373817443848e+00
-1.897548198699951172e+00
-2.789274215698242188e+00
-1.934626400470733643e-01
5.291700839996337891e+00
2.461157083511352539e+00
1.311309099197387695e+00
-8.356497287750244141e-01
-1.523704379796981812e-01
4.010801792144775391e+00
-2.953119277954101562e+00
1.289353489875793457e+00
1.339225023984909058e-01
3.798445701599121094e+00
3.795850574970245361e-01
5.934102535247802734e-01
3.041395843029022217e-01
3.694621920585632324e-01
-4.448041915893554688e+00
3.902429819107055664e+00
2.361659526824951172e+00
-3.846347093582153320e+00
2.746575832366943359e+00
1.810680925846099854e-01
-2.837780952453613281e+00
-2.517830133438110352e-01
1.557856321334838867e+00
8.042109012603759766e-01
1.252723336219787598e+00
-3.254522323608398438e+00
-1.974285364151000977e+00
-8.994370698928833008e-01
2.331991940736770630e-01
3.807028055191040039e+00
-7.340645194053649902e-01
-4.352321103215217590e-02
-6.317622661590576172e-01
1.749637126922607422e-01
-4.589790821075439453e+00
-1.795157194137573242e+00
-2.077709913253784180e+00
-3.295711040496826172e+00
3.132374957203865051e-02
