1.928317427635192871e+00
-1.844637632369995117e+00
4.000353813171386719e-02
-1.547448515892028809e+00
8.062548637390136719e-01
-1.417779922485351562e+00
-5.759734511375427246e-01
-1.734921574592590332e+00
1.525293588638305664e+00
9.321846067905426025e-03
7.776262760162353516e-01
-1.720313429832458496e+00
-2.108386039733886719e+00
-6.768529415130615234e-01
-1.622417569160461426e-01
-1.566871404647827148e+00
-7.365463376045227051e-01
-8.395973443984985352e-01
-1.363758563995361328e+00
1.548434853553771973e+00
4.409936428070068359e+00
2.522978067398071289e+00
-4.135606884956359863e-01
-6.933557033538818359e+00
5.584933757781982422e-01
4.588376998901367188e+00
6.616421043872833252e-02
-7.480814933776855469e+00
9.437950253486633301e-01
8.856689929962158203e-01
1.638443946838378906e+00
-9.549121558666229248e-02
-4.654628753662109375e+00
-1.780608445405960083e-01
-5.153855323791503906e+00
-1.092753410339355469e+00
-4.830042272806167603e-02
2.473994016647338867e+00
3.026618003845214844e+00
1.731667876243591309e+00
2.598331212997436523e+00
9.979006052017211914e-01
5.393098592758178711e-01
-3.999757766723632812e+00
8.234840035438537598e-01
1.495946407318115234e+00
-1.030884146690368652e+00
4.029632568359375000e+00
-3.591451644897460938e-01
-2.678467988967895508e+00
-1.891552805900573730e+00
-3.670888394117355347e-02
1.903314590454101562e+00
-3.788868784904479980e-01
-2.714543581008911133e+00
2.184726476669311523e+00
-8.409913182258605957e-01
-2.957246780395507812e+00
1.324391484260559082e+00
1.808579325675964355e+00
-5.091255903244018555e-01
