1.447447776794433594e+00
-7.513095140457153320e-01
-2.921214342117309570e+00
9.993162751197814941e-01
-1.573871135711669922e+00
1.106901884078979492e+00
-1.948130846023559570e+00
-4.818214774131774902e-01
1.100012063980102539e+00
-1.841367602348327637e+00
-1.833197474479675293e+00
1.243373513221740723e+00
-2.163313150405883789e+00
1.514873147010803223e+00
9.400442242622375488e-01
1.336408972740173340e+00
4.587081968784332275e-01
-2.855132341384887695e+00
-9.868707656860351562e-01
-1.615166306495666504e+00
1.711895346641540527e+00
8.300505280494689941e-01
1.976682901382446289e+00
-2.914257049560546875e+00
6.004459857940673828e+00
-2.342240333557128906e+00
3.536968231201171875e+00
-2.436464548110961914e+00
-2.593215405941009521e-01
-5.575907230377197266e+00
7.962024211883544922e-01
3.689891576766967773e+00
1.784356236457824707e+00
-5.798715591430664062e+00
3.668513059616088867e+00
-9.304836988449096680e-01
-2.205645799636840820e+00
1.949147939682006836e+00
-1.799277782440185547e+00
2.243507951498031616e-01
-1.151748061180114746e+00
-2.272694826126098633e+00
-2.110866546630859375e+00
-3.657463312149047852e+00
1.526564478874206543e+00
4.019064903259277344e+00
2.095486164093017578e+00
2.149035930633544922e+00
-1.092016175389289856e-01
-3.267365694046020508e+00
1.167850971221923828e+00
-4.552326679229736328e+00
-7.250697612762451172e-01
3.648936033248901367e+00
1.328036189079284668e+00
-5.940993428230285645e-01
-2.680457115173339844e+00
2.295005083084106445e+00
-2.118928194046020508e+00
-3.591973483562469482e-01
-2.143474966287612915e-01
