-2.579135179519653320e+00
-1.291071176528930664e+00
-4.701088666915893555e-01
5.082609057426452637e-01
-8.718056678771972656e-01
-1.348038554191589355e+00
1.604348063468933105e+00
2.251794785261154175e-01
-9.835799932479858398e-01
-6.782913208007812500e-01
-5.373654365539550781e-01
-1.238719940185546875e+00
1.198887944221496582e+00
1.529625177383422852e+00
-1.312469482421875000e+00
-1.444987416267395020e+00
3.211663365364074707e-01
-3.695257604122161865e-01
6.607201099395751953e-01
1.210084259510040283e-01
-9.761675000190734863e-01
9.310619235038757324e-01
2.049046754837036133e+00
-2.198009014129638672e+00
8.375907540321350098e-01
3.058035299181938171e-02
4.433458805084228516e+00
-3.191785514354705811e-01
3.782289505004882812e+00
1.073916316032409668e+00
-3.220319747924804688e+00
5.366364002227783203e+00
5.341539978981018066e-01
-6.105238914489746094e+00
-1.149909496307373047e+00
-2.132161855697631836e+00
-2.006296873092651367e+00
1.485205888748168945e+00
1.812462091445922852e+00
-6.979144364595413208e-02
1.237230300903320312e+00
3.281640052795410156e+00
-1.543620467185974121e+00
1.810804843902587891e+00
-1.944795727729797363e+00
-9.202299714088439941e-01
1.600975513458251953e+00
-4.460361599922180176e-01
3.194876909255981445e+00
-3.946714103221893311e-01
-2.425239324569702148e+00
4.014395713806152344e+00
1.015163183212280273e+00
3.244160652160644531e+00
1.295125186443328857e-01
-1.533237338066101074e+00
1.465129494667053223e+00
-1.992485165596008301e+00
-2.840543031692504883e+00
-2.155235052108764648e+00
-5.579691529273986816e-01
