-2.345691680908203125e+00
1.458889007568359375e+00
2.641889333724975586e+00
-8.475064635276794434e-01
6.698524355888366699e-01
-8.397424817085266113e-01
-1.638809323310852051e+00
-9.537307024002075195e-01
1.571618914604187012e+00
-5.860834717750549316e-01
-4.474970102310180664e-01
-4.542078077793121338e-02
1.413062810897827148e+00
1.577000379562377930e+00
-1.627594590187072754e+00
-1.216514825820922852e+00
5.222682952880859375e-01
2.324055671691894531e+00
-7.635529637336730957e-01
-1.686905026435852051e+00
-6.451089382171630859e+00
5.147500038146972656e+00
7.290507793426513672e+00
-3.080241918563842773e+00
2.258581966161727905e-01
-1.873269915580749512e+00
-7.756760716438293457e-01
-1.733172655105590820e+00
-1.163627743721008301e+00
-1.056798458099365234e+00
1.323721051216125488e+00
-2.478479295969009399e-01
3.373059988021850586e+00
2.836483478546142578e+00
4.197866916656494141e+00
-1.016537286341190338e-02
1.003716588020324707e+00
-6.066865444183349609e+00
-1.304071426391601562e+00
7.196832656860351562e+00
-3.958133220672607422e+00
3.898741006851196289e+00
-3.101833343505859375e+00
4.559509277343750000e+00
-6.549170613288879395e-01
-2.544692754745483398e+00
-1.197985529899597168e+00
1.259785056114196777e+00
8.034194707870483398e-01
1.144231438636779785e+00
7.138227462768554688e+00
2.673003196716308594e+00
-3.629978656768798828e+00
8.794245123863220215e-01
-4.731931209564208984e+00
-6.836961954832077026e-02
-5.313127636909484863e-01
-1.823422908782958984e+00
-2.802904605865478516e+00
-2.353383064270019531e+00
9.431287646293640137e-01
