-5.976438522338867188e-01
-1.038944244384765625e+00
-2.188659757375717163e-01
-1.353717327117919922e+00
-4.197802841663360596e-01
1.438151359558105469e+00
-1.929003119468688965e+00
-4.576023817062377930e-01
-1.293043375015258789e+00
-3.364719152450561523e-01
-8.195819258689880371e-01
-2.551842033863067627e-01
1.315411329269409180e+00
1.408493399620056152e+00
-1.818710327148437500e+00
-1.187711022794246674e-02
-3.032269142568111420e-02
-1.100258588790893555e+00
-1.911634087562561035e+00
-9.823390245437622070e-01
-1.134226679801940918e+00
-5.974580764770507812e+00
-9.365686774253845215e-01
5.213115215301513672e+00
2.106633424758911133e+00
-9.831944704055786133e-01
1.082142591476440430e+00
-1.388441324234008789e+00
3.661326885223388672e+00
-7.452626228332519531e-01
2.834759712219238281e+00
-1.285523891448974609e+00
-5.418300628662109375e+00
2.539786696434020996e-01
1.676400184631347656e+00
-1.195505619049072266e+00
-3.174069225788116455e-01
1.214446902275085449e+00
3.536754846572875977e-02
1.304965257644653320e+00
1.724238395690917969e+00
3.912346601486206055e+00
-1.209246993064880371e+00
4.450262069702148438e+00
2.633359670639038086e+00
-2.248876571655273438e+00
7.582885622978210449e-01
2.139067173004150391e+00
1.457435250282287598e+00
-2.639681339263916016e+00
-4.160890102386474609e+00
-2.442362070083618164e+00
3.551163673400878906e+00
-9.115203469991683960e-02
5.141281485557556152e-01
2.994084596633911133e+00
-2.873542547225952148e+00
-5.665935277938842773e-01
-1.458439111709594727e+00
-1.254582524299621582e+00
3.114330053329467773e+00
