-1.716729521751403809e+00
1.554997920989990234e+00
8.309509754180908203e-01
5.927533507347106934e-01
1.562723040580749512e+00
-1.550583720207214355e+00
-1.159997940063476562e+00
-1.295069456100463867e+00
2.423734664916992188e+00
1.179448366165161133e+00
-2.161742687225341797e+00
8.901072144508361816e-01
1.317253947257995605e+00
-1.086598277091979980e+00
-2.080215692520141602e+00
1.203329443931579590e+00
9.661905765533447266e-01
-5.758517980575561523e-01
1.423223495483398438e+00
1.189076423645019531e+00
-6.745227336883544922e+00
-5.501571178436279297e+00
-6.307352334260940552e-02
7.807901501655578613e-01
-2.851642370223999023e+00
1.158160716295242310e-01
-5.601865649223327637e-01
-4.004720687866210938e+00
3.962190628051757812e+00
-1.224938988685607910e+00
7.343167304992675781e+00
3.531872987747192383e+00
-1.912637948989868164e+00
-2.569481432437896729e-01
-2.293926626443862915e-01
-9.734920263290405273e-01
-3.374127149581909180e+00
6.644803881645202637e-01
3.771719932556152344e+00
1.796830654144287109e+00
-3.084288358688354492e+00
-4.313081264495849609e+00
4.316129907965660095e-02
-3.142377734184265137e-01
-1.590555906295776367e+00
1.758342385292053223e-01
-9.881774187088012695e-01
2.807292461395263672e+00
1.127444267272949219e+00
1.193859577178955078e+00
-1.997305631637573242e+00
-3.237378358840942383e+00
1.893739581108093262e+00
-4.242849647998809814e-01
1.106685757637023926e+00
-1.823000192642211914e+00
2.239361524581909180e+00
-6.843128800392150879e-01
2.672241926193237305e+00
-1.260836005210876465e+00
3.685584366321563721e-01
