1.067056417465209961e+00
6.522528529167175293e-01
3.743801712989807129e-01
-1.693288609385490417e-02
4.230070412158966064e-01
-1.342238664627075195e+00
-1.489210605621337891e+00
-1.413337826728820801e+00
8.038364052772521973e-01
-4.856904149055480957e-01
6.887207627296447754e-01
-1.563229858875274658e-01
1.545721650123596191e+00
-1.589805603027343750e+00
7.229346632957458496e-01
-7.335554063320159912e-02
1.069770932197570801e+00
-6.915459036827087402e-01
-1.595515608787536621e+00
-1.615331411361694336e+00
4.010359287261962891e+00
-2.918594837188720703e+00
-9.125039577484130859e-01
2.967183589935302734e+00
-1.670840144157409668e+00
8.246614336967468262e-01
5.610968112945556641e+00
-2.523961849510669708e-02
4.220624923706054688e+00
-6.476823687553405762e-01
-1.354519009590148926e+00
-6.088977456092834473e-01
4.201550006866455078e+00
-1.443429112434387207e+00
2.642807245254516602e+00
1.836573362350463867e+00
4.595603048801422119e-01
-2.100855588912963867e+00
-4.585433483123779297e+00
-6.717409133911132812e+00
-2.860956192016601562e+00
-3.450438976287841797e+00
-1.612693190574645996e+00
-1.650972366333007812e+00
-1.586919784545898438e+00
-2.021998405456542969e+00
-2.779078960418701172e+00
7.274318337440490723e-01
-2.894806623458862305e+00
3.950547933578491211e+00
2.490713119506835938e+00
2.046651840209960938e+00
-2.086849927902221680e+00
-2.572469711303710938e+00
1.843185901641845703e+00
1.096318364143371582e-01
-2.081483125686645508e+00
-1.345215678215026855e+00
-3.046603441238403320e+00
-3.077127218246459961e+00
1.204693913459777832e+00
