1.325060248374938965e+00
-6.968957781791687012e-01
6.939072608947753906e-01
-2.478490918874740601e-01
-1.408602833747863770e+00
-1.663522243499755859e+00
1.214274644851684570e+00
7.860935330390930176e-01
8.607127666473388672e-01
-2.737188637256622314e-01
-1.546841025352478027e+00
1.730778694152832031e+00
1.175285816192626953e+00
1.538333177566528320e+00
9.119598269462585449e-01
-2.163759171962738037e-01
-1.529568195343017578e+00
1.240327835083007812e+00
5.977338552474975586e-01
-1.761465668678283691e+00
-2.518131494522094727e+00
-2.103478908538818359e+00
-2.887341260910034180e+00
3.315298318862915039e+00
-5.291899204254150391e+00
2.703810453414916992e+00
-5.130536556243896484e+00
-5.984534025192260742e-01
-3.475636720657348633e+00
-4.668547213077545166e-01
-1.506166219711303711e+00
5.963935256004333496e-01
3.107431650161743164e+00
5.246955394744873047e+00
4.699286818504333496e-02
4.543739318847656250e+00
-4.328826904296875000e+00
4.266434192657470703e+00
8.984375000000000000e-01
2.092714548110961914e+00
-3.102783679962158203e+00
-3.669738292694091797e+00
1.971633076667785645e+00
-2.085867166519165039e+00
2.295281171798706055e+00
-3.069390535354614258e+00
-3.946913719177246094e+00
9.146801233291625977e-01
2.465357542037963867e+00
-4.556970000267028809e-01
1.383052945137023926e+00
2.203936129808425903e-02
3.617608547210693359e+00
2.437867641448974609e+00
5.102737545967102051e-01
3.990079402923583984e+00
4.883664608001708984e+00
-1.585212588310241699e+00
-1.004204601049423218e-01
1.280921697616577148e+00
-2.030946731567382812e+00
