1.146524548530578613e+00
-1.077145934104919434e+00
1.809723734855651855e+00
3.228519916534423828e+00
7.005698680877685547e-01
-1.889536499977111816e+00
-1.456689000129699707e+00
-1.094890713691711426e+00
-4.819426834583282471e-01
-1.458776712417602539e+00
5.182579159736633301e-01
3.316096544265747070e+00
2.933540344238281250e+00
-1.029437184333801270e+00
-1.503138065338134766e+00
-6.907927989959716797e-01
-4.503130912780761719e-01
1.363566637039184570e+00
2.809437274932861328e+00
1.369947940111160278e-01
3.460351705551147461e+00
1.667751193046569824e+00
4.714756488800048828e+00
-6.071794033050537109e+00
1.744866132736206055e+00
-6.724589824676513672e+00
3.365338563919067383e+00
2.958405911922454834e-01
1.014402270317077637e+00
5.630853652954101562e+00
-8.753753900527954102e-01
3.035441398620605469e+00
6.011952400207519531e+00
4.329125955700874329e-02
5.041918277740478516e+00
3.087833225727081299e-01
2.218195438385009766e+00
-4.126754283905029297e+00
2.555445909500122070e+00
-5.338880419731140137e-01
-3.664773464202880859e+00
2.125931024551391602e+00
2.878784179687500000e+00
-2.276208251714706421e-01
-2.072292089462280273e+00
-2.008896589279174805e+00
-2.590391874313354492e+00
-6.451320648193359375e-01
1.150096893310546875e+00
-1.505983233451843262e+00
1.432196617126464844e+00
-1.496829628944396973e+00
-2.594659328460693359e-01
-8.176076412200927734e-02
-1.456693530082702637e+00
-5.426914095878601074e-01
2.047363042831420898e+00
-2.719608545303344727e+00
1.963399887084960938e+00
-6.766389608383178711e-01
-1.109382748603820801e+00
