-6.794758439064025879e-01
-3.407087087631225586e+00
2.988817453384399414e+00
-1.148165345191955566e+00
-3.473301410675048828e+00
-8.522208929061889648e-01
7.081041336059570312e-01
1.114146232604980469e+00
1.111449837684631348e+00
1.265669584274291992e+00
6.135209798812866211e-01
-1.058085799217224121e+00
-1.181947588920593262e+00
-1.532065153121948242e+00
-1.669316887855529785e+00
6.355965137481689453e-01
3.109574794769287109e+00
4.431286334991455078e+00
-1.220334649085998535e+00
-2.343478441238403320e+00
3.997163057327270508e+00
-2.571690559387207031e+00
8.046937584877014160e-01
-4.614250659942626953e+00
-1.505526542663574219e+00
-7.240126729011535645e-01
5.885983705520629883e-01
6.298967599868774414e-01
8.454263210296630859e-01
2.527188539505004883e+00
-2.018489837646484375e+00
-3.105009078979492188e+00
-3.731596767902374268e-01
5.398449897766113281e+00
5.729274749755859375e+00
3.259106397628784180e+00
7.061563134193420410e-01
1.335925698280334473e+00
-4.913906455039978027e-01
-7.365663647651672363e-01
-5.250800132751464844e+00
2.018584758043289185e-01
-3.068464696407318115e-01
4.480652332305908203e+00
2.185641825199127197e-01
8.902946710586547852e-01
-1.480120778083801270e+00
3.111846208572387695e+00
-7.002054452896118164e-01
-3.663181066513061523e+00
-4.114919662475585938e+00
-5.178695678710937500e+00
-7.699292898178100586e-01
3.483304977416992188e+00
-5.745724678039550781e+00
3.579762458801269531e+00
-5.579062104225158691e-01
5.674797892570495605e-01
-2.465517520904541016e+00
1.503409385681152344e+00
2.447715759277343750e+00
