-4.946117848157882690e-02
-8.912535756826400757e-02
5.733187794685363770e-01
-9.899420142173767090e-01
1.966734886169433594e+00
1.202458262443542480e+00
-5.181328058242797852e-01
-8.145732879638671875e-01
1.397842526435852051e+00
-6.824880838394165039e-01
7.301931977272033691e-01
-1.312539100646972656e+00
-7.232210636138916016e-01
1.727914690971374512e+00
-9.617748856544494629e-01
1.150870561599731445e+00
1.221741199493408203e+00
1.792352318763732910e+00
1.794297993183135986e-01
8.587159961462020874e-02
-5.837485790252685547e-01
2.304045855998992920e-02
2.629758596420288086e+00
-4.708111763000488281e+00
8.586307168006896973e-01
-8.845236301422119141e-01
-1.905464410781860352e+00
2.693240404129028320e+00
1.252724289894104004e+00
2.814730644226074219e+00
3.210647106170654297e+00
4.883819103240966797e+00
-2.387822270393371582e-01
2.065428256988525391e+00
-5.056536674499511719e+00
-1.380678057670593262e+00
5.598876476287841797e+00
-3.545227527618408203e+00
-9.086088091135025024e-02
-1.056988835334777832e+00
2.737085223197937012e-01
-2.168957948684692383e+00
1.607246696949005127e-01
1.961577296257019043e+00
1.721763968467712402e+00
-2.163225650787353516e+00
1.494130849838256836e+00
-9.475533962249755859e-01
-3.092639207839965820e+00
-4.131282806396484375e+00
3.052780628204345703e+00
3.713581323623657227e+00
5.846475362777709961e-01
1.987380027770996094e+00
-3.453728437423706055e+00
2.295629024505615234e+00
-2.242102146148681641e+00
-1.162752151489257812e+00
-5.042502656579017639e-02
9.216786623001098633e-01
9.317210912704467773e-01
