1.001424074172973633e+00
-6.730116605758666992e-01
-2.970530390739440918e-01
-1.629201531410217285e+00
1.143391132354736328e+00
-4.445835053920745850e-01
1.936063170433044434e+00
-1.275807738304138184e+00
1.058299660682678223e+00
5.321157574653625488e-01
1.227758049964904785e+00
8.739370703697204590e-01
-1.717688322067260742e+00
1.333733201026916504e+00
1.520075678825378418e+00
-8.737345784902572632e-02
1.689370274543762207e+00
-2.975191175937652588e-01
1.154148340225219727e+00
4.046902060508728027e-02
-3.652933612465858459e-02
1.369189262390136719e+00
-1.351769685745239258e+00
5.834050655364990234e+00
-1.082566380500793457e+00
6.744772940874099731e-02
-3.905017614364624023e+00
4.313514232635498047e+00
1.644143104553222656e+00
-1.110357046127319336e+00
-4.629395961761474609e+00
3.448917627334594727e+00
3.434465229511260986e-01
4.620573043823242188e+00
2.709168910980224609e+00
2.515272617340087891e+00
-3.420459032058715820e-01
1.531775832176208496e+00
2.007415443658828735e-01
-2.635112762451171875e+00
-3.459285795688629150e-01
-1.499671220779418945e+00
8.053031563758850098e-01
4.291013717651367188e+00
-8.872708082199096680e-01
-5.872626900672912598e-01
-1.323684215545654297e+00
-2.251942873001098633e+00
1.917336940765380859e+00
1.147491216659545898e+00
1.790041565895080566e+00
4.324526309967041016e+00
6.053001284599304199e-01
-3.543745756149291992e+00
-2.227805376052856445e+00
-1.748024106025695801e+00
-6.130012273788452148e-01
8.978862762451171875e-01
1.876369595527648926e+00
-4.102864742279052734e+00
-3.125328302383422852e+00
