-7.110990285873413086e-01
8.364259600639343262e-01
-1.177965283393859863e+00
-1.060355186462402344e+00
-1.420761704444885254e+00
-1.698056697845458984e+00
-2.999818086624145508e+00
-1.121338963508605957e+00
-9.405192136764526367e-01
-1.062276482582092285e+00
1.672368168830871582e+00
2.284414291381835938e+00
-8.747452497482299805e-01
-5.074607133865356445e-01
3.968526422977447510e-01
-1.359760522842407227e+00
-1.714402675628662109e+00
-1.522198915481567383e+00
-6.527375578880310059e-01
-1.954693794250488281e+00
-3.472217321395874023e-01
-1.435513496398925781e-01
8.489812612533569336e-01
-3.304155111312866211e+00
-8.981225490570068359e-01
-8.236628025770187378e-02
1.300124406814575195e+00
-2.347882986068725586e+00
-2.680175900459289551e-01
-2.661497354507446289e+00
2.384938716888427734e+00
-2.077648639678955078e+00
2.029962241649627686e-01
-8.302973583340644836e-03
-8.192532658576965332e-01
3.946566104888916016e+00
-5.297014713287353516e+00
1.659053444862365723e+00
2.212638407945632935e-02
5.825616836547851562e+00
1.590646058320999146e-01
5.890274047851562500e-01
-9.665566682815551758e-01
3.268079280853271484e+00
9.970321655273437500e-01
-3.178476095199584961e-01
6.101359724998474121e-01
5.259387493133544922e+00
1.331338584423065186e-01
-2.687098503112792969e+00
3.321673631668090820e+00
-1.489371180534362793e+00
-6.273335218429565430e-01
-7.102885842323303223e-02
-3.582538127899169922e+00
-3.647473812103271484e+00
-3.421566486358642578e+00
-1.248643994331359863e+00
-3.089260458946228027e-01
2.037247419357299805e+00
-7.137709856033325195e-01
