-2.148013353347778320e+00
9.647908806800842285e-01
-6.447669863700866699e-02
-1.637140393257141113e+00
6.516286134719848633e-01
8.876294493675231934e-01
1.384476065635681152e+00
-1.477318525314331055e+00
-8.121979236602783203e-01
1.327847719192504883e+00
2.644875347614288330e-01
-8.706268668174743652e-01
-1.677559971809387207e+00
1.130498051643371582e-01
-9.272439479827880859e-01
-1.449675202369689941e+00
2.007390975952148438e+00
-1.249290585517883301e+00
9.304843544960021973e-01
-8.863918781280517578e-01
-7.737644672393798828e+00
3.057306051254272461e+00
2.040040016174316406e+00
5.283024787902832031e+00
5.171284079551696777e-01
-2.506343603134155273e+00
-1.173581480979919434e+00
-1.298064112663269043e+00
9.680923819541931152e-02
-8.883294463157653809e-01
-1.699705362319946289e+00
1.041950583457946777e+00
1.042682766914367676e+00
-1.174178361892700195e+00
8.498651981353759766e-01
1.386869311332702637e+00
7.551940083503723145e-01
7.409324645996093750e-01
5.964795947074890137e-01
-1.293720722198486328e+00
1.315086364746093750e+00
2.359838962554931641e+00
2.100333690643310547e+00
-2.300971031188964844e+00
-4.314072132110595703e-01
-3.629882335662841797e+00
1.538859605789184570e+00
-1.114761114120483398e+00
-5.953506827354431152e-01
1.224807977676391602e+00
1.839403867721557617e+00
2.299185246229171753e-01
3.646546840667724609e+00
-2.962318360805511475e-01
1.286437988281250000e+00
-1.710538744926452637e+00
-1.120051264762878418e+00
-1.030111432075500488e+00
2.519561290740966797e+00
3.163753032684326172e+00
-9.985815286636352539e-01
