1.947819471359252930e+00
-2.087324619293212891e+00
1.803048729896545410e+00
4.479893445968627930e-01
-1.079734802246093750e+00
9.055602550506591797e-01
-1.845543503761291504e+00
1.183903694152832031e+00
7.470121979713439941e-01
3.587609529495239258e-01
-5.586505532264709473e-01
1.508643627166748047e+00
5.201280713081359863e-01
-1.026077151298522949e+00
-5.347836613655090332e-01
-1.040882110595703125e+00
-1.259869933128356934e+00
-1.138706684112548828e+00
-6.784794479608535767e-02
-1.490290522575378418e+00
4.054683685302734375e+00
7.886704444885253906e+00
8.477233886718750000e+00
-2.901803016662597656e+00
1.545996904373168945e+00
4.552329063415527344e+00
-3.624433279037475586e+00
-4.317934036254882812e+00
-2.864620089530944824e-01
-2.368662506341934204e-01
-1.749801635742187500e+00
-4.225876331329345703e+00
-1.446703791618347168e+00
-2.345398664474487305e+00
-4.785286188125610352e-01
-5.841575264930725098e-01
2.076471447944641113e-01
3.072555541992187500e+00
-1.846844077110290527e+00
1.104267597198486328e+00
2.278821706771850586e+00
1.611786365509033203e+00
1.971788048744201660e+00
-3.375111103057861328e+00
-1.919762015342712402e+00
-3.716862678527832031e+00
1.462265849113464355e+00
2.094519376754760742e+00
1.626112610101699829e-01
-3.418946862220764160e-01
-1.550059676170349121e+00
-2.953610420227050781e+00
-2.162786200642585754e-02
1.363071680068969727e+00
1.145311474800109863e+00
-9.479004144668579102e-01
-8.478842973709106445e-01
-2.460839509963989258e+00
1.315483212471008301e+00
2.048391819000244141e+00
-9.498593211174011230e-01
