1.296320319175720215e+00
-1.369972348213195801e+00
-1.483160138130187988e+00
-1.930973172187805176e+00
9.707904458045959473e-01
1.510321617126464844e+00
1.103204727172851562e+00
-9.726604819297790527e-01
4.220657795667648315e-02
1.631478428840637207e+00
1.335346937179565430e+00
-6.335327625274658203e-01
1.702558636665344238e+00
-1.687574982643127441e+00
9.725256562232971191e-01
-1.665239453315734863e+00
6.049388647079467773e-01
-2.143079280853271484e+00
-2.084950923919677734e+00
1.969050049781799316e+00
2.490854740142822266e+00
-4.355879783630371094e+00
-6.308372020721435547e-01
3.928425550460815430e+00
1.297212481498718262e+00
4.087361097335815430e-01
1.517350673675537109e+00
-4.447408676147460938e+00
-2.199154376983642578e+00
-6.479140281677246094e+00
-5.789088606834411621e-01
1.211903333663940430e+00
-7.170327186584472656e+00
-4.767938613891601562e+00
3.707380533218383789e+00
1.189882159233093262e+00
-2.731337547302246094e+00
-7.961904406547546387e-01
9.626204967498779297e-01
1.193078517913818359e+00
-2.685279130935668945e+00
2.769543647766113281e+00
2.008254677057266235e-01
1.442239999771118164e+00
1.411508679389953613e+00
4.238495826721191406e-01
1.044173359870910645e+00
2.212137937545776367e+00
1.551205754280090332e+00
-2.186019897460937500e+00
-9.444325566291809082e-01
-3.854713439941406250e+00
2.758682012557983398e+00
-2.528533697128295898e+00
2.959282875061035156e+00
1.390861988067626953e+00
-2.241474866867065430e+00
5.292731523513793945e-01
-1.075646877288818359e+00
-4.918685555458068848e-01
1.408901572227478027e+00
