-8.856088519096374512e-01
-2.028944969177246094e+00
6.736196279525756836e-01
-8.562206029891967773e-01
-1.469339370727539062e+00
1.306068778038024902e+00
6.793783903121948242e-01
-1.406809449195861816e+00
1.978590726852416992e+00
-8.746512532234191895e-01
2.469338893890380859e+00
1.352442502975463867e+00
-1.030104398727416992e+00
2.075146198272705078e+00
1.104330182075500488e+00
-8.001565933227539062e-01
1.579928755760192871e+00
-1.811949729919433594e+00
1.508012413978576660e+00
-7.160376906394958496e-01
3.246672630310058594e+00
-1.854822993278503418e+00
4.274089261889457703e-02
2.855826318264007568e-01
9.195419549942016602e-01
-1.237563371658325195e+00
-2.579755485057830811e-01
-1.061627388000488281e+00
1.826752662658691406e+00
3.459578752517700195e+00
5.849483966827392578e+00
4.294609725475311279e-01
-5.641688823699951172e+00
4.812479019165039062e+00
-7.618572115898132324e-01
-3.967330932617187500e+00
-5.060783028602600098e-01
3.054163932800292969e+00
1.474660754203796387e+00
1.799856066703796387e+00
-2.258298158645629883e+00
-1.855769157409667969e+00
2.503367662429809570e-01
-1.421077251434326172e-01
-1.565382719039916992e+00
7.684471011161804199e-01
5.384233593940734863e-01
-1.055802822113037109e+00
-1.757337331771850586e+00
2.537153482437133789e+00
-1.352781057357788086e+00
7.752708792686462402e-01
4.390737056732177734e+00
1.149308323860168457e+00
-2.257618427276611328e+00
-3.320648431777954102e+00
-1.120918989181518555e+00
1.359573602676391602e+00
-1.931658625602722168e+00
-1.335096359252929688e+00
1.245708942413330078e+00
