-1.568055033683776855e+00
-7.341228127479553223e-01
1.720256686210632324e+00
-1.707314133644104004e+00
-2.045476436614990234e+00
1.352878928184509277e+00
1.426433324813842773e+00
1.943448424339294434e+00
-2.472974300384521484e+00
-1.018245100975036621e+00
8.719987869262695312e-01
7.388545274734497070e-01
-9.716003537178039551e-01
-7.826802134513854980e-01
8.299469947814941406e-01
1.504773616790771484e+00
7.430162429809570312e-01
-5.608595609664916992e-01
-1.769812822341918945e+00
1.886919736862182617e+00
-1.546195507049560547e+00
-6.017007827758789062e-01
5.966762542724609375e+00
1.165413737297058105e+00
8.911335468292236328e-01
-3.671142101287841797e+00
-5.886859893798828125e+00
6.333657741546630859e+00
1.001358866691589355e+00
2.112164348363876343e-01
3.051628351211547852e+00
6.974842548370361328e-01
-4.149042129516601562e+00
-1.143745422363281250e+00
4.423474788665771484e+00
-3.626537799835205078e+00
-1.649785041809082031e+00
3.412236213684082031e+00
7.041565895080566406e+00
-2.023916721343994141e+00
-1.763502955436706543e+00
3.620050251483917236e-01
-1.227922201156616211e+00
-1.222682952880859375e+00
1.571195483207702637e+00
-3.052334070205688477e+00
3.177643060684204102e+00
1.921473741531372070e+00
-1.107168197631835938e+00
-6.494550406932830811e-02
-2.732969760894775391e+00
-3.742465972900390625e-01
-3.897926330566406250e+00
6.251511573791503906e-01
-3.932779788970947266e+00
1.304405927658081055e+00
2.211200475692749023e+00
2.737498760223388672e+00
2.611298322677612305e+00
-1.268280148506164551e+00
-5.034342408180236816e-01
