1.072089672088623047e+00
1.492827057838439941e+00
-1.846766829490661621e+00
-1.693055510520935059e+00
-8.903515338897705078e-01
-8.573042154312133789e-01
1.627074837684631348e+00
-4.149225950241088867e-01
1.390188813209533691e+00
-1.321441054344177246e+00
1.196455836296081543e+00
2.343775033950805664e+00
1.770830869674682617e+00
1.534613609313964844e+00
-7.985664606094360352e-01
-1.585891842842102051e+00
-1.618435740470886230e+00
9.040341973304748535e-01
9.413512945175170898e-01
-1.777490973472595215e+00
-9.714910984039306641e-01
-2.675713062286376953e+00
-5.493254661560058594e+00
2.308374881744384766e+00
-9.026212096214294434e-01
2.165225505828857422e+00
-1.747111231088638306e-01
2.557970762252807617e+00
1.054712295532226562e+00
2.794701576232910156e+00
3.568414926528930664e+00
6.964863777160644531e+00
-3.300033807754516602e-01
2.291849613189697266e+00
-5.770014524459838867e-01
3.006892800331115723e-01
9.208080172538757324e-01
1.016991019248962402e+00
9.785696864128112793e-01
-6.434356570243835449e-01
-1.089310646057128906e+00
-2.008715867996215820e+00
-3.056356906890869141e+00
-1.739802479743957520e+00
-7.023861259222030640e-02
2.112060070037841797e+00
7.316248416900634766e-01
-2.104949951171875000e+00
-2.611930370330810547e+00
-2.539474248886108398e+00
-1.400138974189758301e+00
-2.087198972702026367e+00
6.427112817764282227e-01
2.561652898788452148e+00
-5.287951231002807617e-02
-8.870812058448791504e-01
1.641965031623840332e+00
1.432488262653350830e-01
9.554817527532577515e-02
1.929368376731872559e-01
1.174761891365051270e+00
