-3.653870820999145508e-01
1.159146189689636230e+00
2.125499248504638672e+00
1.607569932937622070e+00
-1.463641643524169922e+00
-7.975194454193115234e-01
1.262358903884887695e+00
-1.090890288352966309e+00
-5.535523891448974609e-01
-7.848633527755737305e-01
-1.120187759399414062e+00
-1.050664782524108887e+00
9.735856652259826660e-01
-1.050512075424194336e+00
-3.110871791839599609e+00
1.007583498954772949e+00
1.924395442008972168e+00
1.492919564247131348e+00
1.371365785598754883e-01
1.524912238121032715e+00
2.620399713516235352e+00
9.637144207954406738e-02
1.551544308662414551e+00
6.790780067443847656e+00
-1.512514233589172363e+00
3.091580629348754883e+00
-4.661809921264648438e+00
1.614505201578140259e-01
-2.727510452270507812e+00
1.137747764587402344e+00
-6.557198762893676758e-01
-3.473610877990722656e+00
-4.111656174063682556e-02
2.294467210769653320e+00
-9.503747940063476562e+00
-2.137454509735107422e+00
-7.176569461822509766e+00
5.380026817321777344e+00
6.119526624679565430e-01
-3.896709203720092773e+00
4.212820053100585938e+00
-8.434420228004455566e-01
1.277761697769165039e+00
1.527566194534301758e+00
1.400059819221496582e+00
3.804474592208862305e+00
6.331916332244873047e+00
-9.867367148399353027e-01
2.430023670196533203e+00
2.644762098789215088e-01
4.771105647087097168e-01
-3.282210588455200195e+00
5.878250598907470703e-01
-2.254416704177856445e+00
-3.510574996471405029e-01
6.686351895332336426e-01
-1.888567328453063965e+00
-1.833458542823791504e+00
-5.401322841644287109e+00
-2.335937261581420898e+00
-9.924514889717102051e-01
