1.079078793525695801e+00
-1.734469532966613770e+00
-1.325061082839965820e+00
3.043334782123565674e-01
1.394741296768188477e+00
8.219466805458068848e-01
-8.715978860855102539e-01
-4.452998191118240356e-02
-1.504834532737731934e+00
-1.491611719131469727e+00
-9.561820030212402344e-01
2.008506298065185547e+00
-3.462702929973602295e-01
3.890242576599121094e-01
-1.100863456726074219e+00
1.592414259910583496e+00
-1.193613767623901367e+00
5.998035073280334473e-01
1.755437612533569336e+00
1.299149274826049805e+00
-2.158358097076416016e+00
2.419861078262329102e+00
3.365004062652587891e-02
-5.176905393600463867e-01
-6.098950862884521484e+00
-4.239727973937988281e+00
-4.246161937713623047e+00
2.121901988983154297e+00
1.522715806961059570e+00
1.604519248008728027e+00
1.650368452072143555e+00
3.007611751556396484e+00
8.270447254180908203e-01
-1.298302412033081055e+00
1.489235520362854004e+00
-6.012130975723266602e-01
-1.813434958457946777e+00
-5.257884860038757324e-01
2.753579139709472656e+00
6.485523223876953125e+00
1.858329415321350098e+00
2.199415683746337891e+00
-1.028693199157714844e+00
-4.386251568794250488e-01
3.255403995513916016e+00
-3.588955402374267578e+00
-3.540860414505004883e+00
-2.820586204528808594e+00
-1.300102829933166504e+00
-7.225660681724548340e-01
1.139018058776855469e+00
2.345245361328125000e+00
9.212710857391357422e-01
-1.041888475418090820e+00
-8.338013291358947754e-01
-7.520609498023986816e-01
2.754343032836914062e+00
-3.775684833526611328e-01
1.088740676641464233e-01
-4.236610889434814453e+00
2.094873189926147461e+00
