5.630940914154052734e+00
-1.457175165414810181e-01
-1.068411231040954590e+00
-8.143586516380310059e-01
-8.983364701271057129e-01
-5.393248081207275391e+00
2.021966457366943359e+00
-2.904460728168487549e-01
6.689400076866149902e-01
-2.251562833786010742e+00
9.700167775154113770e-01
1.440487742424011230e+00
1.139409542083740234e+00
1.072209000587463379e+00
2.856442630290985107e-01
1.147518873214721680e+00
-1.158681154251098633e+00
-2.368551492691040039e+00
1.651869654655456543e+00
1.408587455749511719e+00
2.851041555404663086e+00
9.310442805290222168e-01
-2.751148700714111328e+00
4.153275012969970703e+00
3.353275537490844727e+00
-2.736078977584838867e+00
-6.276620626449584961e-01
-4.186447620391845703e+00
-1.422336101531982422e+00
-2.211705446243286133e+00
1.259266138076782227e+00
6.048468112945556641e+00
-9.955120086669921875e-01
3.259524583816528320e+00
3.977946996688842773e+00
1.442719548940658569e-01
-5.145717620849609375e+00
7.287495613098144531e+00
1.785157918930053711e+00
1.451291799545288086e+00
-3.606779575347900391e+00
-8.978544473648071289e-01
2.132929086685180664e+00
-3.287699460983276367e+00
2.858736991882324219e+00
-3.965291976928710938e+00
-1.403517842292785645e+00
-4.924698829650878906e+00
-1.082753300666809082e+00
-2.257019042968750000e+00
-1.838596165180206299e-01
-6.084344387054443359e+00
1.166903853416442871e+00
3.750266790390014648e+00
-4.924244403839111328e+00
3.874435424804687500e-01
-5.009943962097167969e+00
-1.615303516387939453e+00
-1.447384595870971680e+00
-9.686193466186523438e-01
1.928713798522949219e+00
