-1.792081743478775024e-01
-1.178442761301994324e-01
2.192055702209472656e+00
2.176200151443481445e+00
-2.526220679283142090e-01
3.209591805934906006e-01
2.053793907165527344e+00
-4.638024270534515381e-01
1.488900370895862579e-02
-1.324444711208343506e-01
1.523356676101684570e+00
-4.128267467021942139e-01
-1.388315200805664062e+00
-6.781709790229797363e-01
1.907121419906616211e+00
1.497274190187454224e-01
1.148347139358520508e+00
-1.038523077964782715e+00
1.161833405494689941e+00
-1.095975518226623535e+00
1.864738464355468750e+00
1.718795061111450195e+00
-2.447182893753051758e+00
4.108916759490966797e+00
1.062689304351806641e+00
-2.521069765090942383e+00
4.084470272064208984e+00
1.922805607318878174e-01
1.195112705230712891e+00
-2.873837232589721680e+00
-5.311804294586181641e+00
-7.950941920280456543e-01
-3.655946254730224609e+00
-2.406176328659057617e+00
4.172853469848632812e+00
-4.892261028289794922e-01
-1.318624019622802734e+00
4.010113716125488281e+00
1.699930548667907715e+00
-5.890886113047599792e-02
-2.354719638824462891e+00
-1.642213225364685059e+00
1.093196868896484375e+00
3.383935213088989258e+00
1.933031439781188965e+00
3.793350458145141602e+00
-3.842649698257446289e+00
1.611941903829574585e-01
5.429651141166687012e-01
-7.255687236785888672e+00
2.958269119262695312e+00
1.391707777976989746e+00
2.914503812789916992e+00
-2.899794101715087891e+00
2.402865886688232422e+00
6.603232026100158691e-01
-1.313394904136657715e+00
3.554593563079833984e+00
-7.398395538330078125e-01
-8.840711712837219238e-01
-2.545166730880737305e+00
