3.982724249362945557e-01
1.256389975547790527e+00
1.017793178558349609e+00
1.675196170806884766e+00
8.831734657287597656e-01
2.236518144607543945e+00
1.418431162834167480e+00
2.645005464553833008e+00
-6.985372304916381836e-01
-7.492000460624694824e-01
-4.036617279052734375e-01
-9.043794274330139160e-01
9.619044065475463867e-01
1.318537831306457520e+00
-3.237582147121429443e-01
8.417782187461853027e-01
1.709297895431518555e+00
1.603023171424865723e+00
1.202884793281555176e+00
5.429448485374450684e-01
2.661157369613647461e+00
-3.532306909561157227e+00
2.881915807723999023e+00
-1.516878008842468262e+00
1.542360544204711914e+00
-1.633415222167968750e-01
4.853290557861328125e+00
3.946331515908241272e-02
-2.351946830749511719e+00
1.221665978431701660e+00
1.233531832695007324e+00
4.213940143585205078e+00
-3.875516176223754883e+00
-2.771125078201293945e+00
1.853903532028198242e+00
5.157203078269958496e-01
1.559452891349792480e+00
1.251556992530822754e+00
-3.508322000503540039e+00
-6.185936927795410156e-01
-2.809311389923095703e+00
2.886833429336547852e+00
-2.955336809158325195e+00
1.664645791053771973e+00
2.701896667480468750e+00
8.727173209190368652e-01
4.329503059387207031e+00
-6.128855943679809570e-01
3.087912559509277344e+00
4.012948513031005859e+00
-1.087872743606567383e+00
3.790168523788452148e+00
3.202547788619995117e+00
3.421764850616455078e+00
-1.511440992355346680e+00
-3.559612333774566650e-01
-1.643021345138549805e+00
2.097893714904785156e+00
-3.730646610260009766e+00
-3.088295698165893555e+00
2.750941753387451172e+00
