-2.080448865890502930e+00
1.732439279556274414e+00
-6.598092913627624512e-01
-1.245655179023742676e+00
-5.098419785499572754e-01
2.315586328506469727e+00
-9.456920623779296875e-01
-7.966655492782592773e-01
-2.368079662322998047e+00
1.637946128845214844e+00
1.072081446647644043e+00
-1.709052920341491699e+00
1.264502763748168945e+00
-2.224632501602172852e+00
1.280301928520202637e+00
1.801784396171569824e+00
-1.452290058135986328e+00
-7.508110404014587402e-01
-5.739099383354187012e-01
-1.333786010742187500e+00
7.697673141956329346e-02
6.253046989440917969e+00
6.870234608650207520e-01
5.107766985893249512e-01
3.089469909667968750e+00
7.169289112091064453e+00
1.624383777379989624e-02
-1.783026218414306641e+00
4.832484126091003418e-01
4.879580438137054443e-01
-1.621130347251892090e+00
-2.057591676712036133e+00
-7.277842164039611816e-01
2.347263574600219727e+00
1.581090211868286133e+00
-4.206258296966552734e+00
3.274716615676879883e+00
6.098927259445190430e-01
-2.938918113708496094e+00
-5.013873100280761719e+00
-9.561489820480346680e-01
3.662515401840209961e+00
-6.334978938102722168e-01
7.681029438972473145e-01
-3.457392454147338867e+00
9.784067273139953613e-01
6.046371459960937500e-01
1.750271677970886230e+00
-7.176496386528015137e-01
-2.510829269886016846e-01
8.061727285385131836e-01
-8.857423067092895508e-01
-2.984761893749237061e-01
1.647869825363159180e+00
-4.456453323364257812e-01
-3.847765207290649414e+00
-3.510690927505493164e+00
-4.368966519832611084e-01
-2.453999996185302734e+00
5.179922580718994141e+00
2.153716325759887695e+00
