1.296440720558166504e+00
7.322534322738647461e-01
-1.996088266372680664e+00
-6.962647438049316406e-01
1.511532187461853027e+00
1.654690265655517578e+00
9.882953763008117676e-01
1.652241826057434082e+00
-2.144151180982589722e-01
1.142322659492492676e+00
1.871227264404296875e+00
3.476957976818084717e-02
-1.257213354110717773e+00
-1.613645315170288086e+00
8.677052259445190430e-01
-9.796963930130004883e-01
9.580226540565490723e-01
1.485149189829826355e-02
1.549196124076843262e+00
1.416863679885864258e+00
-4.286555767059326172e+00
-3.144426822662353516e+00
-3.729520440101623535e-01
4.319295287132263184e-01
-2.794639587402343750e+00
7.094527721405029297e+00
4.085239887237548828e+00
3.847557783126831055e+00
4.840262830257415771e-01
-8.142177462577819824e-01
-2.251557826995849609e+00
-1.921776890754699707e+00
1.412801384925842285e+00
5.462577819824218750e+00
-6.775257587432861328e+00
-2.018722519278526306e-02
2.468802690505981445e+00
6.824944615364074707e-01
-5.782449245452880859e+00
-2.696221590042114258e+00
-3.146212100982666016e+00
3.141593694686889648e+00
-7.574261426925659180e-01
8.333889245986938477e-01
1.135342121124267578e+00
-4.930493831634521484e+00
6.196435451507568359e+00
2.305100917816162109e+00
-1.662599802017211914e+00
-1.790104389190673828e+00
1.445777297019958496e+00
-2.940590620040893555e+00
-4.812781512737274170e-01
-3.618097782135009766e+00
6.971467494964599609e+00
1.001474484801292419e-01
-3.776711463928222656e+00
8.104488849639892578e-01
-2.663716077804565430e+00
-1.911212563514709473e+00
4.569818496704101562e+00
