-1.738008856773376465e+00
1.059935331344604492e+00
-4.623292982578277588e-01
-1.017812609672546387e+00
2.046618938446044922e+00
1.196801900863647461e+00
1.200407385826110840e+00
1.218025922775268555e+00
-1.177738428115844727e+00
-9.036321043968200684e-01
2.400715351104736328e+00
2.248273134231567383e+00
-1.281891584396362305e+00
-2.094380378723144531e+00
1.557632327079772949e+00
1.248077988624572754e+00
-2.517449140548706055e+00
2.056785821914672852e+00
9.409043788909912109e-01
-1.042084693908691406e+00
9.081772714853286743e-02
2.038420587778091431e-01
1.355167508125305176e+00
-1.960338711738586426e+00
-3.578523635864257812e+00
-5.917476177215576172e+00
1.639943867921829224e-01
2.631050586700439453e+00
-3.440383434295654297e+00
3.959106683731079102e+00
-3.252647221088409424e-01
-3.969707012176513672e+00
4.084807872772216797e+00
3.377184629440307617e+00
-1.590480059385299683e-01
5.542299747467041016e-01
-5.887295007705688477e-01
2.680200934410095215e-01
5.632456779479980469e+00
-2.771785974502563477e+00
-2.509724617004394531e+00
-8.979606628417968750e-01
-6.465410232543945312e+00
-4.226692318916320801e-01
3.474231481552124023e+00
-4.845508575439453125e+00
-4.251825213432312012e-01
-2.314924001693725586e+00
1.365216851234436035e+00
-4.227314949035644531e+00
2.550119161605834961e-01
-3.440583944320678711e+00
4.623512744903564453e+00
8.794989585876464844e-01
-2.147751808166503906e+00
-5.698314905166625977e-01
5.508207678794860840e-01
9.053717851638793945e-01
-4.575612068176269531e+00
-4.085553646087646484e+00
3.623318195343017578e+00
