1.021671175956726074e+00
1.959766626358032227e+00
-1.330511569976806641e+00
-2.137125968933105469e+00
-1.736218094825744629e+00
-2.213560342788696289e+00
-1.933524131774902344e+00
-2.136676549911499023e+00
-2.001601219177246094e+00
-1.268355369567871094e+00
-1.637822628021240234e+00
-7.107743620872497559e-01
-2.714920043945312500e-01
2.306133270263671875e+00
-1.223552465438842773e+00
-2.248818397521972656e+00
-1.668455958366394043e+00
1.743851423263549805e+00
-1.397615671157836914e+00
-1.834600090980529785e+00
2.269151449203491211e+00
-3.484301805496215820e+00
-3.914480447769165039e+00
3.768034458160400391e+00
-5.291235446929931641e-01
1.189721941947937012e+00
-2.524204969406127930e+00
4.598463535308837891e+00
-6.512639522552490234e-01
2.970480203628540039e+00
-1.708670973777770996e+00
2.753303050994873047e+00
-2.310603380203247070e+00
-9.433518409729003906e+00
-1.711697101593017578e+00
9.225912094116210938e+00
-4.814933300018310547e+00
-2.219958782196044922e+00
-4.447704315185546875e+00
-5.149526119232177734e+00
1.913010954856872559e+00
1.158720970153808594e+00
9.996348023414611816e-01
-2.676267921924591064e-01
-2.429617643356323242e+00
-7.267599105834960938e-01
6.339397281408309937e-02
-2.126694202423095703e+00
2.736647844314575195e+00
4.333445072174072266e+00
-1.789052486419677734e+00
-3.507329702377319336e+00
-2.484383106231689453e+00
1.557915091514587402e+00
3.312299728393554688e+00
2.903015851974487305e+00
-7.244261741638183594e+00
-9.613046646118164062e-01
3.203673362731933594e+00
4.047516822814941406e+00
-5.244321227073669434e-01
