-1.061174511909484863e+00
1.188586577773094177e-01
1.600798964500427246e+00
-1.460104584693908691e+00
1.146194219589233398e+00
5.588182210922241211e-01
-5.523965954780578613e-01
1.641245931386947632e-01
-1.898801445960998535e+00
1.944314837455749512e+00
-2.196660339832305908e-01
-1.307721853256225586e+00
-1.485426068305969238e+00
1.076615333557128906e+00
1.103235840797424316e+00
-1.531241893768310547e+00
5.056027770042419434e-01
-1.976723432540893555e+00
-1.603820562362670898e+00
-1.519939064979553223e+00
-2.216031253337860107e-01
-2.225213766098022461e+00
-6.573932766914367676e-01
4.174949228763580322e-01
-2.690618038177490234e+00
2.123824834823608398e+00
3.360368311405181885e-01
5.032643675804138184e-01
7.520734310150146484e+00
-4.207244396209716797e+00
-6.621469259262084961e-01
-3.085593700408935547e+00
2.106492042541503906e+00
-4.209898471832275391e+00
2.377475261688232422e+00
-6.383837223052978516e+00
7.912728190422058105e-01
-4.308693885803222656e+00
-5.968431472778320312e+00
-9.913754463195800781e-01
-4.598988294601440430e-01
2.438220828771591187e-01
-4.157632291316986084e-01
1.725839376449584961e-01
-2.477120161056518555e+00
-1.705437541007995605e+00
1.071534037590026855e+00
-1.533419370651245117e+00
2.891396045684814453e+00
1.668824553489685059e+00
1.509252190589904785e+00
-2.242738485336303711e+00
-1.390358686447143555e+00
3.819010257720947266e+00
3.353995084762573242e+00
-2.963523864746093750e+00
-1.269168257713317871e+00
2.636341571807861328e+00
2.188844680786132812e+00
-8.819026947021484375e-01
1.259815812110900879e+00
