-9.690946936607360840e-01
-1.369089365005493164e+00
-1.171035289764404297e+00
-1.584546089172363281e+00
-1.529976367950439453e+00
9.964005351066589355e-01
-1.671386837959289551e+00
-1.854267954826354980e+00
1.222571849822998047e+00
-1.138059854507446289e+00
-3.081381082534790039e+00
1.645010828971862793e+00
1.441438674926757812e+00
1.513864278793334961e+00
-1.088284969329833984e+00
2.033367633819580078e+00
5.203304886817932129e-01
-1.313513875007629395e+00
8.380373120307922363e-01
-1.208184123039245605e+00
-2.084021329879760742e+00
2.229182720184326172e+00
6.209860444068908691e-01
5.100471496582031250e+00
2.145138978958129883e+00
-2.082798004150390625e+00
-6.901443481445312500e+00
-2.938168287277221680e+00
-2.111045837402343750e+00
1.018267750740051270e+00
3.733532190322875977e+00
-2.182096958160400391e+00
2.544456243515014648e+00
-1.273474246263504028e-01
4.792373657226562500e+00
-4.093815326690673828e+00
4.352529048919677734e+00
4.054247856140136719e+00
-4.431960105895996094e+00
-5.410549163818359375e+00
8.399844169616699219e-01
1.992458939552307129e+00
1.311892509460449219e+00
3.699951410293579102e+00
-8.892226219177246094e-01
4.590101540088653564e-01
2.352005958557128906e+00
1.779353737831115723e+00
4.993542432785034180e-01
-1.418330550193786621e+00
-5.417792797088623047e-01
2.959994040429592133e-02
2.194897651672363281e+00
-7.555484306067228317e-03
3.081508636474609375e+00
-1.382833480834960938e+00
4.875790596008300781e+00
-4.924499034881591797e+00
4.907148361206054688e+00
-3.345851898193359375e+00
-3.139722108840942383e+00
