2.379673480987548828e+00
-1.214895129203796387e+00
-7.711584568023681641e-01
-1.276268482208251953e+00
1.389025449752807617e+00
-1.079316854476928711e+00
-8.561722636222839355e-01
1.547714471817016602e+00
-2.394262313842773438e+00
1.610746026039123535e+00
1.706364154815673828e+00
6.748681068420410156e-01
1.644685029983520508e+00
-1.444885492324829102e+00
1.803679585456848145e+00
-1.216793298721313477e+00
-1.202988505363464355e+00
1.473342537879943848e+00
2.000866889953613281e+00
7.755879163742065430e-01
1.217517614364624023e+00
3.398580789566040039e+00
-2.359373807907104492e+00
3.804243326187133789e+00
-2.622477531433105469e+00
3.369925975799560547e+00
-5.853564143180847168e-01
-2.179910659790039062e+00
-6.495502948760986328e+00
2.975389957427978516e-01
-5.250566482543945312e+00
-1.650596976280212402e+00
3.091313362121582031e+00
-6.516107916831970215e-02
-4.671098589897155762e-01
4.936479032039642334e-03
9.091433286666870117e-01
3.260837197303771973e-01
5.410591125488281250e+00
2.021871805191040039e+00
-4.814100563526153564e-01
2.151174306869506836e+00
2.326929330825805664e+00
-2.232202053070068359e+00
2.312844276428222656e+00
-1.971237182617187500e+00
-1.368286371231079102e+00
-1.181017041206359863e+00
2.958983421325683594e+00
7.722335457801818848e-01
-2.839066267013549805e+00
2.016804413869976997e-03
-1.961818695068359375e+00
1.683784425258636475e-01
-1.165636777877807617e-01
4.458785355091094971e-01
6.858201026916503906e-01
6.815534830093383789e-01
5.273486137390136719e+00
6.311452984809875488e-01
5.502684712409973145e-01
