3.289841890335083008e+00
-1.298738002777099609e+00
1.944705247879028320e-01
-1.084298133850097656e+00
1.203976392745971680e+00
1.568471074104309082e+00
-6.031825542449951172e-01
-1.851053833961486816e-01
3.690759181976318359e+00
-9.921592473983764648e-01
2.230057306587696075e-02
7.569026350975036621e-01
-6.997423768043518066e-01
6.722221374511718750e-01
-3.373208522796630859e+00
2.117722749710083008e+00
1.972865700721740723e+00
2.280552864074707031e+00
2.097696304321289062e+00
-1.849142313003540039e+00
6.718129634857177734e+00
-1.757785916328430176e+00
1.396499872207641602e+00
-2.471904277801513672e+00
3.171872138977050781e+00
-3.669961214065551758e+00
-1.914826869964599609e+00
8.244765996932983398e-01
-1.012585520744323730e+00
-1.158212900161743164e+00
1.400139451026916504e+00
6.650407910346984863e-01
2.295634269714355469e+00
-1.413457632064819336e+00
-6.874578475952148438e+00
-1.016922712326049805e+00
4.994171619415283203e+00
-2.587104320526123047e+00
1.837676644325256348e+00
6.026394367218017578e+00
5.719635963439941406e+00
-1.886462420225143433e-01
-1.550783514976501465e+00
1.295766472816467285e+00
-3.777865171432495117e+00
1.506709575653076172e+00
-1.660815358161926270e+00
-2.956607103347778320e+00
1.652153208851814270e-02
2.192211866378784180e+00
9.894238710403442383e-01
-1.992366313934326172e-01
2.398088693618774414e+00
-3.158168792724609375e+00
4.974560260772705078e+00
8.931885957717895508e-01
3.396677255630493164e+00
6.904125213623046875e-01
8.629046082496643066e-01
-1.808578610420227051e+00
9.810324907302856445e-01
