-1.480379819869995117e+00
-1.780063956975936890e-01
-1.841195464134216309e+00
9.671177864074707031e-01
1.655541658401489258e+00
9.001762866973876953e-01
1.401617288589477539e+00
-1.519594430923461914e+00
-2.104567527770996094e+00
-1.510848522186279297e+00
2.749952375888824463e-01
-1.899782657623291016e+00
-1.113055467605590820e+00
8.681281208992004395e-01
-1.489860773086547852e+00
-1.034537479281425476e-01
-1.854915618896484375e+00
-1.085388660430908203e+00
-3.868847340345382690e-02
-2.315422058105468750e+00
-1.295483708381652832e-01
-2.407018691301345825e-01
8.068605422973632812e+00
-3.219947099685668945e+00
1.771604418754577637e+00
-2.071231603622436523e+00
5.254158973693847656e+00
-5.985000133514404297e+00
4.401274681091308594e+00
8.772113323211669922e-01
-5.538576245307922363e-01
-1.288125276565551758e+00
4.698558807373046875e+00
1.715755701065063477e+00
1.456013202667236328e+00
4.285995483398437500e+00
-3.925497531890869141e+00
-4.861338615417480469e+00
1.064688086509704590e+00
1.726958274841308594e+00
1.155887484550476074e+00
-2.395931482315063477e+00
-3.045642614364624023e+00
3.046306610107421875e+00
-1.381414413452148438e+00
-3.576779842376708984e+00
-6.828246593475341797e+00
-8.587603569030761719e+00
-1.678148865699768066e+00
-8.733690381050109863e-01
6.399341821670532227e-01
-9.719215631484985352e-01
5.497065067291259766e+00
1.845359086990356445e+00
1.709215760231018066e+00
3.392321109771728516e+00
1.133899092674255371e+00
3.146795988082885742e+00
5.240519046783447266e-01
-1.215865731239318848e+00
-4.193861007690429688e+00
