2.368776559829711914e+00
-1.464280128479003906e+00
1.598983526229858398e+00
-3.904791176319122314e-01
-8.921326994895935059e-01
-1.747900247573852539e+00
1.659564971923828125e+00
-1.065355896949768066e+00
6.041648611426353455e-02
-1.344298124313354492e+00
1.495525598526000977e+00
-4.470110535621643066e-01
-1.102430343627929688e+00
3.466884791851043701e-02
-6.770144701004028320e-01
-1.107308864593505859e+00
-2.435882329940795898e+00
2.873883962631225586e+00
-3.251528024673461914e+00
1.411588549613952637e+00
-6.603260636329650879e-01
1.306874275207519531e+00
6.383880138397216797e+00
-1.677591919898986816e+00
3.870201110839843750e+00
3.388649225234985352e-01
4.443038463592529297e+00
1.623023152351379395e+00
-2.636470556259155273e+00
-4.188770771026611328e+00
6.301563262939453125e+00
-2.050662517547607422e+00
4.122968673706054688e+00
1.621666312217712402e+00
-5.230529904365539551e-01
-3.888060808181762695e+00
-2.293669939041137695e+00
-3.868454396724700928e-01
-5.418969392776489258e-01
-4.916190624237060547e+00
-2.345982939004898071e-01
-2.715122997760772705e-01
3.589510202407836914e+00
-3.495946884155273438e+00
-3.504752874374389648e+00
-1.348673552274703979e-01
-2.728870630264282227e+00
1.117104649543762207e+00
2.257958412170410156e+00
-3.505891561508178711e+00
-5.535906791687011719e+00
-3.111687183380126953e+00
6.206406593322753906e+00
-1.753352165222167969e+00
-6.921702623367309570e-01
3.398137569427490234e+00
8.433797359466552734e-01
3.727374076843261719e-01
9.771470725536346436e-02
4.105093479156494141e+00
3.290780544281005859e+00
