-1.186219215393066406e+00
1.219368696212768555e+00
1.277235269546508789e+00
8.535718917846679688e-01
1.236897110939025879e+00
-8.164501786231994629e-01
1.096562743186950684e+00
-1.199089884757995605e+00
8.688175082206726074e-01
5.838968157768249512e-01
-1.097310185432434082e+00
1.888983845710754395e+00
4.297841340303421021e-03
-1.840078115463256836e+00
9.654892683029174805e-01
6.314809322357177734e-01
-1.092209458351135254e+00
-2.066983938217163086e+00
-5.094759464263916016e-01
-1.224418997764587402e+00
-5.975565910339355469e+00
5.016618251800537109e+00
-3.914229869842529297e+00
-2.142511606216430664e+00
1.393241524696350098e+00
3.102423846721649170e-01
5.807421684265136719e+00
-3.628747224807739258e+00
-2.983798682689666748e-01
7.022287249565124512e-01
-5.250465869903564453e-01
-8.294116020202636719e+00
9.223474860191345215e-01
2.412126302719116211e+00
1.956045269966125488e+00
-1.797924041748046875e-01
-1.781641840934753418e+00
-5.156171917915344238e-01
8.784476518630981445e-01
5.230549812316894531e+00
2.489141225814819336e+00
-1.613701701164245605e+00
-2.453451156616210938e+00
2.896240234375000000e+00
9.307259321212768555e-01
-9.624621868133544922e-01
4.131226539611816406e+00
-2.754161119461059570e+00
-3.738483190536499023e-01
-4.526361823081970215e-01
3.186873793601989746e-01
-2.712024688720703125e+00
4.718413054943084717e-01
1.538687586784362793e+00
-1.232938654720783234e-02
3.226551413536071777e-01
1.874877333641052246e+00
5.453239083290100098e-01
-4.714711606502532959e-01
-3.451567888259887695e+00
-1.441538810729980469e+00
