1.235303044319152832e+00
1.137424707412719727e+00
-1.267707228660583496e+00
1.596701979637145996e+00
8.323386907577514648e-01
5.082516670227050781e-01
-1.689682960510253906e+00
-7.240511775016784668e-01
4.618781208992004395e-01
1.240715980529785156e+00
1.497135400772094727e+00
-1.289169788360595703e-01
6.257874369621276855e-01
1.219498634338378906e+00
1.181792497634887695e+00
1.149133443832397461e+00
6.907937526702880859e-01
1.046741247177124023e+00
-8.744558691978454590e-01
-2.364053249359130859e+00
-6.886196732521057129e-01
4.009093761444091797e+00
4.926136136054992676e-01
-5.595800876617431641e+00
4.449919223785400391e+00
-2.424581527709960938e+00
-3.373612880706787109e+00
-1.479981392621994019e-01
8.262726664543151855e-01
-6.606491804122924805e-01
-6.048529744148254395e-01
3.597538173198699951e-01
2.205938100814819336e+00
-4.589826464653015137e-01
8.296290040016174316e-02
-5.261657834053039551e-01
-5.186908245086669922e-01
-3.798611640930175781e+00
8.596031069755554199e-01
3.342002630233764648e+00
-1.092243194580078125e-01
1.566584706306457520e+00
3.659106791019439697e-01
-1.826645731925964355e+00
2.511559724807739258e+00
-1.262344837188720703e+00
-9.992757439613342285e-01
-5.075358748435974121e-01
9.560120701789855957e-01
-1.361978948116302490e-01
-4.260336756706237793e-01
2.758195877075195312e+00
-4.082845211029052734e+00
-1.925569176673889160e-01
7.197038531303405762e-01
-2.275760918855667114e-01
-3.457046449184417725e-01
3.326005697250366211e+00
4.106680750846862793e-01
-9.908539652824401855e-01
-2.117090463638305664e+00
