-2.283719062805175781e+00
3.432048857212066650e-01
-1.293574452400207520e+00
3.962481021881103516e+00
-7.008149623870849609e-01
-4.755229949951171875e-01
-8.865553140640258789e-01
-6.975846886634826660e-01
-8.319924026727676392e-02
-1.071371078491210938e+00
2.818517684936523438e+00
5.014200806617736816e-01
-4.637467861175537109e-01
-2.138886600732803345e-01
1.154427409172058105e+00
-1.360909827053546906e-02
-1.113660216331481934e+00
-1.012891173362731934e+00
1.342523097991943359e-01
8.356493711471557617e-01
4.831740856170654297e+00
2.218658924102783203e+00
5.033582210540771484e+00
3.300894737243652344e+00
-3.234276056289672852e+00
-2.844360828399658203e+00
-1.715480208396911621e+00
-2.071994304656982422e+00
-2.337963819503784180e+00
3.995437383651733398e+00
2.273890495300292969e+00
-2.772881031036376953e+00
-2.585890531539916992e+00
-2.676197290420532227e+00
6.224001646041870117e-01
-1.496650695800781250e+00
-3.054134845733642578e+00
4.323641777038574219e+00
2.262502431869506836e+00
-2.201872915029525757e-01
3.748615682125091553e-01
-1.092001438140869141e+00
3.823413610458374023e+00
-6.176161170005798340e-01
3.235681533813476562e+00
-2.184618234634399414e+00
5.566169023513793945e-01
7.324075102806091309e-01
1.285137653350830078e+00
-2.903091430664062500e+00
1.284897208213806152e+00
-1.766869306564331055e+00
-1.288586735725402832e+00
-4.730846881866455078e-01
-5.975890755653381348e-01
1.054242610931396484e+00
-2.036851882934570312e+00
-2.291897058486938477e+00
-6.549085974693298340e-01
5.271081328392028809e-01
1.543315291404724121e+00
