-4.025918841361999512e-01
2.244015455245971680e+00
1.657298564910888672e+00
1.631961584091186523e+00
-1.647134900093078613e+00
4.522073268890380859e-01
-5.660169124603271484e-01
1.226476788520812988e+00
-1.844481945037841797e+00
5.836437940597534180e-01
-5.318891406059265137e-01
1.188105583190917969e+00
5.055345892906188965e-01
-1.979063391685485840e+00
-6.271637678146362305e-01
-1.695624947547912598e+00
1.801607966423034668e+00
-7.997992038726806641e-01
1.179557442665100098e+00
1.284214854240417480e+00
1.220554709434509277e-01
1.279922425746917725e-01
1.356400370597839355e+00
6.638945579528808594e+00
2.899534940719604492e+00
-6.384063959121704102e-01
-1.022950783371925354e-01
1.734716415405273438e+00
-7.216371536254882812e+00
-1.008751273155212402e+00
5.614947676658630371e-01
-2.205801248550415039e+00
-1.350530266761779785e+00
-1.409746408462524414e+00
-2.604681730270385742e+00
-1.315998077392578125e+00
1.578336954116821289e+00
-4.300696849822998047e-01
1.411923021078109741e-01
-4.155911922454833984e+00
-1.052230000495910645e-01
6.054133176803588867e-01
1.444012641906738281e+00
-3.459119796752929688e+00
-2.091332674026489258e+00
-3.914003372192382812e-01
-3.975571691989898682e-01
-2.069580078125000000e+00
-2.198252677917480469e+00
-2.461637020111083984e+00
1.820818543434143066e+00
-4.641716182231903076e-01
-9.546671509742736816e-01
-1.979023575782775879e+00
-2.411345958709716797e+00
3.309179067611694336e+00
1.673163652420043945e+00
-4.722695350646972656e-01
3.919878229498863220e-02
1.783349037170410156e+00
-5.742494463920593262e-01
