1.695636391639709473e+00
1.592239260673522949e+00
1.761267781257629395e-01
4.977342784404754639e-01
-1.235124945640563965e+00
1.233157634735107422e+00
-3.014806807041168213e-01
1.997735857963562012e+00
7.046105265617370605e-01
-1.488611459732055664e+00
6.610079407691955566e-01
-1.500671505928039551e+00
2.043574154376983643e-01
6.336719393730163574e-01
3.629911243915557861e-01
-1.623234748840332031e+00
-5.555043816566467285e-01
-1.743526816368103027e+00
3.867372572422027588e-01
1.795128583908081055e+00
-1.671530008316040039e+00
-6.909144878387451172e+00
3.336432278156280518e-01
-2.648993015289306641e+00
-7.064641952514648438e+00
-2.565575122833251953e+00
-1.881372213363647461e+00
5.936985015869140625e+00
8.643910288810729980e-01
-3.927917957305908203e+00
9.986333250999450684e-01
1.030307650566101074e+00
-3.422092199325561523e+00
-3.364795207977294922e+00
-6.548396944999694824e-01
2.379868984222412109e+00
6.529828906059265137e-01
3.230345726013183594e+00
1.473530083894729614e-01
2.057749986648559570e+00
2.057694196701049805e+00
-3.797895669937133789e+00
-2.512868940830230713e-01
3.221413373947143555e+00
-4.806939601898193359e+00
-2.295540809631347656e+00
1.414419531822204590e+00
-1.548092007637023926e+00
-1.452109932899475098e+00
-1.860701560974121094e+00
-1.081758260726928711e+00
1.541725754737854004e+00
-2.368978261947631836e+00
4.899167060852050781e+00
4.380100071430206299e-01
1.055934071540832520e+00
-1.162781715393066406e+00
-1.741632461547851562e+00
-3.304320871829986572e-01
1.973846554756164551e+00
-1.489502191543579102e+00
