-2.143023490905761719e+00
-9.798150658607482910e-01
1.141397655010223389e-01
-5.000858902931213379e-01
-1.368978500366210938e+00
6.485585570335388184e-01
1.800745964050292969e+00
1.243088126182556152e+00
6.361175179481506348e-01
-1.757700085639953613e+00
-1.292215108871459961e+00
-1.684859514236450195e+00
1.481950402259826660e+00
7.171307206153869629e-01
-1.616855025291442871e+00
-1.505788683891296387e+00
-6.196169853210449219e-01
1.889668822288513184e+00
-1.788652181625366211e+00
-1.648923397064208984e+00
7.995984554290771484e+00
7.158695459365844727e-01
5.217020399868488312e-03
-2.980595588684082031e+00
-2.735245786607265472e-02
2.535815954208374023e+00
-5.115078926086425781e+00
3.706722974777221680e+00
2.364378690719604492e+00
4.321123600006103516e+00
-1.287953734397888184e+00
-2.997163534164428711e+00
-5.111064910888671875e+00
-9.500243663787841797e-01
-5.434722900390625000e-01
-3.394263267517089844e+00
8.733085393905639648e-01
-6.956292152404785156e+00
1.474068611860275269e-01
-9.255903363227844238e-01
-4.156888008117675781e+00
8.952744007110595703e-01
1.817882418632507324e+00
-5.237533092498779297e+00
9.703559428453445435e-02
-1.572109699249267578e+00
-7.207190394401550293e-01
3.298948526382446289e+00
-3.061933994293212891e+00
1.350049138069152832e+00
1.565714240074157715e+00
-2.055269718170166016e+00
4.228761196136474609e+00
-1.563288211822509766e+00
-6.910113245248794556e-02
2.880122900009155273e+00
-4.344036579132080078e+00
-7.666583538055419922e+00
5.385273098945617676e-01
-5.871144533157348633e-01
-2.595958709716796875e+00
