1.169942617416381836e+00
1.151063323020935059e+00
1.697988510131835938e+00
1.961569786071777344e+00
1.560526609420776367e+00
1.279033899307250977e+00
-1.486497163772583008e+00
-1.627496838569641113e+00
1.290155172348022461e+00
-5.109415054321289062e-01
1.054119706153869629e+00
-2.131222963333129883e+00
-5.319036245346069336e-01
2.423475503921508789e+00
8.088762164115905762e-01
1.558026790618896484e+00
-8.761903643608093262e-01
-1.673826336860656738e+00
1.165137365460395813e-01
1.953165054321289062e+00
-2.360046625137329102e+00
5.222110077738761902e-02
-3.887528181076049805e+00
-5.959994316101074219e+00
5.186387062072753906e+00
-3.695674419403076172e+00
-5.742927551269531250e+00
-1.248727962374687195e-01
2.406393289566040039e+00
-6.885389089584350586e-01
3.104336023330688477e+00
4.433136880397796631e-01
-2.506047248840332031e+00
1.391890525817871094e+00
-1.274819254875183105e+00
-3.330968022346496582e-01
8.004317283630371094e-01
-5.312716364860534668e-01
-1.281361222267150879e+00
7.376563549041748047e+00
1.718928456306457520e+00
2.381759166717529297e+00
-1.962729692459106445e+00
-2.371802806854248047e+00
2.100903987884521484e+00
3.001943826675415039e+00
3.859516143798828125e+00
1.821642518043518066e+00
2.811498165130615234e+00
3.110089302062988281e+00
-2.789427518844604492e+00
1.030744671821594238e+00
-2.974422216415405273e+00
-6.438590884208679199e-01
5.201117992401123047e-01
2.066867589950561523e+00
1.298826575279235840e+00
9.451507031917572021e-02
-1.096931576728820801e+00
2.580872058868408203e+00
-2.372165203094482422e+00
