-2.106852054595947266e+00
1.725647926330566406e+00
-1.831990480422973633e-01
-1.987828254699707031e+00
-5.652157664299011230e-01
4.396611452102661133e-01
1.482775092124938965e+00
-2.397747755050659180e+00
-7.464587092399597168e-01
-1.177863240242004395e+00
2.187251091003417969e+00
1.411368727684020996e+00
2.190763950347900391e-01
3.825251013040542603e-02
1.943605542182922363e-01
1.572314023971557617e+00
-8.029297739267349243e-02
-7.977709174156188965e-01
1.448128104209899902e+00
-4.048571884632110596e-01
-8.171880841255187988e-01
-1.855155110359191895e+00
2.839646115899085999e-02
7.850090503692626953e+00
9.204982221126556396e-02
-6.800559163093566895e-01
-6.077459335327148438e+00
-3.584644794464111328e+00
-2.410077810287475586e+00
3.078352689743041992e+00
-1.156189918518066406e+00
3.846299648284912109e+00
-7.121859192848205566e-01
3.987854480743408203e+00
-5.956722497940063477e-01
6.613886833190917969e+00
-6.811739802360534668e-01
-1.478322148323059082e-01
6.036645412445068359e+00
4.722951054573059082e-01
6.784539222717285156e-01
-7.003889083862304688e-01
-7.674092650413513184e-01
-1.920609235763549805e+00
-1.470663547515869141e-01
2.718918323516845703e+00
-2.815295696258544922e+00
1.089869856834411621e+00
-4.470098495483398438e+00
1.932401657104492188e+00
-5.843993425369262695e-01
-2.192334175109863281e+00
1.293482065200805664e+00
-3.421920537948608398e+00
1.113128304481506348e+00
-5.280152797698974609e+00
-8.711504936218261719e-01
9.605246037244796753e-02
3.404131174087524414e+00
-5.296399593353271484e-01
2.951849460601806641e+00
