-2.355985164642333984e+00
-2.145325422286987305e+00
8.383163213729858398e-01
-1.474618434906005859e+00
-1.456077843904495239e-01
1.748650670051574707e+00
-1.153683423995971680e+00
-1.882063031196594238e+00
2.706409692764282227e+00
-1.860419511795043945e+00
1.204419612884521484e+00
4.371559023857116699e-01
9.995370507240295410e-01
1.971199631690979004e+00
-9.406054615974426270e-01
-1.883147001266479492e+00
1.210327982902526855e+00
1.157096266746520996e+00
-1.232698798179626465e+00
1.665061235427856445e+00
-1.923664212226867676e+00
5.773696899414062500e+00
-2.483551055192947388e-01
-2.890155553817749023e+00
5.306392312049865723e-01
4.637333869934082031e+00
2.944290637969970703e-01
-4.808913707733154297e+00
3.843441009521484375e-01
7.353486537933349609e+00
-4.713496208190917969e+00
-1.918416023254394531e+00
-7.453833222389221191e-01
-2.066143274307250977e+00
2.362741470336914062e+00
-3.097714185714721680e+00
3.991555929183959961e+00
-1.531166583299636841e-01
-2.267124414443969727e+00
1.113010168075561523e+00
9.096392989158630371e-01
-1.562722444534301758e+00
1.350963711738586426e+00
1.850602030754089355e+00
-2.180560111999511719e+00
3.045655012130737305e+00
9.643744230270385742e-01
1.800697207450866699e+00
4.018694758415222168e-01
-3.120126008987426758e+00
-3.890046119689941406e+00
8.992990255355834961e-01
1.013987183570861816e+00
-1.239723920822143555e+00
2.149787187576293945e+00
-2.155154943466186523e+00
-1.069532990455627441e+00
-6.636902689933776855e-01
1.217474102973937988e+00
1.116910576820373535e+00
7.723060250282287598e-01
