-4.614487886428833008e-01
1.489148974418640137e+00
-2.150835037231445312e+00
-1.234780669212341309e+00
8.505258560180664062e-01
2.192444562911987305e+00
-1.881788730621337891e+00
-9.751152396202087402e-01
1.206587672233581543e+00
1.226097345352172852e+00
2.024080991744995117e+00
1.544916391372680664e+00
-7.981842756271362305e-01
3.661097288131713867e-01
1.218971967697143555e+00
-4.834509193897247314e-01
1.281867027282714844e+00
1.113903403282165527e+00
2.108179569244384766e+00
1.914858698844909668e+00
-4.581298232078552246e-01
-4.885961532592773438e+00
-6.243368387222290039e-01
-3.034569501876831055e+00
5.017331242561340332e-01
6.003916263580322266e+00
-7.436902999877929688e+00
-1.953286886215209961e+00
1.703815102577209473e+00
-5.303682804107666016e+00
-2.134528160095214844e+00
-1.287192702293395996e+00
2.176207065582275391e+00
1.105939984321594238e+00
3.473213613033294678e-01
-4.461993277072906494e-01
-5.189069747924804688e+00
4.483045578002929688e+00
-2.749184370040893555e+00
-2.156831264495849609e+00
-5.042639374732971191e-01
2.382133483886718750e+00
-9.265060424804687500e-01
-2.295180797576904297e+00
-1.662455201148986816e+00
-9.903784990310668945e-01
-2.072672128677368164e+00
2.330517292022705078e+00
1.043198466300964355e+00
2.999372243881225586e+00
1.449189662933349609e+00
-8.403100967407226562e-01
2.815918684005737305e+00
1.418863654136657715e+00
-4.264892935752868652e-01
-4.666273593902587891e-01
-3.095469951629638672e+00
-3.162914991378784180e+00
-1.539646744728088379e+00
1.502813100814819336e+00
-1.514785736799240112e-02
