-1.505546331405639648e+00
-7.807971239089965820e-01
9.556409716606140137e-01
-2.275687456130981445e+00
1.727894783020019531e+00
-1.838802814483642578e+00
8.491019010543823242e-01
7.852195501327514648e-01
1.618749260902404785e+00
-1.846538424491882324e+00
8.758753538131713867e-01
1.954755067825317383e+00
-7.168078422546386719e-01
2.291308879852294922e+00
-1.496742010116577148e+00
7.691354155540466309e-01
-1.744327068328857422e+00
-1.246161222457885742e+00
8.311670422554016113e-01
-1.847541689872741699e+00
-1.887704372406005859e+00
-2.802935838699340820e+00
2.462398529052734375e+00
5.857995748519897461e-01
-6.722604751586914062e+00
7.249891281127929688e+00
-2.816204726696014404e-01
1.033455133438110352e+00
-5.062531948089599609e+00
1.433772206306457520e+00
-5.863556638360023499e-02
-2.117611646652221680e+00
-3.578942418098449707e-01
-2.476998329162597656e+00
2.748183727264404297e+00
4.767445623874664307e-01
5.309026241302490234e+00
-2.413732767105102539e+00
1.243031024932861328e+00
2.458473443984985352e+00
-2.415662527084350586e+00
1.274917006492614746e+00
3.070051431655883789e+00
-2.445345222949981689e-01
3.666211128234863281e+00
3.754622697830200195e+00
-1.888839483261108398e+00
-2.454958200454711914e+00
-3.022732496261596680e+00
-2.146164894104003906e+00
6.697506904602050781e-01
-2.350501537322998047e+00
-7.499179244041442871e-01
1.408825993537902832e+00
2.394882202148437500e+00
6.370047330856323242e-01
-3.780533552169799805e+00
9.811862111091613770e-01
-2.206212520599365234e+00
-1.380197048187255859e+00
2.560171857476234436e-02
