-1.814633250236511230e+00
-9.251547455787658691e-01
9.468338489532470703e-01
-1.367769598960876465e+00
4.241448640823364258e-01
3.892738342285156250e+00
-2.004270792007446289e+00
3.439301252365112305e-01
-1.652175903320312500e+00
-2.182075738906860352e+00
-8.942174315452575684e-01
-1.404100179672241211e+00
1.951126933097839355e+00
-1.577741622924804688e+00
9.537069201469421387e-01
-1.365468025207519531e+00
-2.725674390792846680e+00
-2.142890453338623047e+00
-1.940365672111511230e+00
1.293163418769836426e+00
-4.325689673423767090e-01
-5.039752006530761719e+00
3.570767641067504883e+00
-1.968803882598876953e+00
-2.559453964233398438e+00
-1.705153703689575195e+00
6.099153518676757812e+00
-2.660421848297119141e+00
-4.131656289100646973e-01
-3.987533748149871826e-01
-2.083658695220947266e+00
2.102736711502075195e+00
7.210075855255126953e+00
1.048198416829109192e-01
4.414824008941650391e+00
4.106000423431396484e+00
3.559443056583404541e-01
2.924792289733886719e+00
3.967569172382354736e-01
8.256057649850845337e-02
-2.200292110443115234e+00
-1.113353610038757324e+00
-6.805962085723876953e+00
1.119266629219055176e+00
-3.036959171295166016e+00
6.801653653383255005e-02
4.532086849212646484e+00
2.849902868270874023e+00
-2.085765123367309570e+00
1.767394065856933594e+00
-2.905193567276000977e+00
1.973572373390197754e+00
3.710586786270141602e+00
-6.797797083854675293e-01
9.358768463134765625e-01
-5.248325347900390625e+00
-7.065480947494506836e-01
-2.018841266632080078e+00
2.422652482986450195e+00
-1.971508741378784180e+00
-2.770557999610900879e-01
