-2.980059087276458740e-01
-1.061924576759338379e+00
2.053099870681762695e+00
2.404064387083053589e-01
-2.582639455795288086e-01
1.187978625297546387e+00
-1.696078419685363770e+00
1.138322830200195312e+00
9.279860556125640869e-02
1.276512980461120605e+00
-2.079014778137207031e+00
-1.245972871780395508e+00
-1.052628830075263977e-01
-3.058416545391082764e-01
1.458366751670837402e+00
4.252330362796783447e-01
-2.490129232406616211e+00
2.137336492538452148e+00
-6.446050405502319336e-01
-3.754107058048248291e-01
1.610898613929748535e+00
1.306215047836303711e+00
1.660755157470703125e+00
-1.206589818000793457e+00
1.405781626701354980e+00
1.666780233383178711e+00
-5.573595046997070312e+00
4.146465778350830078e+00
2.405812293291091919e-01
-9.918753504753112793e-01
-1.952618122100830078e+00
2.388446092605590820e+00
8.333963155746459961e-02
-6.227927207946777344e-01
6.234839916229248047e+00
1.507174134254455566e+00
-5.099807262420654297e+00
-4.209312438964843750e+00
2.502191543579101562e+00
-2.282163858413696289e+00
1.672433614730834961e+00
7.241953611373901367e-01
-1.524999022483825684e+00
-2.132979631423950195e+00
1.078707218170166016e+00
8.989645242691040039e-01
-2.333209276199340820e+00
-3.425030946731567383e+00
-1.997713804244995117e+00
1.482139468193054199e+00
-1.437365174293518066e+00
2.077003240585327148e+00
1.447066426277160645e+00
1.412000179290771484e+00
2.468466997146606445e+00
-7.037288546562194824e-01
-8.533744812011718750e-01
2.138019800186157227e+00
-2.735666275024414062e+00
1.219212889671325684e+00
-1.126372694969177246e+00
