5.297442078590393066e-01
-1.465416908264160156e+00
1.935096263885498047e+00
-3.597327232360839844e+00
5.715628266334533691e-01
-1.259786367416381836e+00
-3.647482693195343018e-01
-1.297145366668701172e+00
-4.894779026508331299e-01
3.510846376419067383e+00
2.711445808410644531e+00
-7.425838708877563477e-01
1.196370005607604980e+00
8.497060537338256836e-01
-5.148476600646972656e+00
4.222922801971435547e+00
-2.486905574798583984e+00
1.554514765739440918e+00
1.896862626075744629e+00
-1.466729283332824707e+00
-1.395797252655029297e+00
-3.261445760726928711e+00
6.795090675354003906e+00
1.169576072692871094e+01
1.338009238243103027e+00
-5.807073593139648438e+00
2.280565023422241211e+00
3.392010927200317383e-01
-1.715654134750366211e+00
-1.141507434844970703e+01
-1.011635303497314453e+00
-6.724905371665954590e-01
-2.350021898746490479e-01
3.139389514923095703e+00
-2.871858596801757812e+00
-2.581064701080322266e-01
-3.954498529434204102e+00
-1.071328520774841309e+00
-4.511093616485595703e+00
1.081444248557090759e-01
1.349822282791137695e+00
-3.021953344345092773e+00
2.412608623504638672e+00
6.836592674255371094e+00
-3.635124206542968750e+00
-2.609704017639160156e+00
3.733587503433227539e+00
-1.740435719490051270e+00
3.784432888031005859e+00
7.485750198364257812e+00
-8.707764744758605957e-01
1.421389341354370117e+00
5.820347070693969727e-01
-1.442864418029785156e+00
-1.711542010307312012e-01
-3.029173314571380615e-01
-9.189305901527404785e-01
2.419825643301010132e-03
-9.444154500961303711e-01
1.905623823404312134e-01
-2.932073354721069336e+00
