-1.039236664772033691e+00
1.458856940269470215e+00
2.365585803985595703e+00
-2.484706640243530273e+00
-3.087022602558135986e-01
9.724338650703430176e-01
1.647584199905395508e+00
1.847697615623474121e+00
-1.722813606262207031e+00
5.116266608238220215e-01
1.389284014701843262e+00
-7.512744069099426270e-01
3.143493533134460449e-01
-3.737542331218719482e-01
1.962432622909545898e+00
-1.222725391387939453e+00
1.630458354949951172e+00
-1.108866214752197266e+00
1.037212491035461426e+00
-2.172595500946044922e+00
8.823278546333312988e-01
5.322118759155273438e+00
8.711512200534343719e-04
1.455651409924030304e-02
-2.005249500274658203e+00
3.304422140121459961e+00
-3.696556568145751953e+00
-2.044870138168334961e+00
-2.787736952304840088e-01
-2.290782451629638672e+00
2.054642200469970703e+00
-1.899786442518234253e-01
-6.803101897239685059e-01
-1.915743708610534668e+00
-8.942540884017944336e-01
5.313340663909912109e+00
-4.111896038055419922e+00
-1.656668663024902344e+00
9.600413441658020020e-01
2.183832406997680664e+00
-4.007513523101806641e-01
-2.649612665176391602e+00
-1.646096706390380859e+00
-1.429311871528625488e+00
1.307344675064086914e+00
3.137125253677368164e+00
4.114054679870605469e+00
-2.554014444351196289e+00
4.560925960540771484e-01
-4.119358539581298828e+00
-1.025068998336791992e+00
-4.936401247978210449e-01
-1.835973739624023438e+00
1.029907822608947754e+00
1.702631473541259766e+00
-3.154446125030517578e+00
-2.568708181381225586e+00
3.680683672428131104e-01
1.653040766716003418e+00
-8.136319518089294434e-01
8.586124181747436523e-01
