1.069298028945922852e+00
1.792238235473632812e+00
-1.097229003906250000e+00
-2.784378528594970703e-01
-5.714145898818969727e-01
-1.337308883666992188e+00
-1.810952544212341309e+00
-9.888338446617126465e-01
-1.659595012664794922e+00
1.529275625944137573e-01
-8.767859339714050293e-01
1.377347707748413086e+00
1.277456283569335938e+00
7.752521634101867676e-01
6.032974123954772949e-01
-1.523402452468872070e+00
-1.504782557487487793e+00
-1.890272796154022217e-01
9.073088765144348145e-01
1.430569410324096680e+00
-3.431403398513793945e+00
6.811838150024414062e+00
1.332752943038940430e+00
-2.078620195388793945e+00
-1.997142910957336426e+00
4.713796138763427734e+00
8.594038337469100952e-02
-5.913876295089721680e-01
-2.428424060344696045e-01
-6.204513087868690491e-02
8.519141077995300293e-01
2.803487777709960938e+00
-7.729073166847229004e-01
-2.457550019025802612e-01
2.656904935836791992e+00
5.307517051696777344e+00
1.594773888587951660e+00
-4.533652663230895996e-01
3.596591472625732422e+00
3.056494951248168945e+00
1.824347972869873047e+00
2.857570648193359375e+00
1.580409169197082520e+00
-2.683759212493896484e+00
1.682515144348144531e+00
-2.010380268096923828e+00
1.191223263740539551e+00
-2.540272951126098633e+00
8.024981021881103516e-01
-1.343141198158264160e+00
1.165331840515136719e+00
-3.531554460525512695e+00
2.784740686416625977e+00
-5.291897654533386230e-01
3.675721883773803711e+00
3.382112026214599609e+00
-8.241832852363586426e-01
1.055273294448852539e+00
-4.883137226104736328e+00
3.641407966613769531e+00
-2.515253782272338867e+00
