1.581291913986206055e+00
-9.085771441459655762e-01
6.141024231910705566e-01
-6.431053876876831055e-01
1.182817935943603516e+00
1.652215361595153809e+00
9.145654439926147461e-01
1.925117254257202148e+00
-1.443824768066406250e+00
2.099341869354248047e+00
-1.423927664756774902e+00
-2.225250005722045898e+00
-2.264623165130615234e+00
8.723154067993164062e-01
5.179265141487121582e-01
2.515433430671691895e-01
-1.934019207954406738e+00
-1.441275119781494141e+00
1.236108422279357910e+00
-7.189529538154602051e-01
1.348864436149597168e+00
6.304823607206344604e-02
-1.243699550628662109e+00
3.522120475769042969e+00
-1.914088129997253418e+00
-3.239524126052856445e+00
2.791808366775512695e+00
7.185585975646972656e+00
3.608327865600585938e+00
-2.704444169998168945e+00
2.252846240997314453e+00
6.455765664577484131e-02
-2.963343858718872070e+00
-7.814864516258239746e-01
2.582846403121948242e+00
-6.536695361137390137e-01
3.345102071762084961e+00
-6.073977947235107422e-01
4.491898536682128906e+00
3.102059841156005859e+00
-3.374569177627563477e+00
1.001745581626892090e+00
4.832078218460083008e-01
-4.333070278167724609e+00
-1.778841018676757812e+00
-2.822171926498413086e+00
3.441752910614013672e+00
2.879005432128906250e+00
-2.786900997161865234e+00
2.264817476272583008e+00
1.746086955070495605e+00
-9.566131830215454102e-01
-1.437039136886596680e+00
-8.986217379570007324e-01
2.336022377014160156e+00
1.058440089225769043e+00
-2.184810400009155273e+00
-1.474881529808044434e+00
-7.514970302581787109e+00
3.326795816421508789e+00
1.479541420936584473e+00
