1.611217617988586426e+00
4.752942621707916260e-01
5.961272120475769043e-01
9.755209684371948242e-01
-4.868960380554199219e-01
2.453721910715103149e-01
-1.349094867706298828e+00
-1.042310357093811035e+00
1.333251714706420898e+00
-1.170320749282836914e+00
1.086153149604797363e+00
-3.537354469299316406e-01
-2.306418895721435547e+00
-4.509549438953399658e-01
-1.624831318855285645e+00
1.700079679489135742e+00
7.556041479110717773e-01
-1.234585165977478027e+00
1.502950549125671387e+00
1.815166234970092773e+00
4.354842662811279297e+00
2.388141393661499023e+00
-2.664940118789672852e+00
-8.465069532394409180e-01
1.429951906204223633e+00
8.074982762336730957e-01
9.381053447723388672e-01
1.649379134178161621e+00
-3.201694488525390625e+00
9.181442856788635254e-01
-1.675018429756164551e+00
3.545908629894256592e-01
2.572019338607788086e+00
7.629323601722717285e-01
-6.222275257110595703e+00
2.928935289382934570e-01
-4.460096359252929688e+00
-2.718626499176025391e+00
6.131425857543945312e+00
3.191491365432739258e+00
-1.455435872077941895e+00
4.137215137481689453e+00
-1.621510982513427734e+00
1.589627742767333984e+00
-1.418438196182250977e+00
1.460327953100204468e-01
-6.236790418624877930e-01
-2.472101211547851562e+00
-3.091470956802368164e+00
4.626064598560333252e-01
-6.976273655891418457e-01
-9.996629357337951660e-01
1.315745592117309570e+00
-9.088499546051025391e-01
-3.166162014007568359e+00
-1.773675799369812012e+00
4.000727653503417969e+00
-1.906239151954650879e+00
-4.844628334045410156e+00
-1.299642801284790039e+00
1.498584985733032227e+00
