1.118031501770019531e+00
1.975213170051574707e+00
-1.676549077033996582e+00
1.457803845405578613e+00
-1.766502857208251953e+00
5.970921367406845093e-02
-3.297807872295379639e-01
-2.998652458190917969e-01
-9.220170974731445312e-01
1.591369271278381348e+00
-6.919107437133789062e-01
-1.492527723312377930e+00
-9.098126292228698730e-01
-2.590156316757202148e+00
5.948638916015625000e-01
-6.921430230140686035e-01
1.760471612215042114e-01
-1.792606592178344727e+00
9.635144472122192383e-01
-1.340022802352905273e+00
4.330933570861816406e+00
9.920890927314758301e-01
-1.829700589179992676e+00
5.264036178588867188e+00
1.359751582145690918e+00
-2.451816082000732422e+00
2.176511287689208984e+00
1.111960530281066895e+00
-1.723263263702392578e+00
-6.901257991790771484e+00
2.052925348281860352e+00
2.042001187801361084e-01
3.926113605499267578e+00
1.881580710411071777e+00
1.068377271294593811e-01
1.728771448135375977e+00
-2.015742301940917969e+00
-3.064222812652587891e+00
2.752386569976806641e+00
3.230098962783813477e+00
-3.511088371276855469e+00
-1.320963740348815918e+00
-9.105011224746704102e-01
3.916306495666503906e+00
-4.392015337944030762e-01
1.253401517868041992e+00
1.514681577682495117e+00
3.697387874126434326e-02
1.781950831413269043e+00
2.287504673004150391e+00
-2.484862565994262695e+00
2.411522567272186279e-01
3.740083932876586914e+00
9.242829084396362305e-01
4.353881776332855225e-01
-2.233107328414916992e+00
1.661217331886291504e+00
-2.003765821456909180e+00
-1.133731007575988770e+00
2.369306802749633789e+00
2.357866287231445312e+00
