1.706611990928649902e+00
7.739655971527099609e-01
4.302282631397247314e-01
-1.789016604423522949e+00
1.929335147142410278e-01
-7.189940810203552246e-01
5.205608010292053223e-01
8.380039334297180176e-01
-1.553478956222534180e+00
-1.175009369850158691e+00
-1.253526926040649414e+00
-8.939265608787536621e-01
1.411634325981140137e+00
-4.906303584575653076e-01
1.066825032234191895e+00
-9.028382301330566406e-01
1.226046800613403320e+00
5.614181756973266602e-01
1.787976980209350586e+00
1.531934380531311035e+00
-1.401903271675109863e+00
3.557774305343627930e+00
8.982042670249938965e-01
-8.136284828186035156e+00
-4.911800861358642578e+00
-1.904292464256286621e+00
-1.994126915931701660e+00
1.049339413642883301e+00
3.590890407562255859e+00
-4.518450200557708740e-01
-2.060392141342163086e+00
-1.473903179168701172e+00
1.681136131286621094e+00
2.556231021881103516e-01
-5.520587444305419922e+00
2.309736728668212891e+00
3.878148317337036133e+00
4.759588837623596191e-01
8.970188498497009277e-01
3.431524753570556641e+00
1.314106106758117676e+00
-4.024443149566650391e+00
-9.343194216489791870e-02
-2.621720314025878906e+00
-3.028357267379760742e+00
1.945573449134826660e+00
1.709628582000732422e+00
-1.706649780273437500e+00
-1.487272858619689941e+00
-1.096045374870300293e+00
-1.466828346252441406e+00
-5.800153613090515137e-01
1.793756723403930664e+00
1.257276535034179688e+00
-2.682018995285034180e+00
1.420891880989074707e+00
2.822185516357421875e+00
-1.120345592498779297e+00
-1.614344596862792969e+00
-1.264032244682312012e+00
-3.666644811630249023e+00
