2.303794622421264648e-01
-1.926936745643615723e+00
-9.841790199279785156e-01
7.157101482152938843e-02
1.110055208206176758e+00
-1.274204850196838379e-01
2.750920355319976807e-01
-5.083234980702400208e-02
-4.600343406200408936e-01
2.228552252054214478e-01
-1.574151277542114258e+00
1.329582095146179199e+00
1.915264964103698730e+00
-1.048160433769226074e+00
2.687250673770904541e-01
8.102667331695556641e-01
-1.005175635218620300e-01
1.138929247856140137e+00
-6.203053053468465805e-03
5.965213775634765625e-01
3.281081914901733398e+00
5.993467569351196289e-02
-5.565257072448730469e+00
-2.056335210800170898e+00
2.606375932693481445e+00
1.047288417816162109e+00
6.715723276138305664e-01
-7.831985950469970703e-01
-5.498220324516296387e-01
-6.310660392045974731e-02
4.939496994018554688e+00
-4.701379776000976562e+00
2.989019393920898438e+00
-1.306152582168579102e+00
1.094799041748046875e+00
-2.703798770904541016e+00
1.687189698219299316e+00
-1.756085872650146484e+00
-2.107427120208740234e+00
-9.125779867172241211e-01
4.806881546974182129e-01
8.531334400177001953e-01
-2.889301538467407227e+00
-9.343091249465942383e-01
1.518814325332641602e+00
-3.934223949909210205e-01
2.663802504539489746e-01
-6.385820508003234863e-01
-1.298867583274841309e+00
-5.417784452438354492e-01
-1.530219078063964844e+00
1.318382978439331055e+00
-2.310962200164794922e+00
-1.812073230743408203e+00
-2.661329984664916992e+00
-3.766328811645507812e+00
-2.376216650009155273e-02
3.061905384063720703e+00
7.870482206344604492e-01
-2.793330192565917969e+00
-3.004962682723999023e+00
