1.751100659370422363e+00
1.120196938514709473e+00
-1.173107981681823730e+00
1.945378422737121582e+00
-1.327326774597167969e+00
-1.441063404083251953e+00
1.816728115081787109e+00
6.019952297210693359e-01
-7.467615604400634766e-01
1.352474689483642578e+00
-9.728146791458129883e-01
2.309750467538833618e-01
1.698029041290283203e+00
-4.989020824432373047e-01
1.158246040344238281e+00
-3.041055500507354736e-01
2.527004480361938477e+00
2.568815708160400391e+00
-1.339926004409790039e+00
1.598289847373962402e+00
-3.292443513870239258e+00
5.008056759834289551e-01
7.245520949363708496e-01
-8.192060470581054688e+00
-1.240815401077270508e+00
-2.826658725738525391e+00
1.013801097869873047e+01
-3.232822895050048828e+00
1.023131370544433594e+00
-3.961063861846923828e+00
2.681058406829833984e+00
1.669297099113464355e+00
2.914750277996063232e-01
1.999193072319030762e+00
-7.569756507873535156e-01
-5.019317269325256348e-01
-2.533142805099487305e+00
6.651909947395324707e-01
-9.309142827987670898e-01
3.833091735839843750e+00
1.460853815078735352e+00
3.742326974868774414e+00
-6.492434740066528320e-01
2.343797206878662109e+00
-9.207373857498168945e-02
1.763651967048645020e+00
-6.049571990966796875e+00
-3.725079298019409180e+00
1.230533719062805176e+00
3.888496398925781250e+00
3.318444013595581055e+00
3.040676832199096680e+00
-2.771078824996948242e+00
2.670756816864013672e+00
5.545933842658996582e-01
5.175241231918334961e-01
-7.278368473052978516e-01
1.242289841175079346e-01
5.898849368095397949e-01
1.440068364143371582e+00
8.324123024940490723e-01
