-6.039813160896301270e-01
-4.997478127479553223e-01
1.563318371772766113e-01
1.089508831501007080e-01
1.731591343879699707e+00
1.015191316604614258e+00
-1.709633469581604004e+00
-2.616273239254951477e-02
-2.202615261077880859e+00
-5.210800170898437500e-01
-1.420336961746215820e+00
1.715333580970764160e+00
1.683803677558898926e+00
1.380987644195556641e+00
-9.675319790840148926e-01
1.194134593009948730e+00
7.371554970741271973e-01
-6.152383685111999512e-01
8.972668051719665527e-01
-5.907412245869636536e-02
1.575742602348327637e+00
2.695566177368164062e+00
-8.965092152357101440e-02
1.361922770738601685e-01
-2.407499313354492188e+00
3.909545660018920898e+00
4.952433586120605469e+00
6.464425921440124512e-01
-5.498812198638916016e-01
1.080868959426879883e+00
-5.983634948730468750e+00
1.674785614013671875e+00
1.498547196388244629e+00
-3.099339485168457031e+00
5.245274305343627930e-02
2.838675379753112793e-01
1.036928892135620117e+00
-1.526999831199645996e+00
-3.618403911590576172e+00
3.449656069278717041e-01
1.990727663040161133e+00
2.241365432739257812e+00
-1.173847079277038574e+00
-2.462959051132202148e+00
1.620938301086425781e+00
-3.489176034927368164e+00
-2.650372505187988281e+00
6.857711076736450195e-01
-9.568349123001098633e-01
9.069004058837890625e-01
-3.340597391128540039e+00
-1.689479351043701172e+00
6.205447912216186523e-01
-2.025844812393188477e+00
-1.030892431735992432e-01
2.538283914327621460e-02
8.923251628875732422e-01
-1.325801372528076172e+00
1.925970554351806641e+00
8.349976539611816406e-01
-1.849186539649963379e+00
