-2.616277933120727539e-01
1.453549742698669434e+00
2.462520360946655273e+00
-2.113797426223754883e+00
-1.601895213127136230e+00
5.637816786766052246e-01
8.679248094558715820e-01
-8.882602304220199585e-02
-2.337858974933624268e-01
-5.177702754735946655e-02
3.161182999610900879e-01
-3.570432588458061218e-02
5.411158204078674316e-01
-9.435177445411682129e-01
-1.540984272956848145e+00
-2.532700300216674805e-01
-5.185845494270324707e-01
7.248389124870300293e-01
-1.052314162254333496e+00
-7.153186202049255371e-01
-1.424296617507934570e+00
1.848356246948242188e+00
-1.506594419479370117e-01
2.914152622222900391e+00
6.393502235412597656e+00
2.033413171768188477e+00
-3.427352905273437500e+00
6.283617112785577774e-03
-6.666418313980102539e-01
1.257366091012954712e-01
1.588732242584228516e+00
1.391269445419311523e+00
-3.052382707595825195e+00
-1.141338825225830078e+00
-5.773156642913818359e+00
1.868325829505920410e+00
-2.816889286041259766e+00
2.903604030609130859e+00
-2.848656773567199707e-01
-2.020518779754638672e+00
-1.687127649784088135e-01
1.203932881355285645e+00
4.309562742710113525e-01
-9.216069579124450684e-01
-3.447705507278442383e+00
-2.137161731719970703e+00
-3.494785070419311523e+00
-8.181335926055908203e-01
-1.141543507575988770e+00
5.748035907745361328e-01
-3.101510524749755859e+00
-1.031039476394653320e+00
-3.503819942474365234e+00
-1.005432456731796265e-01
-2.612386941909790039e+00
-3.289423227310180664e+00
-1.981489300727844238e+00
-4.332998275756835938e+00
2.309239149093627930e+00
-2.299084424972534180e+00
2.502908229827880859e+00
