5.657138302922248840e-02
1.654575943946838379e+00
3.914494514465332031e+00
1.504774242639541626e-01
-9.650055170059204102e-01
1.414119958877563477e+00
-7.118127346038818359e-01
1.196712970733642578e+00
-2.043344020843505859e+00
1.486343026161193848e+00
7.638723254203796387e-01
1.019149184226989746e+00
-1.138074159622192383e+00
-8.962517976760864258e-01
-6.941871643066406250e-01
-1.869376897811889648e+00
1.885807633399963379e+00
1.339454770088195801e+00
1.150040864944458008e+00
2.556867361068725586e+00
2.517675161361694336e+00
2.011506319046020508e+00
-9.918759346008300781e+00
-1.951966762542724609e+00
1.591570854187011719e+00
5.017883777618408203e-01
-2.178201913833618164e+00
-1.257055640220642090e+00
7.100280761718750000e+00
-1.127876639366149902e+00
2.487654447555541992e+00
1.538285017013549805e+00
4.996632099151611328e+00
3.719928741455078125e+00
-2.958237886428833008e+00
1.301029682159423828e+00
5.824694156646728516e+00
-4.725183486938476562e+00
-1.050200462341308594e+00
7.847053050994873047e+00
1.209762454032897949e+00
2.305929899215698242e+00
1.682857275009155273e-01
1.614691615104675293e+00
1.528246283531188965e+00
-1.085624217987060547e+00
-2.304617404937744141e+00
1.711145281791687012e+00
2.662002325057983398e+00
-1.897518873214721680e+00
2.647383451461791992e+00
-2.506122350692749023e+00
2.811818122863769531e+00
-2.651974916458129883e+00
2.653248548507690430e+00
4.311491250991821289e-01
-3.996302604675292969e+00
3.264524698257446289e+00
1.688808560371398926e+00
2.245593786239624023e+00
8.820623755455017090e-01
