1.651484251022338867e+00
5.418162345886230469e-01
2.401227712631225586e+00
-2.519079208374023438e+00
1.510593771934509277e+00
-2.049553871154785156e+00
5.849079489707946777e-01
-1.761040210723876953e+00
-9.880979061126708984e-01
-1.554110169410705566e+00
1.520934224128723145e+00
-1.424463868141174316e+00
-1.058511137962341309e+00
2.406309396028518677e-01
1.598492860794067383e+00
5.342565178871154785e-01
2.301924705505371094e+00
-1.257799148559570312e+00
-5.667374134063720703e-01
1.966529846191406250e+00
6.520090699195861816e-01
2.664772272109985352e+00
8.620731353759765625e+00
-7.689057350158691406e+00
-6.253843784332275391e+00
-1.416115403175354004e+00
-1.010219097137451172e+00
2.489789485931396484e+00
-3.315740823745727539e+00
6.022625923156738281e+00
-2.702768802642822266e+00
-6.719174981117248535e-01
2.082488059997558594e+00
-2.083958148956298828e+00
-3.819339275360107422e+00
4.218817353248596191e-01
8.325982093811035156e+00
5.848206281661987305e-01
1.070884943008422852e+00
-3.371302843093872070e+00
8.291634172201156616e-02
-3.920615673065185547e+00
-4.063395023345947266e+00
1.357473731040954590e+00
-3.493614673614501953e+00
-5.985057950019836426e-01
-2.804939448833465576e-01
1.087921023368835449e+00
-5.187166690826416016e+00
-3.725319147109985352e+00
3.041363477706909180e+00
6.035045981407165527e-01
-1.780894279479980469e+00
-3.577629104256629944e-02
-1.820457696914672852e+00
-9.409081339836120605e-01
3.099708318710327148e+00
-3.889606297016143799e-01
-1.111506447196006775e-01
-2.223189592361450195e+00
1.444776892662048340e+00
