1.098277688026428223e+00
1.154200196266174316e+00
1.195084810256958008e+00
1.037842988967895508e+00
-6.883378624916076660e-01
-1.126760363578796387e+00
-1.295462965965270996e+00
3.534500300884246826e-01
1.925424635410308838e-01
1.768186211585998535e+00
-9.827384352684020996e-01
-1.899480819702148438e+00
1.479498744010925293e+00
-8.416835069656372070e-01
-1.975966930389404297e+00
-6.432451009750366211e-01
-1.025642037391662598e+00
-8.147304654121398926e-01
-7.005980610847473145e-01
-1.248301386833190918e+00
7.261565327644348145e-01
3.589100122451782227e+00
-1.747602820396423340e+00
-3.455878496170043945e+00
7.852370142936706543e-01
-2.339861631393432617e+00
4.137861728668212891e+00
-1.103304266929626465e+00
6.835881471633911133e-01
-2.320658206939697266e+00
-1.867939472198486328e+00
1.054900169372558594e+00
5.203765869140625000e+00
4.431516826152801514e-01
4.280364513397216797e-01
-1.591995358467102051e-02
-1.636460572481155396e-01
-3.064378261566162109e+00
1.581947356462478638e-01
4.488594532012939453e+00
1.382851362228393555e+00
-5.057278633117675781e+00
-1.237378954887390137e+00
-1.527348399162292480e+00
4.030324459075927734e+00
-3.515385389328002930e+00
-3.410197496414184570e+00
2.793615341186523438e+00
1.899242997169494629e-01
2.121931791305541992e+00
2.445350170135498047e+00
-1.150542736053466797e+00
6.833949089050292969e+00
1.396799981594085693e-01
-3.967052996158599854e-01
2.886385619640350342e-01
2.219077348709106445e-01
3.785413503646850586e+00
6.715141534805297852e-01
2.200455665588378906e+00
6.747542619705200195e-01
