9.003645777702331543e-01
5.652131438255310059e-01
1.734045863151550293e+00
-5.262909531593322754e-01
7.620519399642944336e-01
-9.812474250793457031e-01
-1.007799744606018066e+00
-1.227030396461486816e+00
1.643171191215515137e+00
-1.167538762092590332e+00
-1.890879273414611816e+00
-1.101090192794799805e+00
-1.276820659637451172e+00
1.976859927177429199e+00
2.163795471191406250e+00
-7.342953681945800781e-01
2.167506933212280273e+00
1.872292637825012207e+00
5.496991872787475586e-01
-1.345327973365783691e+00
-5.014691352844238281e-01
-3.320446610450744629e-01
1.283684849739074707e+00
-6.230043768882751465e-01
-3.045046329498291016e+00
3.756264150142669678e-01
-3.888792753219604492e+00
5.309465527534484863e-01
5.696015357971191406e+00
8.871722817420959473e-01
1.128737330436706543e+00
-8.014567494392395020e-01
-1.672076582908630371e+00
3.477279186248779297e+00
-7.919856548309326172e+00
-1.328511714935302734e+00
-7.814650058746337891e+00
6.445127487182617188e+00
2.792414665222167969e+00
5.259984493255615234e+00
6.885287165641784668e-02
2.639462709426879883e+00
-5.374595522880554199e-01
-1.264149665832519531e+00
-6.914922714233398438e+00
-7.046494483947753906e-01
-3.952270030975341797e+00
2.445187807083129883e+00
-2.976188659667968750e+00
1.193204760551452637e+00
-1.887921333312988281e+00
2.364984035491943359e+00
-1.497334837913513184e+00
-1.586918830871582031e+00
-4.482544422149658203e+00
-1.588845968246459961e+00
4.501447200775146484e+00
7.184809446334838867e-01
-4.663041114807128906e+00
-5.448025703430175781e+00
1.119534373283386230e+00
