-1.958739995956420898e+00
-9.539663195610046387e-01
-1.464109182357788086e+00
3.003107547760009766e+00
1.103226900100708008e+00
-7.889087200164794922e-01
-7.630766034126281738e-01
5.877272486686706543e-01
9.719823002815246582e-01
1.353323698043823242e+00
3.217340230941772461e+00
1.302176356315612793e+00
-1.771430492401123047e+00
-7.538315057754516602e-01
-2.408800125122070312e+00
1.584851384162902832e+00
1.020777821540832520e+00
-1.857727408409118652e+00
1.112908840179443359e+00
-5.390265583992004395e-01
2.768620491027832031e+00
-8.768139481544494629e-01
-2.354818582534790039e+00
-6.463783793151378632e-03
1.105138778686523438e+00
-2.126793622970581055e+00
2.539731740951538086e+00
4.873798191547393799e-01
-1.430066943168640137e+00
3.555944681167602539e+00
1.033930182456970215e+00
2.836858749389648438e+00
6.341933250427246094e+00
2.826576471328735352e+00
-1.403751730918884277e+00
-4.499657154083251953e+00
-1.073258876800537109e+00
-7.966207265853881836e-01
-1.273156702518463135e-02
2.447847604751586914e+00
1.521708250045776367e+00
1.741822600364685059e+00
-2.881336927413940430e+00
5.735965967178344727e-01
-8.679350614547729492e-01
2.342121601104736328e+00
-4.153022289276123047e+00
1.783523708581924438e-01
1.571335077285766602e+00
4.334919452667236328e+00
2.049615830183029175e-01
-3.616471767425537109e+00
2.806559801101684570e+00
-3.754105329513549805e+00
-5.023650527000427246e-01
-1.506953954696655273e+00
1.519059985876083374e-01
-7.547984719276428223e-01
-1.084004878997802734e+00
4.486057758331298828e+00
-1.080175518989562988e+00
