1.386599302291870117e+00
-1.352304339408874512e+00
-1.320424437522888184e+00
-7.149538397789001465e-01
-1.642410397529602051e+00
-1.317853927612304688e+00
-1.137253284454345703e+00
7.285292148590087891e-01
4.058900177478790283e-01
-2.915697097778320312e-01
-7.761110067367553711e-01
-1.138623833656311035e+00
1.649095773696899414e+00
-1.593115925788879395e+00
8.160482645034790039e-01
1.196839094161987305e+00
1.687156438827514648e+00
2.768728733062744141e-01
-1.471680760383605957e+00
-9.320426583290100098e-01
-3.573478460311889648e-01
-7.210485339164733887e-01
-3.661973476409912109e+00
4.608227908611297607e-01
3.683521032333374023e+00
-1.505325198173522949e+00
-5.775230526924133301e-01
-3.119745492935180664e+00
-2.596844434738159180e+00
-7.016438841819763184e-01
9.104287028312683105e-01
-2.955446958541870117e+00
-3.140825986862182617e+00
7.365456104278564453e+00
2.807539939880371094e+00
-1.183602929115295410e+00
4.708484172821044922e+00
-1.642665266990661621e+00
-2.737638950347900391e+00
-5.561533451080322266e+00
2.115874767303466797e+00
3.689642250537872314e-01
-4.239230632781982422e+00
1.207883358001708984e+00
2.196384191513061523e+00
-2.823063850402832031e+00
7.316103577613830566e-01
4.002784252166748047e+00
2.845399379730224609e+00
-9.285381436347961426e-01
3.088010787963867188e+00
-3.375004768371582031e+00
3.223758697509765625e+00
3.751918315887451172e+00
-2.034380674362182617e+00
-4.876051545143127441e-01
-4.329525947570800781e+00
1.851339817047119141e+00
3.975938558578491211e+00
-2.501048803329467773e+00
9.376618266105651855e-01
