-4.271216988563537598e-01
2.408179759979248047e+00
-2.064751148223876953e+00
-1.541964769363403320e+00
2.255541563034057617e+00
-2.403562515974044800e-01
3.127932071685791016e+00
-1.943476080894470215e+00
-7.742872238159179688e-01
-1.053786635398864746e+00
-1.283230066299438477e+00
-6.452188491821289062e-01
-2.413357257843017578e+00
2.988452911376953125e-01
-1.073359251022338867e+00
-9.297973513603210449e-01
3.223353624343872070e-01
1.329180717468261719e+00
-3.542353510856628418e-01
1.332029223442077637e+00
-1.046770453453063965e+00
-1.410945296287536621e+00
1.329922437667846680e+00
5.466716289520263672e+00
-5.718452930450439453e+00
-2.947926998138427734e+00
-8.041536331176757812e+00
-7.334421157836914062e+00
-1.287897229194641113e+00
2.701441049575805664e+00
-1.213846325874328613e+00
-2.806237220764160156e+00
1.618846058845520020e+00
-9.348658472299575806e-02
3.771737098693847656e+00
-1.002954039722681046e-02
3.854090571403503418e-01
4.688918590545654297e+00
1.657473921775817871e+00
3.786183834075927734e+00
-4.408985078334808350e-01
1.599490642547607422e+00
1.057110905647277832e+00
3.184016704559326172e+00
-3.086138010025024414e+00
1.238602638244628906e+00
1.194329142570495605e+00
2.185515165328979492e+00
-2.880547285079956055e+00
-2.420107603073120117e+00
1.570804476737976074e+00
2.594257831573486328e+00
4.264586269855499268e-01
8.209680020809173584e-02
-4.000813961029052734e+00
3.063164353370666504e-01
6.213246583938598633e-01
4.243896961212158203e+00
1.699482083320617676e+00
-2.492851972579956055e+00
1.960190415382385254e+00
