4.893623888492584229e-01
-1.667372345924377441e+00
-1.265764713287353516e+00
-2.017267942428588867e+00
-1.429365634918212891e+00
3.831426501274108887e-01
-1.271134376525878906e+00
1.495743870735168457e+00
-8.825601935386657715e-01
1.203684210777282715e+00
-3.320786952972412109e-01
5.258978009223937988e-01
1.578106045722961426e+00
3.026438653469085693e-01
-6.193813681602478027e-01
2.194353580474853516e+00
-2.143277406692504883e+00
-2.256428480148315430e+00
-1.939226508140563965e+00
8.449997901916503906e-01
2.856384813785552979e-01
-4.514684677124023438e+00
-4.776613414287567139e-01
-1.706793189048767090e+00
-3.229998826980590820e+00
-3.142437934875488281e-01
2.832918882369995117e+00
-2.876979827880859375e+00
-7.292065620422363281e-01
5.060717463493347168e-01
5.452610850334167480e-01
-1.442879438400268555e-01
-5.776563644409179688e+00
1.587075471878051758e+00
-1.309264659881591797e+00
5.773964405059814453e+00
7.841803550720214844e+00
1.418787717819213867e+00
-8.948664665222167969e+00
7.868409156799316406e-02
-7.045192271471023560e-02
4.020035266876220703e+00
-7.607875466346740723e-01
1.495058774948120117e+00
-2.473697185516357422e+00
1.045551657676696777e+00
-2.974879980087280273e+00
-2.781501293182373047e+00
2.343586981296539307e-01
1.180799126625061035e+00
2.466243356466293335e-01
9.470102190971374512e-01
-2.927930116653442383e+00
-1.359838724136352539e+00
1.141541719436645508e+00
1.973866343498229980e+00
-2.148621797561645508e+00
1.317729115486145020e+00
-1.178935050964355469e+00
3.287162482738494873e-01
3.468680381774902344e-01
