5.825454592704772949e-01
1.217078804969787598e+00
1.189888358116149902e+00
1.171867251396179199e+00
-7.432218194007873535e-01
9.086019396781921387e-01
-1.718852877616882324e+00
-4.059782028198242188e-01
-1.668413877487182617e+00
-1.969650030136108398e+00
8.138790726661682129e-01
-7.663392275571823120e-02
-4.889967441558837891e-01
1.659685611724853516e+00
-8.196541666984558105e-01
-1.118015408515930176e+00
6.318786144256591797e-01
1.499393701553344727e+00
6.056590676307678223e-01
-1.209405183792114258e+00
-3.368220031261444092e-01
1.025825738906860352e+00
-4.598711490631103516e+00
8.778704404830932617e-01
1.954934239387512207e+00
-2.156922340393066406e+00
-1.669780373573303223e+00
-2.004034042358398438e+00
6.802306652069091797e+00
-1.857334256172180176e+00
2.929930090904235840e-01
2.009990692138671875e+00
2.011559486389160156e+00
2.005062580108642578e+00
2.364845037460327148e+00
-3.586219310760498047e+00
-4.825262129306793213e-01
5.245281219482421875e+00
5.689435005187988281e-01
-4.597990989685058594e+00
1.911845654249191284e-01
-2.706486582756042480e-01
3.433841705322265625e+00
-8.152328729629516602e-01
-1.831256985664367676e+00
-3.661803960800170898e+00
-1.012558698654174805e+00
2.287806272506713867e+00
3.883792161941528320e+00
-5.970364212989807129e-01
-3.444987535476684570e-01
9.306048750877380371e-01
1.326649636030197144e-01
-1.748703241348266602e+00
-2.336622476577758789e+00
-2.645193338394165039e+00
8.702340722084045410e-01
-3.644079208374023438e+00
5.486592650413513184e-01
-2.504901409149169922e+00
4.361055791378021240e-01
