-7.434182763099670410e-01
-8.396188020706176758e-01
1.416631698608398438e+00
-8.785896301269531250e-01
1.065999031066894531e+00
-1.347511053085327148e+00
-5.690233781933784485e-02
-1.129404067993164062e+00
8.747990727424621582e-01
6.500755548477172852e-01
-9.904556274414062500e-01
-1.374673128128051758e+00
-8.256421089172363281e-01
1.657920598983764648e+00
1.115859866142272949e+00
-2.703819796442985535e-02
1.522575974464416504e+00
1.502524733543395996e+00
1.213022470474243164e+00
1.896823406219482422e+00
1.133831143379211426e+00
-1.441843271255493164e+00
-1.357642769813537598e+00
-1.658326148986816406e+00
-2.156461238861083984e+00
-4.955748081207275391e+00
1.151339054107666016e+00
-2.084433317184448242e+00
1.751674890518188477e+00
3.151500940322875977e+00
4.552177906036376953e+00
-4.169064760208129883e-01
2.566115379333496094e+00
-6.980463981628417969e+00
-7.786123752593994141e-01
2.962069988250732422e+00
6.422648906707763672e+00
2.922400474548339844e+00
2.874202489852905273e+00
-3.952794075012207031e+00
5.260013043880462646e-03
-3.847215473651885986e-01
-1.486663520336151123e-01
-2.252913713455200195e+00
-2.413261175155639648e+00
2.098005056381225586e+00
2.103235244750976562e+00
-5.227952599525451660e-01
1.008189320564270020e+00
-3.756423234939575195e+00
3.644545793533325195e+00
1.994923114776611328e+00
-1.115545153617858887e+00
2.557850599288940430e+00
1.039775967597961426e+00
2.596110105514526367e+00
2.746888160705566406e+00
-3.193889141082763672e+00
1.820450663566589355e+00
1.679138422012329102e+00
-3.419239521026611328e+00
