-9.264999628067016602e-01
1.447167634963989258e+00
1.344243168830871582e+00
-1.739270806312561035e+00
8.819382190704345703e-01
-8.190574645996093750e-01
1.765811920166015625e+00
-3.353786170482635498e-01
6.895344853401184082e-01
1.052355289459228516e+00
-9.996114373207092285e-01
-5.781186819076538086e-01
-1.918185949325561523e+00
1.211259961128234863e+00
-1.337157607078552246e+00
1.650906205177307129e+00
-1.971281170845031738e+00
-2.104962587356567383e+00
5.278345346450805664e-01
-1.011203408241271973e+00
3.560377955436706543e-01
6.354263424873352051e-01
-5.352398872375488281e+00
9.444245696067810059e-02
5.575108528137207031e-01
-6.287011504173278809e-02
-4.489587247371673584e-01
1.356620192527770996e+00
-1.557561993598937988e+00
-9.543474316596984863e-01
-2.706930875778198242e+00
-2.409404039382934570e+00
7.113785743713378906e+00
1.713729381561279297e+00
2.355774641036987305e+00
1.373229980468750000e+00
7.030505180358886719e+00
-6.067721366882324219e+00
-2.482122898101806641e+00
-5.750825881958007812e+00
-1.067842721939086914e+00
-1.206135153770446777e+00
3.337767839431762695e+00
-6.260218024253845215e-01
3.352033615112304688e+00
-8.041309118270874023e-01
-1.206511616706848145e+00
1.532182931900024414e+00
2.272026300430297852e+00
-7.179111242294311523e-01
4.633183479309082031e+00
-2.405179500579833984e+00
4.964874267578125000e+00
1.409268021583557129e+00
1.448405623435974121e+00
-2.481710910797119141e+00
-3.298527240753173828e+00
-2.350383520126342773e+00
-2.842328786849975586e+00
3.658675670623779297e+00
7.354398965835571289e-01
