-1.870765328407287598e+00
-1.309346556663513184e+00
-1.421560764312744141e+00
1.549767255783081055e+00
-1.479205250740051270e+00
1.285571098327636719e+00
-7.680718898773193359e-01
-1.106840133666992188e+00
4.262405037879943848e-01
-8.698841929435729980e-01
-8.827757835388183594e-01
1.283666133880615234e+00
9.965019226074218750e-01
-3.018778562545776367e-02
7.641957402229309082e-01
-6.657011508941650391e-01
7.592954039573669434e-01
-5.393896102905273438e-01
5.012808442115783691e-01
-1.166245698928833008e+00
-3.749994754791259766e+00
1.739487290382385254e+00
1.714366674423217773e+00
-6.914039611816406250e+00
1.322054147720336914e+00
3.532866716384887695e+00
3.052713274955749512e-01
1.954266428947448730e+00
-1.337567329406738281e+00
-1.194216251373291016e+00
-8.132538199424743652e-01
4.789302825927734375e+00
1.305203437805175781e+00
1.704476356506347656e+00
-4.096768379211425781e+00
2.743961811065673828e-01
-8.493935465812683105e-01
-2.532484829425811768e-01
2.864229202270507812e+00
-3.878175735473632812e+00
2.060175418853759766e+00
-1.008383154869079590e+00
9.240581989288330078e-01
2.596224308013916016e+00
4.669599235057830811e-01
1.736910700798034668e+00
-4.725461304187774658e-01
-1.478664278984069824e+00
-1.709722161293029785e+00
-1.173762202262878418e+00
-1.775640547275543213e-01
3.350572109222412109e+00
1.560115337371826172e+00
-6.663697957992553711e-01
-4.303250789642333984e+00
-1.380325257778167725e-01
8.056749403476715088e-02
1.716868877410888672e+00
-4.941870689392089844e+00
3.504110813140869141e+00
1.980500221252441406e+00
