3.113813877105712891e+00
1.364704608917236328e+00
2.032560586929321289e+00
2.217927724123001099e-01
6.567769050598144531e-01
-1.328850865364074707e+00
-1.227783679962158203e+00
-1.895703434944152832e+00
1.684963941574096680e+00
-8.265766501426696777e-01
-3.054615259170532227e+00
2.334768533706665039e+00
-2.022366523742675781e+00
-6.095793843269348145e-01
-2.217049837112426758e+00
2.218505620956420898e+00
-1.243064403533935547e+00
1.063012599945068359e+00
9.209190011024475098e-01
1.269902229309082031e+00
1.063145446777343750e+01
6.952804327011108398e-01
-2.680647850036621094e+00
-1.001349091529846191e+00
2.149547100067138672e+00
4.774939060211181641e+00
-5.871034264564514160e-01
-7.941862940788269043e-01
2.123083353042602539e+00
-4.260730266571044922e+00
-4.406129717826843262e-01
-7.470122814178466797e+00
-3.989233970642089844e+00
1.285471916198730469e+00
-7.595981597900390625e+00
-5.524297952651977539e-01
1.806149482727050781e+00
4.286881446838378906e+00
-8.481901288032531738e-01
2.088959693908691406e+00
-1.351952314376831055e+00
-3.614297211170196533e-01
1.366077184677124023e+00
-1.234257578849792480e+00
-4.225238800048828125e+00
-1.915410518646240234e+00
4.752249717712402344e-01
1.124954462051391602e+00
3.256759881973266602e+00
-2.117053508758544922e+00
-2.373990565538406372e-01
-1.756389737129211426e+00
-1.373169660568237305e+00
-1.289547801017761230e+00
-4.426484107971191406e+00
9.313436150550842285e-01
1.362050175666809082e+00
-1.388090252876281738e+00
-1.237244963645935059e+00
-2.243345975875854492e+00
-7.100526094436645508e-01
