1.973899364471435547e+00
-2.741641044616699219e+00
1.655624032020568848e+00
-1.367995381355285645e+00
1.696473240852355957e+00
5.800463557243347168e-01
-5.017116069793701172e-01
7.975869774818420410e-01
-6.802139878273010254e-01
-1.425590515136718750e+00
1.587757587432861328e+00
-1.427529096603393555e+00
2.097584962844848633e+00
3.955826461315155029e-01
-1.272477149963378906e+00
-7.661215066909790039e-01
1.752903699874877930e+00
1.070563316345214844e+00
1.731162905693054199e+00
1.632012724876403809e+00
3.399066686630249023e+00
-1.104910746216773987e-01
2.170680522918701172e+00
5.763326644897460938e+00
-1.984017610549926758e+00
-2.382678985595703125e+00
1.836773157119750977e+00
1.622374415397644043e+00
-3.650623798370361328e+00
4.727908611297607422e+00
2.827732563018798828e+00
4.321214675903320312e+00
8.064869880676269531e+00
2.117792844772338867e+00
-5.085303783416748047e+00
-1.583280444145202637e+00
-2.097476959228515625e+00
2.818144083023071289e+00
-6.693480491638183594e+00
-6.174140453338623047e+00
-1.359116911888122559e+00
-3.851164281368255615e-01
-1.739439249038696289e+00
-4.410814285278320312e+00
2.417382478713989258e+00
-3.025385856628417969e+00
4.567979812622070312e+00
1.408150076866149902e+00
2.660321950912475586e+00
5.025501251220703125e+00
2.900697946548461914e+00
-4.533246517181396484e+00
-3.529195785522460938e+00
-2.454535007476806641e+00
-6.280260562896728516e+00
-8.948330283164978027e-01
-1.517084002494812012e+00
-2.560734987258911133e+00
-4.109434127807617188e+00
5.449473857879638672e+00
1.385787248611450195e+00
