1.851518601179122925e-01
-2.497408390045166016e+00
1.344061374664306641e+00
1.769720077514648438e+00
1.353697896003723145e+00
-1.308150887489318848e+00
-4.371113777160644531e+00
1.820796132087707520e+00
1.468015432357788086e+00
-2.356416463851928711e+00
-1.792870879173278809e+00
2.172523021697998047e+00
-8.942517638206481934e-01
4.267165660858154297e+00
1.781718850135803223e+00
-2.145743370056152344e+00
1.605353236198425293e+00
-1.126861333847045898e+00
-1.737283349037170410e+00
-2.059114933013916016e+00
2.721165895462036133e+00
1.044958829879760742e+00
-3.742708563804626465e-01
8.186240196228027344e+00
-8.258950710296630859e-01
-4.200068473815917969e+00
-8.386760950088500977e-01
5.314755439758300781e+00
-4.149211645126342773e-01
4.372670650482177734e+00
3.219328403472900391e+00
-4.571582674980163574e-01
3.550664186477661133e+00
8.091573715209960938e-01
-8.527692556381225586e-01
-3.740160226821899414e+00
-4.226928651332855225e-01
4.205318450927734375e+00
-7.753585815429687500e+00
-3.641190528869628906e+00
-2.207666158676147461e+00
2.520361840724945068e-01
3.982066512107849121e-01
2.539158105850219727e+00
-1.968044161796569824e+00
-2.909436941146850586e+00
5.021696686744689941e-01
-2.835350990295410156e+00
3.689752817153930664e-01
-2.247427463531494141e+00
2.907482624053955078e+00
-6.915395855903625488e-01
-3.691015720367431641e+00
5.680716633796691895e-01
1.515401005744934082e+00
2.954758644104003906e+00
1.268601894378662109e+00
2.860250234603881836e+00
2.880515336990356445e+00
-2.869603157043457031e+00
2.380793809890747070e+00
