1.242686986923217773e+00
8.022204041481018066e-01
-1.734589219093322754e+00
1.004474878311157227e+00
-2.013220548629760742e+00
2.297509670257568359e+00
-9.099389314651489258e-01
-1.345497369766235352e+00
-2.765966653823852539e+00
7.258694767951965332e-01
8.726810812950134277e-01
5.644376277923583984e-01
6.516243219375610352e-01
-1.000312805175781250e+00
5.599217414855957031e-01
-9.551097750663757324e-01
-1.533914506435394287e-01
1.233086705207824707e+00
1.709318399429321289e+00
1.127113223075866699e+00
1.624562263488769531e+00
3.697720050811767578e+00
-7.928311228752136230e-01
-3.500771045684814453e+00
9.151546955108642578e-01
-1.215858757495880127e-01
-9.112271070480346680e-01
4.555636346340179443e-01
-5.190364837646484375e+00
-2.297838777303695679e-01
-1.036714076995849609e+00
2.212088346481323242e+00
-2.396624326705932617e+00
2.473191738128662109e+00
9.193283915519714355e-01
2.542710006237030029e-01
1.970291435718536377e-01
1.641319632530212402e+00
-5.614803433418273926e-01
-5.728340148925781250e-01
-1.258547663688659668e+00
1.724552512168884277e+00
5.445536971092224121e-01
2.261083841323852539e+00
-9.570614695549011230e-01
1.133718371391296387e+00
-1.381928324699401855e-01
-1.139785289764404297e+00
1.211942195892333984e+00
-4.330895841121673584e-01
-4.399823248386383057e-01
-1.102478981018066406e+00
-2.844431638717651367e+00
-1.573355317115783691e+00
1.116475582122802734e+00
-2.586953043937683105e-01
3.467932224273681641e+00
2.210817575454711914e+00
-2.556260824203491211e+00
1.055465191602706909e-01
-1.103459835052490234e+00
