6.831909418106079102e-01
-4.632803440093994141e+00
-4.902619123458862305e-01
-7.444012761116027832e-01
-1.809944980777800083e-03
-1.628183126449584961e+00
1.088889241218566895e+00
-6.490851044654846191e-01
-1.778157114982604980e+00
4.532698690891265869e-01
1.067520499229431152e+00
-2.739984035491943359e+00
1.278329968452453613e+00
-4.534424781799316406e+00
-1.141711115837097168e+00
-1.205844283103942871e+00
-5.795893192291259766e+00
1.334999203681945801e+00
1.410203695297241211e+00
-1.935664772987365723e+00
-2.660548448562622070e+00
1.300751090049743652e+00
-2.315683841705322266e+00
-1.736983805894851685e-01
-7.001390457153320312e-01
-4.026173353195190430e-01
-3.394319534301757812e+00
8.368753194808959961e-01
-2.409352302551269531e+00
1.267909646034240723e+00
1.452646851539611816e-01
3.840920627117156982e-01
4.373035430908203125e+00
1.265131950378417969e+00
-1.804743260145187378e-01
-4.756252765655517578e+00
1.035590887069702148e+00
-1.306230425834655762e+00
3.196265995502471924e-01
-2.566034555435180664e+00
4.871522903442382812e+00
3.386708974838256836e+00
-3.629524707794189453e+00
-4.821846783161163330e-01
3.630834102630615234e+00
-1.019099473953247070e+00
-4.155136108398437500e+00
-2.312288045883178711e+00
3.775372028350830078e+00
-3.258157968521118164e+00
-3.407795190811157227e+00
-8.122588992118835449e-01
5.288126945495605469e+00
-3.620433330535888672e+00
-5.646932721138000488e-01
5.730683803558349609e+00
1.513470709323883057e-01
-1.384245395660400391e+00
4.755716025829315186e-01
-3.898503303527832031e+00
3.314074039459228516e+00
