-1.237394332885742188e+00
5.878151860088109970e-03
9.763440489768981934e-01
-9.761877655982971191e-01
-1.835265755653381348e+00
1.893782854080200195e+00
-1.846321225166320801e-01
-5.275366306304931641e-01
-2.409472465515136719e-01
-6.433165818452835083e-02
1.626703977584838867e+00
-1.530607104301452637e+00
-2.130106687545776367e+00
-7.880543470382690430e-01
-1.875294089317321777e+00
2.569470882415771484e+00
2.963199317455291748e-01
1.759124696254730225e-01
5.014321804046630859e-01
-4.468283176422119141e+00
3.285681247711181641e+00
5.127540826797485352e-01
3.997333049774169922e-01
4.431420326232910156e+00
-1.767085909843444824e+00
-1.974892497062683105e+00
-1.548664093017578125e+00
-3.424660563468933105e-01
7.515170574188232422e-01
1.597129702568054199e+00
-7.353340625762939453e+00
-2.624981880187988281e+00
7.773534655570983887e-01
-1.634628772735595703e+00
-2.055515766143798828e+00
2.531550168991088867e+00
-3.970483839511871338e-01
-6.720444560050964355e-01
-5.151199698448181152e-01
-1.142491221427917480e+00
1.890990138053894043e+00
2.255274057388305664e+00
1.277321100234985352e+00
-4.251306533813476562e+00
2.483261108398437500e+00
-1.163203120231628418e+00
-1.597396016120910645e+00
-1.303305029869079590e+00
4.949723184108734131e-01
-1.843608140945434570e+00
-3.570097446441650391e+00
-1.511909127235412598e+00
7.535585165023803711e-01
2.589612007141113281e+00
-4.114384055137634277e-01
4.820693731307983398e-01
-3.752630054950714111e-01
2.285462141036987305e+00
2.709835767745971680e+00
-6.197421811521053314e-03
2.889000475406646729e-01
