-1.454559803009033203e+00
3.866989612579345703e-01
1.805398225784301758e+00
3.312388956546783447e-01
1.350280284881591797e+00
1.287872672080993652e+00
9.416748881340026855e-01
-1.572721600532531738e+00
1.570477724075317383e+00
-1.907661557197570801e+00
9.335052967071533203e-01
-1.422280311584472656e+00
1.406046867370605469e+00
-2.426795512437820435e-01
1.486758947372436523e+00
-1.349055171012878418e+00
3.416800200939178467e-01
2.519539833068847656e+00
1.683881282806396484e+00
1.839835286140441895e+00
5.863576412200927734e+00
-1.309104204177856445e+00
-2.660455226898193359e+00
1.762571096420288086e+00
2.349406480789184570e-01
5.469413280487060547e+00
-3.595068693161010742e+00
5.193879008293151855e-01
1.869312644004821777e+00
-2.748365700244903564e-01
-2.313878536224365234e+00
-3.689265549182891846e-01
-2.100567340850830078e+00
-1.417435288429260254e+00
3.480738639831542969e+00
2.966816902160644531e+00
-2.014486789703369141e+00
5.270311832427978516e-01
6.846944808959960938e+00
2.383657932281494141e+00
-2.204937219619750977e+00
1.854034066200256348e+00
-1.696918725967407227e+00
-3.087803840637207031e+00
4.088664948940277100e-01
4.476517677307128906e+00
-3.499642372131347656e+00
2.677600681781768799e-01
2.844715118408203125e+00
-7.646584510803222656e-01
2.705178022384643555e+00
6.197102665901184082e-01
1.755410552024841309e+00
1.820278763771057129e+00
9.534468054771423340e-01
1.880401730537414551e+00
-2.416370391845703125e+00
-8.003526926040649414e-01
-3.087410926818847656e+00
-2.515051841735839844e+00
9.811462163925170898e-01
