-1.465239167213439941e+00
1.338809251785278320e+00
1.524383425712585449e+00
1.347338080406188965e+00
1.294116377830505371e+00
-7.344890832901000977e-01
-9.725796580314636230e-01
-1.125618577003479004e+00
1.828429996967315674e-01
-1.050417900085449219e+00
2.184660911560058594e+00
-9.248136281967163086e-01
-9.592803716659545898e-01
1.550783514976501465e+00
-6.987786889076232910e-01
1.306975603103637695e+00
8.269345164299011230e-01
2.244059741497039795e-01
-9.067552685737609863e-01
-5.442290902137756348e-01
-1.301262259483337402e+00
2.712341785430908203e+00
-5.584851264953613281e+00
-2.332372903823852539e+00
-2.313307523727416992e+00
7.194406986236572266e-01
2.683701276779174805e+00
1.299039244651794434e+00
-1.662222146987915039e-01
3.531728386878967285e-01
1.493639051914215088e-01
-5.339681148529052734e+00
3.555834293365478516e+00
7.872544527053833008e-01
-1.919867992401123047e-01
-1.372938871383666992e+00
1.827021837234497070e+00
1.740997433662414551e+00
-3.455166816711425781e-01
-6.486606597900390625e-02
-2.524674892425537109e+00
-3.757148981094360352e+00
2.298552513122558594e+00
-2.114864587783813477e+00
-2.040918350219726562e+00
-9.355179071426391602e-01
-3.251542329788208008e+00
-5.297278881072998047e+00
-2.687005996704101562e+00
9.684968590736389160e-01
8.232555985450744629e-01
4.386002063751220703e+00
3.890900373458862305e+00
-1.385264754295349121e+00
1.275212764739990234e+00
-1.135537862777709961e+00
5.179681301116943359e+00
4.105419635772705078e+00
5.663558244705200195e-01
1.440945744514465332e+00
-3.267547190189361572e-01
