-1.606349945068359375e+00
-1.070586562156677246e+00
-1.803578495979309082e+00
9.649249315261840820e-01
-1.836282730102539062e+00
-1.108604192733764648e+00
1.382382750511169434e+00
-1.559927821159362793e+00
-1.851753592491149902e+00
1.903792738914489746e+00
2.133564837276935577e-02
1.737127065658569336e+00
1.940869212150573730e+00
1.620765209197998047e+00
1.211683511734008789e+00
-1.181333184242248535e+00
1.391904354095458984e+00
1.197002172470092773e+00
-9.483771920204162598e-01
7.749794125556945801e-01
2.277730464935302734e+00
3.864733695983886719e+00
3.224328756332397461e-01
-3.273550868034362793e-01
7.637504339218139648e-01
5.181896090507507324e-01
3.001272119581699371e-02
-6.813370704650878906e+00
-5.809228420257568359e+00
8.163748741149902344e+00
-4.110684394836425781e+00
5.094974040985107422e+00
1.608545780181884766e+00
-6.795131206512451172e+00
-1.051616907119750977e+00
5.027508258819580078e+00
-4.531596660614013672e+00
-9.134084582328796387e-01
2.808390617370605469e+00
-1.436562895774841309e+00
1.203189730644226074e+00
2.344034194946289062e+00
2.937617003917694092e-01
-2.912824749946594238e-01
-6.088329553604125977e-01
1.808954328298568726e-01
-4.769342839717864990e-01
3.545258760452270508e+00
3.164688587188720703e+00
3.217984914779663086e+00
-3.214859485626220703e+00
3.526842594146728516e+00
-7.579647302627563477e-01
4.469865798950195312e+00
-4.210639595985412598e-01
4.715033054351806641e+00
4.468379497528076172e+00
3.477519273757934570e+00
1.830414056777954102e+00
-1.219559669494628906e+00
-3.523825168609619141e+00
