3.955806493759155273e-01
5.339228510856628418e-01
3.746666908264160156e-01
2.346190065145492554e-01
1.211577430367469788e-01
5.406942963600158691e-02
4.019375145435333252e-01
8.897277712821960449e-01
2.321007013320922852e+00
1.291190981864929199e+00
-4.715347290039062500e-01
-1.665510058403015137e+00
-1.323119878768920898e+00
-1.174564361572265625e+00
-1.273310065269470215e+00
1.391406893730163574e+00
2.275062799453735352e+00
1.073695898056030273e+00
-1.075316071510314941e+00
-1.162603031843900681e-02
-1.296113610267639160e+00
-1.941473722457885742e+00
-4.770542383193969727e-01
-2.920657098293304443e-01
3.506041288375854492e+00
6.602770686149597168e-01
8.349156379699707031e-01
3.491712734103202820e-02
1.247179269790649414e+00
5.218494415283203125e+00
-2.110176563262939453e+00
-4.705794811248779297e+00
-1.559301614761352539e+00
3.111960649490356445e+00
5.560168743133544922e+00
-3.722954273223876953e+00
2.262600421905517578e+00
-1.682821065187454224e-01
1.504970312118530273e+00
2.336736202239990234e+00
-2.460397481918334961e+00
-1.954173207283020020e+00
-3.355335593223571777e-01
3.741329908370971680e-01
-2.113230943679809570e+00
-1.323640584945678711e+00
5.007742404937744141e+00
-1.531581640243530273e+00
7.356051206588745117e-01
-2.520299673080444336e+00
-2.650319099426269531e+00
1.579924225807189941e+00
1.609262466430664062e+00
2.757942914962768555e+00
-2.408418416976928711e+00
3.996595621109008789e+00
9.528075456619262695e-01
-1.254283189773559570e+00
-9.229490160942077637e-01
-1.503787636756896973e+00
3.173132181167602539e+00
