-2.876234948635101318e-01
-1.133594393730163574e+00
1.587534137070178986e-02
2.030731916427612305e+00
1.938304424285888672e+00
2.831704616546630859e+00
4.440034329891204834e-01
-1.194016933441162109e+00
4.409252703189849854e-01
1.620542049407958984e+00
7.481290698051452637e-01
1.640703082084655762e+00
-1.349602341651916504e+00
-1.533050537109375000e+00
1.019643783569335938e+00
8.182361721992492676e-01
-1.697504401206970215e+00
1.114414215087890625e+00
-1.169086694717407227e+00
-6.297319382429122925e-02
2.370370328426361084e-01
-3.696111440658569336e+00
2.701733589172363281e+00
2.836905241012573242e+00
-3.922010660171508789e+00
-1.204833626747131348e+00
-6.497576236724853516e-01
2.302727460861206055e+00
4.497536420822143555e-01
6.049854755401611328e-01
-1.610028505325317383e+00
-3.333229064941406250e+00
5.621584415435791016e+00
3.923266232013702393e-01
-9.742802977561950684e-01
-1.867969393730163574e+00
-6.394351005554199219e+00
2.710420846939086914e+00
5.178716182708740234e+00
5.568152070045471191e-01
-3.602595090866088867e+00
-3.631729841232299805e+00
-3.934419393539428711e+00
8.358434438705444336e-01
4.102290630340576172e+00
-7.555867433547973633e-01
-3.071698844432830811e-01
-1.938422679901123047e+00
5.525977015495300293e-01
-9.129219651222229004e-01
-1.368206858634948730e+00
-4.776850223541259766e+00
-5.381783962249755859e+00
-9.593712091445922852e-01
4.202721640467643738e-02
-2.428787946701049805e+00
2.192170143127441406e+00
-3.171135425567626953e+00
5.070196151733398438e+00
5.972715020179748535e-01
3.416467428207397461e+00
