-3.425850272178649902e-01
-1.019622087478637695e+00
4.847576618194580078e-01
-2.799505293369293213e-01
-1.318819761276245117e+00
-1.436299204826354980e+00
1.634342312812805176e+00
7.757886052131652832e-01
-1.269432425498962402e+00
-6.227034330368041992e-01
2.395496129989624023e+00
-1.732578039169311523e+00
1.764905691146850586e+00
1.529154777526855469e-01
-2.519414126873016357e-01
-8.648779392242431641e-01
-1.736219376325607300e-01
2.897647619247436523e+00
1.604295670986175537e-01
-3.026446700096130371e-01
-1.663089275360107422e+00
-4.204968452453613281e+00
2.595052003860473633e+00
-8.113956451416015625e-01
-5.892105579376220703e+00
3.500279426574707031e+00
3.369350194931030273e+00
1.203144907951354980e+00
-2.574836969375610352e+00
-2.466775894165039062e+00
-1.594903826713562012e+00
5.448446750640869141e+00
-5.381858348846435547e+00
3.231071233749389648e-01
5.150868892669677734e-01
1.572355747222900391e+00
-1.612577736377716064e-01
-2.281714916229248047e+00
-1.473097920417785645e+00
1.121885925531387329e-01
1.561881065368652344e+00
3.464517354965209961e+00
-9.671151041984558105e-01
9.104890227317810059e-01
-3.616235494613647461e+00
1.699648618698120117e+00
2.570045232772827148e+00
8.973347544670104980e-01
2.706281900405883789e+00
-2.005990743637084961e+00
7.962198927998542786e-03
-3.255307435989379883e+00
-3.376372814178466797e+00
6.907984018325805664e-01
1.786605834960937500e+00
-3.625699043273925781e+00
1.948160529136657715e-01
-6.987628340721130371e-01
-2.773018121719360352e+00
-1.907831579446792603e-01
-2.249948263168334961e+00
