1.262005329132080078e+00
1.568884372711181641e+00
-9.906465411186218262e-01
8.547252416610717773e-01
1.798598408699035645e+00
1.197028279304504395e+00
-1.822443842887878418e+00
2.005066394805908203e+00
1.081073164939880371e+00
-7.068431377410888672e-01
-9.048078656196594238e-01
-4.329601526260375977e-01
2.108041286468505859e+00
6.408244371414184570e-01
-1.531427651643753052e-01
-1.180936217308044434e+00
-1.543800354003906250e+00
1.747533440589904785e+00
-6.436277627944946289e-01
1.152442172169685364e-01
8.636297583580017090e-01
-4.454284191131591797e+00
1.657363057136535645e+00
2.558097600936889648e+00
5.813309669494628906e+00
4.641367912292480469e+00
-5.766913414001464844e+00
-6.158477306365966797e+00
3.837697267532348633e+00
-4.069712162017822266e+00
-3.001342296600341797e+00
1.896005392074584961e+00
-6.428979873657226562e+00
-3.288448095321655273e+00
-7.530170679092407227e-01
4.748535156250000000e+00
4.744084835052490234e+00
-2.331433534622192383e+00
-1.059611439704895020e+00
3.474284410476684570e-01
-7.151333689689636230e-01
2.510935544967651367e+00
-1.361681938171386719e+00
-3.134480714797973633e+00
5.419650077819824219e+00
3.470572948455810547e+00
4.910246849060058594e+00
-2.237646818161010742e+00
-3.424116134643554688e+00
4.547833442687988281e+00
-2.634961366653442383e+00
1.308087110519409180e+00
2.713182449340820312e+00
-4.057916641235351562e+00
3.420823216438293457e-01
-3.614574670791625977e+00
3.767503499984741211e+00
-9.732615351676940918e-01
-2.262128114700317383e+00
-6.113811731338500977e-01
1.349616408348083496e+00
