1.149809241294860840e+00
-7.890384793281555176e-01
-9.067654013633728027e-01
-7.791762799024581909e-02
7.824698090553283691e-01
2.280502557754516602e+00
2.218889474868774414e+00
-1.550467252731323242e+00
1.556033492088317871e+00
-1.690100908279418945e+00
1.206237792968750000e+00
1.059571623802185059e+00
-1.278075337409973145e+00
-1.245620325207710266e-01
-5.696569681167602539e-01
1.874940991401672363e+00
1.854161500930786133e+00
1.134557843208312988e+00
-2.019945859909057617e+00
-1.147434115409851074e+00
6.644502162933349609e+00
4.006430149078369141e+00
2.641276597976684570e+00
9.829215407371520996e-01
2.029023647308349609e+00
4.180924594402313232e-01
1.088392972946166992e+00
-4.943455696105957031e+00
4.143096446990966797e+00
5.085613727569580078e+00
6.109212040901184082e-01
3.503056049346923828e+00
5.316953659057617188e+00
-4.080851554870605469e+00
2.299409627914428711e+00
-4.795631885528564453e+00
-2.707684755325317383e+00
4.023386001586914062e+00
3.210425138473510742e+00
3.554897308349609375e+00
-4.960417747497558594e+00
4.843672752380371094e+00
7.922363281250000000e-01
7.632483541965484619e-02
-2.689558506011962891e+00
-1.251450628042221069e-01
-1.179735064506530762e+00
2.999090194702148438e+00
2.430407524108886719e+00
-2.091817140579223633e+00
1.646952509880065918e+00
1.475912451744079590e+00
-2.957818031311035156e+00
-2.037333488464355469e+00
-1.629329085350036621e+00
1.865768313407897949e+00
1.971995592117309570e+00
1.888525724411010742e+00
2.241773843765258789e+00
4.159873485565185547e+00
5.997188687324523926e-01
