1.121956333518028259e-01
-2.103247940540313721e-01
1.483101844787597656e+00
4.200832843780517578e-01
2.229291759431362152e-02
-7.046008016914129257e-03
-7.595836520195007324e-01
1.432710170745849609e+00
7.335807085037231445e-01
-2.039478778839111328e+00
1.006109118461608887e+00
1.791289925575256348e+00
-2.387355327606201172e+00
-7.046562433242797852e-01
1.575927257537841797e+00
-8.759120106697082520e-01
2.153541088104248047e+00
-3.558731555938720703e+00
3.602361381053924561e-01
-1.134248733520507812e+00
1.925926923751831055e+00
9.276597499847412109e-01
-3.214857578277587891e+00
-2.193616032600402832e-01
1.486312299966812134e-01
3.871861457824707031e+00
1.560141324996948242e+00
-5.506848812103271484e+00
9.927282929420471191e-01
1.474001288414001465e+00
3.232911825180053711e+00
-2.166398286819458008e+00
-1.574264883995056152e+00
-4.096988201141357422e+00
-3.864186048507690430e+00
3.278700590133666992e+00
3.641414403915405273e+00
-2.557713985443115234e+00
1.312950730323791504e+00
-4.583593845367431641e+00
2.553763091564178467e-01
-6.497198939323425293e-01
3.967256546020507812e+00
-3.470028340816497803e-01
1.876321285963058472e-01
-5.631503105163574219e+00
-1.023328304290771484e+00
2.339771509170532227e+00
-3.066054344177246094e+00
-5.450682640075683594e-01
1.868773102760314941e+00
-1.466396570205688477e+00
-1.919547915458679199e+00
-2.681816339492797852e+00
-3.668889760971069336e+00
2.780034303665161133e+00
1.306334257125854492e+00
6.226673722267150879e-01
-1.189517617225646973e+00
1.532543420791625977e+00
4.084707260131835938e+00
