-2.040921926498413086e+00
-1.631456851959228516e+00
3.825187087059020996e-01
1.410138010978698730e+00
1.045386672019958496e+00
1.084082841873168945e+00
8.861142992973327637e-01
-2.616613626480102539e+00
-1.399689435958862305e+00
-1.001740574836730957e+00
-1.517181873321533203e+00
-2.232237577438354492e+00
6.235418319702148438e-01
1.773581206798553467e-01
1.734333038330078125e+00
1.313991308212280273e+00
-1.637188911437988281e+00
-1.769685387611389160e+00
-3.385854721069335938e+00
5.628990530967712402e-01
7.913307666778564453e+00
-2.274939298629760742e+00
-9.345468282699584961e-01
-4.050546586513519287e-01
-4.150751590728759766e+00
1.883387565612792969e-01
-2.332454204559326172e+00
-7.776003837585449219e+00
-7.453640103340148926e-01
6.362769752740859985e-02
-2.609162628650665283e-01
-6.775055885314941406e+00
-3.504621744155883789e+00
-2.487485647201538086e+00
-7.113694548606872559e-01
3.402960300445556641e+00
-2.226850986480712891e+00
-3.594115495681762695e+00
1.452916383743286133e+00
-4.418434798717498779e-01
2.655509471893310547e+00
1.972812116146087646e-01
1.171453297138214111e-01
-1.356482058763504028e-01
4.902324199676513672e+00
-4.945784509181976318e-01
-1.368664264678955078e+00
-1.247475624084472656e+00
7.888380885124206543e-01
3.085585534572601318e-01
3.228487670421600342e-01
1.922099232673645020e+00
-2.529979705810546875e+00
1.460080623626708984e+00
4.287942349910736084e-01
1.803127884864807129e+00
-2.283068656921386719e+00
2.181659698486328125e+00
3.011594116687774658e-01
1.182486414909362793e+00
1.984113305807113647e-01
