-1.862533092498779297e+00
-1.310570597648620605e+00
-2.097453594207763672e+00
-1.102137684822082520e+00
-2.795260190963745117e+00
2.198457241058349609e+00
-1.435220599174499512e+00
-8.645296692848205566e-01
5.115476846694946289e-01
-5.727036595344543457e-01
1.955020308494567871e+00
1.976039528846740723e+00
2.287197351455688477e+00
2.313429832458496094e+00
-1.045408621430397034e-01
-2.081813097000122070e+00
-6.271390914916992188e-01
2.108945369720458984e+00
1.032468676567077637e+00
1.124484539031982422e+00
-8.226570129394531250e+00
-1.339215487241744995e-01
6.514944553375244141e+00
3.733784854412078857e-01
-2.458984375000000000e+00
-9.412680625915527344e+00
2.412883043289184570e+00
-4.588332653045654297e+00
-1.903777956962585449e+00
3.474862337112426758e+00
4.261318206787109375e+00
1.511849522590637207e+00
-9.821236610412597656e+00
9.006233215332031250e-01
-2.840794086456298828e+00
-4.142946720123291016e+00
-3.320211887359619141e+00
2.142503499984741211e+00
-2.689545631408691406e+00
-2.684811830520629883e+00
2.281008005142211914e+00
-9.934093952178955078e-01
-7.366613149642944336e-01
6.605464965105056763e-03
-4.778578281402587891e-01
-5.046898841857910156e+00
-1.826178789138793945e+00
1.089204549789428711e+00
-6.132260560989379883e-01
-5.667189598083496094e+00
2.196399450302124023e+00
-2.099263906478881836e+00
3.855638027191162109e+00
-4.096066653728485107e-01
7.580469548702239990e-02
1.858292460441589355e+00
-6.245175361633300781e+00
5.294793248176574707e-01
2.459423780441284180e+00
-4.663589954376220703e+00
1.247427821159362793e+00
