-1.612495422363281250e+00
3.524142503738403320e-01
-1.163820147514343262e+00
-1.168428063392639160e+00
1.414430379867553711e+00
5.805342793464660645e-01
5.221811532974243164e-01
-9.272866249084472656e-01
5.130343139171600342e-02
-5.599516630172729492e-01
1.722569823265075684e+00
-7.420992255210876465e-01
7.106970548629760742e-01
-2.032001316547393799e-02
1.049449443817138672e+00
-3.869307935237884521e-01
-5.318273305892944336e-01
3.520330190658569336e-01
2.618918716907501221e-01
1.981463551521301270e+00
3.698229074478149414e+00
-1.237486720085144043e+00
4.890944480895996094e+00
-5.196086406707763672e+00
5.666799545288085938e+00
3.919203996658325195e+00
-2.750271320343017578e+00
-1.300581336021423340e+00
1.452919363975524902e+00
1.412185132503509521e-01
-3.761199235916137695e+00
5.720400214195251465e-01
-3.078171610832214355e-01
-2.532339334487915039e+00
-4.072277843952178955e-01
1.565467476844787598e+00
1.201833248138427734e+00
-1.482854366302490234e+00
-5.274400711059570312e-01
-7.048399448394775391e-01
4.432460784912109375e+00
-1.364117741584777832e+00
-3.335707664489746094e+00
3.673670530319213867e+00
3.191945314407348633e+00
2.739177465438842773e+00
-2.966028213500976562e+00
1.157250761985778809e+00
-9.311278462409973145e-01
-8.959265947341918945e-01
3.623733520507812500e+00
1.261028289794921875e+00
1.244201183319091797e+00
3.062452793121337891e+00
1.405020475387573242e+00
1.600140213966369629e+00
-3.083815336227416992e+00
-1.997123479843139648e+00
-7.018660902976989746e-01
-1.251777052879333496e+00
2.316022105515003204e-02
