-9.782198667526245117e-01
1.521300196647644043e+00
1.480921983718872070e+00
-6.808672547340393066e-01
-3.641379177570343018e-01
1.280152648687362671e-01
1.029635787010192871e+00
8.928434848785400391e-01
8.847971558570861816e-01
-8.328193426132202148e-01
4.740706980228424072e-01
4.627333879470825195e-01
2.628023862838745117e+00
1.427635788917541504e+00
-2.398436784744262695e+00
-2.290538787841796875e+00
-1.561815261840820312e+00
1.888816714286804199e+00
-1.501140475273132324e+00
1.802958011627197266e+00
4.026432633399963379e-01
5.828327178955078125e+00
2.521531343460083008e+00
1.115160360932350159e-01
2.673139609396457672e-02
1.466833055019378662e-01
5.112426877021789551e-01
-2.613230943679809570e+00
-1.479529857635498047e+00
2.037804275751113892e-01
2.918037652969360352e+00
2.098567008972167969e+00
-9.849054813385009766e-01
4.441818237304687500e+00
9.198284149169921875e+00
3.941651284694671631e-01
-6.364624500274658203e+00
-4.472188949584960938e+00
3.275410413742065430e+00
2.452639579772949219e+00
2.126952409744262695e+00
6.026191711425781250e+00
-2.783905744552612305e+00
-5.279437303543090820e-01
-1.221075296401977539e+00
4.768407046794891357e-01
-5.373100042343139648e-01
-1.892006278038024902e+00
1.296018838882446289e+00
3.778328001499176025e-02
2.447454452514648438e+00
2.273541212081909180e+00
-1.832597106695175171e-01
-1.839984416961669922e+00
-1.096660375595092773e+00
-9.549897909164428711e-01
6.569045066833496094e+00
2.504214763641357422e+00
2.767062187194824219e+00
2.635448217391967773e+00
-1.708388566970825195e+00
