-2.708748541772365570e-02
1.538740277290344238e+00
1.774249598383903503e-02
5.428457856178283691e-01
-2.185612201690673828e+00
-1.382718205451965332e+00
-2.888724952936172485e-02
3.363839909434318542e-02
-4.063186645507812500e+00
-9.759457707405090332e-01
4.739395380020141602e-01
5.787284672260284424e-02
2.080940961837768555e+00
1.199185475707054138e-01
-8.407450318336486816e-01
-1.727737665176391602e+00
9.220167249441146851e-02
1.669158577919006348e+00
5.769596695899963379e-01
-4.307137429714202881e-02
-4.614567458629608154e-01
-5.536206245422363281e+00
5.568696260452270508e-01
-2.361950427293777466e-01
7.714227676391601562e+00
-4.991545200347900391e+00
-2.623831510543823242e+00
-1.958224415779113770e+00
4.557403087615966797e+00
-2.892499446868896484e+00
2.445004224777221680e+00
4.133495092391967773e-01
3.512112379074096680e+00
5.270189046859741211e-01
1.662292480468750000e+00
3.373984098434448242e+00
-2.698412418365478516e+00
5.614997863769531250e+00
-2.371100425720214844e+00
-3.708240091800689697e-01
1.032995462417602539e+00
3.233555078506469727e+00
-8.859332203865051270e-01
1.555285573005676270e+00
1.404249310493469238e+00
-3.184162616729736328e+00
-3.229044675827026367e+00
1.562274456024169922e+00
-3.514906466007232666e-01
-1.647421717643737793e+00
-2.417903184890747070e+00
-2.016924768686294556e-01
-1.304201602935791016e+00
7.055154442787170410e-01
2.231043815612792969e+00
-1.031575679779052734e+00
-6.509891152381896973e-01
-2.757656812667846680e+00
-2.826161623001098633e+00
3.379160165786743164e-01
-1.828437805175781250e+00
