9.748807549476623535e-01
-1.621785163879394531e+00
1.490905523300170898e+00
-8.540514707565307617e-01
-4.893715083599090576e-01
5.508749485015869141e-01
-1.528924107551574707e+00
-1.996049046516418457e+00
-6.237924098968505859e+00
-2.827481925487518311e-02
-1.746646285057067871e+00
-2.260293960571289062e+00
-6.493504047393798828e-01
6.275556236505508423e-02
-1.343421101570129395e+00
-1.501173019409179688e+00
-5.681726336479187012e-01
-1.694191336631774902e+00
9.968388676643371582e-01
-4.133131802082061768e-01
-3.939256429672241211e+00
3.035477161407470703e+00
-6.602999567985534668e-01
4.717738032341003418e-01
-2.406411886215209961e+00
2.810122013092041016e+00
6.187507510185241699e-01
-2.254294395446777344e+00
1.792275667190551758e+00
4.301781058311462402e-01
-8.175319671630859375e+00
8.609705924987792969e+00
-2.258584976196289062e+00
-1.795788645744323730e+00
-1.718406006693840027e-02
6.364754438400268555e-01
-2.802212476730346680e+00
6.663250923156738281e+00
8.003150820732116699e-01
7.365168929100036621e-01
3.616724014282226562e+00
1.740452289581298828e+00
-1.515112996101379395e+00
-3.757910728454589844e+00
-2.716070890426635742e+00
1.918872952461242676e+00
7.407792210578918457e-01
6.846261620521545410e-01
-5.908987368457019329e-04
-1.921750545501708984e+00
2.123424053192138672e+00
-9.591800719499588013e-02
4.305300235748291016e+00
2.449406385421752930e+00
1.431202411651611328e+00
6.435462832450866699e-01
-3.476372003555297852e+00
3.440051078796386719e+00
1.784311294555664062e+00
-2.413512706756591797e+00
1.402525663375854492e+00
