-1.323460698127746582e+00
1.298788428306579590e+00
1.791204810142517090e+00
1.102330312132835388e-01
-1.905886054039001465e+00
1.368001341819763184e+00
1.759870648384094238e+00
-8.332831859588623047e-01
-1.546507239341735840e+00
-1.007747173309326172e+00
-1.663879156112670898e+00
-1.629890799522399902e+00
-4.789767861366271973e-01
-1.260207891464233398e-01
-2.231529235839843750e+00
5.781242847442626953e-01
-3.426955342292785645e-01
4.737784862518310547e-01
-1.110270738601684570e+00
-1.172879815101623535e+00
-2.469779014587402344e+00
1.787781119346618652e+00
2.994205713272094727e+00
2.630002737045288086e+00
4.309741497039794922e+00
2.384858608245849609e+00
-1.063442230224609375e+00
2.650865077972412109e+00
-3.273294448852539062e+00
2.170892477035522461e+00
-1.521509647369384766e+00
-5.822103977203369141e+00
1.011365532875061035e+00
8.436953425407409668e-01
4.002838730812072754e-01
-2.438647270202636719e+00
-1.608156681060791016e+00
-2.624834537506103516e+00
-5.977445840835571289e-01
-4.448811054229736328e+00
1.644127011299133301e+00
-1.813937187194824219e+00
2.300697803497314453e+00
-2.543984651565551758e+00
-2.162145853042602539e+00
-2.946959495544433594e+00
-5.932720303535461426e-01
9.825472831726074219e-01
-2.163101196289062500e+00
1.064667582511901855e+00
-1.513825416564941406e+00
-3.256306886672973633e+00
2.938832156360149384e-03
-4.658589139580726624e-02
-8.966802954673767090e-01
1.681931376457214355e+00
-1.366812109947204590e+00
-2.634917497634887695e+00
9.385151267051696777e-01
3.436175584793090820e+00
7.920122146606445312e-01
