1.518951296806335449e+00
1.663064241409301758e+00
-9.481860995292663574e-01
-8.676263093948364258e-01
1.140791058540344238e+00
1.495386838912963867e+00
6.235713362693786621e-01
5.808160305023193359e-01
1.196673631668090820e+00
4.586931765079498291e-01
-1.321469545364379883e+00
-1.067039370536804199e-01
-2.087667703628540039e+00
3.322670757770538330e-01
1.013948082923889160e+00
6.110208630561828613e-01
-1.904995292425155640e-01
4.609100520610809326e-01
3.388276100158691406e-01
-1.095811724662780762e+00
-4.460054874420166016e+00
3.169515848159790039e+00
4.286376476287841797e+00
1.177668094635009766e+00
3.996200561523437500e+00
-6.744083881378173828e+00
2.010438144207000732e-01
1.311200499534606934e+00
1.510353088378906250e+00
1.986247539520263672e+00
-1.766873836517333984e+00
1.120370864868164062e+00
-9.590811729431152344e-01
-6.927180886268615723e-01
-7.993820309638977051e-01
-4.668196141719818115e-01
-9.610725641250610352e-01
-1.369971632957458496e+00
-8.621636033058166504e-01
-6.024633407592773438e+00
-2.064435005187988281e+00
-1.741720676422119141e+00
-4.858566761016845703e+00
-4.858972132205963135e-01
1.766402482986450195e+00
-4.316418170928955078e+00
1.902739554643630981e-01
-1.650539040565490723e+00
-2.962302565574645996e-01
-2.351687669754028320e+00
-3.035880565643310547e+00
-8.408714830875396729e-02
6.786280274391174316e-01
8.400717973709106445e-01
-1.661075830459594727e+00
7.924312949180603027e-01
8.727925419807434082e-01
1.266785144805908203e+00
1.118263363838195801e+00
-4.000731945037841797e+00
-1.500783801078796387e+00
