1.287782311439514160e+00
9.426226019859313965e-01
-3.135665059089660645e-01
5.687457323074340820e-01
1.085608482360839844e+00
6.203112751245498657e-02
-4.194932430982589722e-02
5.135310888290405273e-01
-3.487244248390197754e-01
1.095000386238098145e+00
-5.276235342025756836e-01
1.065600872039794922e+00
-2.235299587249755859e+00
-7.610478997230529785e-01
1.665327548980712891e-01
6.625209450721740723e-01
1.595462203025817871e+00
1.916049003601074219e+00
-3.119394481182098389e-01
-1.039989709854125977e+00
-1.168192982673645020e+00
1.344991803169250488e+00
-1.791636645793914795e-01
-7.840921282768249512e-01
-2.763746500015258789e+00
-5.059016868472099304e-02
9.723010659217834473e-01
-6.567144393920898438e-01
1.575403809547424316e-01
1.585798144340515137e+00
-4.010102748870849609e-01
-3.184891939163208008e+00
7.865515232086181641e+00
-2.792125940322875977e+00
1.083166480064392090e+00
-1.343399643898010254e+00
5.479678630828857422e+00
2.399581909179687500e+00
-1.036901593208312988e+00
-5.440170764923095703e+00
2.197967529296875000e+00
-9.000379443168640137e-01
1.398127436637878418e+00
-4.955287575721740723e-01
2.068235397338867188e+00
-6.287525296211242676e-01
-1.052672713994979858e-01
-3.950681686401367188e-01
1.293123245239257812e+00
-1.663100719451904297e+00
1.287202119827270508e+00
-1.212638258934020996e+00
-1.556718230247497559e+00
-5.670933723449707031e+00
3.989208638668060303e-01
-1.956135988235473633e+00
-2.860032796859741211e+00
2.967801332473754883e+00
-9.023131132125854492e-01
3.228361129760742188e+00
1.219880700111389160e+00
