-1.793939352035522461e+00
8.997251987457275391e-01
6.334563493728637695e-01
-9.984471201896667480e-01
-1.265612721443176270e+00
-1.604163885116577148e+00
8.148344755172729492e-01
-2.338639020919799805e+00
4.031850099563598633e-01
5.499550104141235352e-01
1.886113286018371582e+00
1.253625750541687012e+00
-8.061388731002807617e-01
-1.653151273727416992e+00
-1.074717402458190918e+00
-1.383059859275817871e+00
-5.573661327362060547e-01
-2.287562131881713867e+00
1.156708836555480957e+00
1.425488948822021484e+00
-2.936739027500152588e-01
3.122520685195922852e+00
-3.183297812938690186e-01
1.433689832687377930e+00
2.273280024528503418e-01
1.815990544855594635e-02
2.290379524230957031e+00
-9.230793118476867676e-01
3.159691095352172852e-01
-1.277893900871276855e+00
-4.283329010009765625e+00
2.744560956954956055e+00
-1.339494943618774414e+00
4.418314456939697266e+00
2.334071099758148193e-01
-5.539261341094970703e+00
1.266587823629379272e-01
1.527703046798706055e+00
4.061591625213623047e+00
5.486552238464355469e+00
5.245409607887268066e-01
3.113983392715454102e+00
-1.227802857756614685e-01
1.956049323081970215e+00
-6.424117684364318848e-01
-8.278283476829528809e-01
-2.255157470703125000e+00
9.326594471931457520e-01
1.166850805282592773e+00
2.671681642532348633e+00
2.467837333679199219e+00
2.289134502410888672e+00
1.815702319145202637e+00
3.307264566421508789e+00
-1.017883419990539551e+00
-4.729874134063720703e+00
-7.753041386604309082e-01
1.284904122352600098e+00
-3.111521482467651367e+00
-4.086325645446777344e+00
-5.829408019781112671e-02
