-1.480886936187744141e+00
1.536792516708374023e+00
1.598919868469238281e+00
5.664820671081542969e-01
-1.373351216316223145e+00
1.225228190422058105e+00
1.537990450859069824e+00
1.382291764020919800e-01
4.626184105873107910e-01
-2.960966527462005615e-01
-1.232646465301513672e+00
8.531462550163269043e-01
1.834114938974380493e-01
2.091194391250610352e+00
-2.032410621643066406e+00
-1.795330405235290527e+00
2.595865249633789062e+00
-4.029721319675445557e-01
-2.140536069869995117e+00
-1.427702426910400391e+00
-6.076939702033996582e-01
1.378588795661926270e+00
2.609941720962524414e+00
2.765182256698608398e+00
3.246669292449951172e+00
4.645856022834777832e-01
5.123923778533935547e+00
8.461274504661560059e-01
-2.488303422927856445e+00
5.207922309637069702e-02
4.790257930755615234e+00
4.522675514221191406e+00
-1.036239504814147949e+00
-8.100704193115234375e+00
4.074969291687011719e+00
-8.935673236846923828e-01
3.514728546142578125e-01
5.225671529769897461e-01
-7.097168922424316406e+00
-1.395112723112106323e-01
7.837882637977600098e-01
-1.400641322135925293e+00
1.480683445930480957e+00
2.104297637939453125e+00
1.462478876113891602e+00
3.158539772033691406e+00
2.818126916885375977e+00
2.162870466709136963e-01
-1.916379213333129883e+00
2.253008604049682617e+00
-4.861507892608642578e+00
-3.186407089233398438e+00
-1.518262624740600586e+00
-2.881908893585205078e+00
-2.171222686767578125e+00
9.667289257049560547e-01
8.272914290428161621e-01
1.328468084335327148e+00
2.528260707855224609e+00
2.559348940849304199e-01
-1.058207035064697266e+00
