1.476673245429992676e+00
1.589633107185363770e+00
1.785509586334228516e+00
-1.979486793279647827e-01
-1.190833091735839844e+00
9.827950000762939453e-01
-1.856098055839538574e+00
1.048448324203491211e+00
-1.928819179534912109e+00
5.650448799133300781e-01
1.190744876861572266e+00
1.611322164535522461e+00
8.974703550338745117e-01
-1.038610339164733887e+00
5.695821642875671387e-01
-2.277413368225097656e+00
-6.470816731452941895e-01
1.340673446655273438e+00
2.513508796691894531e-01
1.144159555435180664e+00
-1.455537199974060059e+00
-1.385827779769897461e+00
-2.352780580520629883e+00
-9.136733412742614746e-01
-4.029514312744140625e+00
4.313353002071380615e-01
-5.908630371093750000e+00
-4.914896190166473389e-01
-5.592211246490478516e+00
-3.715489387512207031e+00
5.054574489593505859e+00
-1.656760096549987793e+00
-6.134292855858802795e-02
-1.142817258834838867e+00
-2.282999277114868164e+00
2.515358151867985725e-03
-2.216866970062255859e+00
1.121240496635437012e+00
1.271659135818481445e+00
1.522154927253723145e+00
2.552243471145629883e+00
-5.410979390144348145e-01
-1.214661002159118652e+00
2.615500688552856445e+00
3.381519079208374023e+00
7.136179208755493164e-01
-2.818391084671020508e+00
5.330767631530761719e-01
1.185902237892150879e+00
-3.211651325225830078e+00
1.661416649818420410e+00
-8.616517186164855957e-01
4.508466124534606934e-01
-8.095687627792358398e-01
8.617933392524719238e-01
4.206768572330474854e-01
-1.277748465538024902e+00
-2.564709663391113281e+00
-1.561741709709167480e+00
1.619208335876464844e+00
-7.254170775413513184e-01
