8.387590050697326660e-01
-1.401538133621215820e+00
-4.489246904850006104e-01
3.062375068664550781e+00
1.191613197326660156e+00
1.154391527175903320e+00
2.225684404373168945e+00
1.963369250297546387e+00
1.439781665802001953e+00
1.770114898681640625e+00
2.828522920608520508e+00
1.828873038291931152e+00
-1.100484371185302734e+00
-1.287211656570434570e+00
1.886365890502929688e+00
-9.548270702362060547e-01
1.416593194007873535e+00
-1.446641683578491211e+00
8.714934587478637695e-01
-5.419489145278930664e-01
1.562394618988037109e+00
-3.492714464664459229e-01
2.332397460937500000e+00
5.685574054718017578e+00
-3.131144046783447266e+00
-4.682840824127197266e+00
4.110909104347229004e-01
-3.464567184448242188e+00
-2.383914947509765625e+00
-7.772358894348144531e+00
5.239148616790771484e+00
2.979732155799865723e-01
-2.759772777557373047e+00
4.797784328460693359e+00
3.411178290843963623e-01
-1.446988105773925781e+00
2.033954113721847534e-02
-4.316303730010986328e+00
1.537488818168640137e+00
-1.847135782241821289e+00
2.068427801132202148e+00
2.587489128112792969e+00
1.858291149139404297e+00
4.116578102111816406e+00
1.043781280517578125e+00
-5.795111179351806641e+00
-8.639214038848876953e-01
-3.059209346771240234e+00
3.237878322601318359e+00
3.129676103591918945e+00
-5.479116439819335938e+00
1.618197798728942871e+00
4.390779495239257812e+00
-2.764664888381958008e+00
2.051853418350219727e+00
1.070258259773254395e+00
-8.800439834594726562e-01
-4.073584079742431641e+00
4.119422912597656250e+00
3.905739784240722656e+00
2.562397122383117676e-01
