7.078644037246704102e-01
1.801772832870483398e+00
1.093587994575500488e+00
-1.137787997722625732e-01
-1.807074904441833496e+00
2.188357114791870117e+00
1.841588616371154785e+00
-1.046133995056152344e+00
-1.644771218299865723e+00
-1.222086787223815918e+00
1.704449892044067383e+00
1.126541733741760254e+00
-1.053756475448608398e+00
-1.825531005859375000e+00
-1.469416379928588867e+00
-2.061253070831298828e+00
-1.253326773643493652e+00
-1.455328941345214844e+00
-1.437123179435729980e+00
2.164864778518676758e+00
3.110326528549194336e+00
3.701662421226501465e-01
-1.508798599243164062e+00
1.402590572834014893e-01
7.550138950347900391e+00
4.033148288726806641e-01
-7.548808574676513672e+00
2.502499818801879883e+00
-7.002080678939819336e-01
-1.046652317047119141e+00
7.000753402709960938e+00
-2.297027558088302612e-01
-1.768814325332641602e+00
-2.538789749145507812e+00
-1.853477478027343750e+00
-3.490114212036132812e+00
4.566477298736572266e+00
4.089413166046142578e+00
-5.622900962829589844e+00
3.219837665557861328e+00
1.664069890975952148e+00
6.837753653526306152e-01
1.407906770706176758e+00
1.507293701171875000e+00
-3.867743968963623047e+00
7.757312059402465820e-01
-2.923106670379638672e+00
3.588038682937622070e+00
9.540678858757019043e-01
-8.642048239707946777e-01
-3.642413854598999023e+00
-1.412351012229919434e+00
-1.247805118560791016e+00
1.476008534431457520e+00
7.305567264556884766e-01
1.794068574905395508e+00
1.714715361595153809e+00
-3.837427139282226562e+00
-2.864395856857299805e+00
2.255460739135742188e+00
-6.865784525871276855e-01
