3.889302536845207214e-02
1.730441331863403320e+00
6.376786828041076660e-01
-7.874404788017272949e-01
3.036448359489440918e-01
-9.063008427619934082e-01
-1.147140741348266602e+00
-1.357382059097290039e+00
-1.747005105018615723e+00
1.201456308364868164e+00
1.645549893379211426e+00
7.912774085998535156e-01
8.683483004570007324e-01
7.862480729818344116e-02
-7.672508955001831055e-01
1.947142839431762695e+00
1.231985569000244141e+00
-1.467875003814697266e+00
1.039322018623352051e+00
5.143072009086608887e-01
1.237866520881652832e+00
4.100239276885986328e+00
7.145274896174669266e-03
3.471488952636718750e+00
1.015191078186035156e+00
3.041589498519897461e+00
-9.899646639823913574e-01
2.630121946334838867e+00
-8.555327057838439941e-01
1.389945298433303833e-01
-3.687935471534729004e-01
1.905292391777038574e+00
-8.533508181571960449e-01
1.186268687248229980e+00
-2.535381793975830078e+00
-1.078093290328979492e+00
-4.962263107299804688e+00
-6.355693191289901733e-02
1.071907758712768555e+00
-2.590659856796264648e-01
1.575322747230529785e+00
-1.156767964363098145e+00
2.268386781215667725e-01
-3.181159257888793945e+00
8.978323936462402344e-01
-1.544419407844543457e+00
3.339681863784790039e+00
9.934370517730712891e-01
4.348918199539184570e-01
1.579358696937561035e+00
-4.741387367248535156e-01
3.674861669540405273e+00
9.701966643333435059e-01
6.486307978630065918e-01
1.973733663558959961e+00
-1.702032685279846191e+00
-3.719418525695800781e+00
-1.323311448097229004e+00
3.251098990440368652e-01
7.013932466506958008e-01
-1.368256449699401855e+00
