-1.375220298767089844e+00
1.288140773773193359e+00
-1.604353308677673340e+00
1.838456392288208008e+00
-7.457196712493896484e-01
-6.894651651382446289e-01
-1.540203094482421875e-01
-7.956642508506774902e-01
6.662245988845825195e-01
1.785987377166748047e+00
-1.234545230865478516e+00
8.125842809677124023e-01
7.470126748085021973e-01
-8.291165828704833984e-01
1.113079190254211426e+00
3.567005693912506104e-02
-7.569344043731689453e-01
2.445304632186889648e+00
1.445270895957946777e+00
-1.367349147796630859e+00
-2.457301855087280273e+00
8.066799640655517578e-01
-1.268722712993621826e-01
6.605286121368408203e+00
-3.988602399826049805e+00
1.602997660636901855e+00
2.090571165084838867e+00
5.688000470399856567e-02
-4.012509822845458984e+00
-2.208389520645141602e+00
-2.475727558135986328e+00
3.939791440963745117e+00
-1.335039019584655762e+00
-2.032511472702026367e+00
4.791269779205322266e+00
-2.326119422912597656e+00
1.778213858604431152e+00
8.721753120422363281e+00
-2.240766525268554688e+00
-7.722909450531005859e-01
-1.255457043647766113e+00
-5.652731657028198242e-01
-1.836004614830017090e+00
3.600196123123168945e+00
-3.821731567382812500e+00
2.805868625640869141e+00
5.231214761734008789e-01
5.533888563513755798e-02
4.531296730041503906e+00
-1.121068596839904785e+00
-1.553241014480590820e+00
3.691510915756225586e+00
2.950956106185913086e+00
3.928555250167846680e+00
-5.498528003692626953e+00
2.201724290847778320e+00
2.311115026473999023e+00
-9.213884472846984863e-01
1.984942913055419922e+00
1.556544780731201172e+00
2.099980115890502930e+00
