7.205249071121215820e-01
-1.080424427986145020e+00
-1.281054615974426270e+00
-1.982590854167938232e-01
-4.989040493965148926e-01
7.691133767366409302e-02
2.495863474905490875e-02
-1.829912543296813965e+00
-2.390831470489501953e+00
-9.206660389900207520e-01
8.513725399971008301e-01
-1.280852913856506348e+00
1.496880292892456055e+00
7.786515951156616211e-01
-2.990586280822753906e+00
5.225190520286560059e-01
1.666990041732788086e+00
-1.541372418403625488e+00
-1.442429304122924805e+00
1.283508390188217163e-01
-3.652540922164916992e+00
1.797891736030578613e+00
-1.061541557312011719e+00
2.679250948131084442e-02
5.360590219497680664e-01
-9.115720391273498535e-01
1.383985638618469238e+00
7.939474105834960938e+00
-1.862375736236572266e+00
3.749083029106259346e-03
2.956802368164062500e+00
2.546163320541381836e+00
-6.321160793304443359e+00
4.436129093170166016e+00
5.629250407218933105e-01
-5.275148153305053711e-01
-3.826552391052246094e+00
1.491842508316040039e+00
-4.392712593078613281e+00
-2.773927152156829834e-01
-2.307435989379882812e+00
1.027482867240905762e+00
8.232595324516296387e-01
-1.343601107597351074e+00
2.962143123149871826e-01
1.492742061614990234e+00
-3.296832561492919922e+00
-4.793081760406494141e+00
-9.449142217636108398e-01
1.058567166328430176e+00
2.755634069442749023e+00
1.977690339088439941e+00
-3.493411064147949219e+00
-4.589160442352294922e+00
3.813127875328063965e-01
-9.610706567764282227e-02
2.026576280593872070e+00
-1.155830740928649902e+00
2.208801746368408203e+00
1.899528861045837402e+00
7.217899322509765625e+00
