1.568893194198608398e+00
-1.246540069580078125e+00
7.993808984756469727e-01
-1.249963760375976562e+00
-1.274446964263916016e+00
2.081057786941528320e+00
4.469927549362182617e-01
1.714288353919982910e+00
-1.342715501785278320e+00
1.983258724212646484e+00
4.462938904762268066e-01
-1.347083210945129395e+00
-1.355911731719970703e+00
-5.420014858245849609e-01
1.173954129219055176e+00
-8.390706181526184082e-01
1.403402924537658691e+00
8.898718953132629395e-01
1.438124775886535645e+00
5.908744335174560547e-01
-2.192199230194091797e+00
-2.413156479597091675e-01
-1.037353500723838806e-01
3.282894849777221680e+00
2.527556896209716797e+00
1.997869372367858887e+00
4.397656619548797607e-01
5.707480907440185547e+00
9.896449446678161621e-01
1.491938948631286621e+00
1.830450147390365601e-01
4.832779884338378906e+00
3.354933023452758789e+00
-4.393436312675476074e-01
1.210902810096740723e+00
1.181182742118835449e+00
4.690424919128417969e+00
-3.767413616180419922e+00
-5.763769626617431641e+00
3.346435546875000000e+00
3.169588565826416016e+00
-3.595840632915496826e-01
-4.008075296878814697e-01
-2.505217075347900391e+00
1.433999776840209961e+00
-1.509788870811462402e+00
-9.796640276908874512e-01
2.477092981338500977e+00
3.867507576942443848e-01
1.456829547882080078e+00
-1.845151424407958984e+00
-3.303119897842407227e+00
2.746436357498168945e+00
1.088474154472351074e+00
2.428871393203735352e+00
1.287609457969665527e+00
-2.344821214675903320e+00
1.650739550590515137e+00
-3.914059162139892578e+00
2.146242618560791016e+00
-1.625984191894531250e+00
