-1.409295916557312012e+00
-4.548958837985992432e-01
1.186698675155639648e+00
2.074385404586791992e+00
2.214488267898559570e+00
-7.337880730628967285e-01
-5.134605169296264648e-01
-1.318270087242126465e+00
-1.517338156700134277e+00
1.298291921615600586e+00
1.475141286849975586e+00
-2.111237049102783203e+00
5.596172809600830078e-01
-1.444014549255371094e+00
9.905570149421691895e-01
-1.254446983337402344e+00
-8.371863961219787598e-01
-6.159790754318237305e-01
-7.688727974891662598e-01
1.081209257245063782e-01
-3.134791135787963867e+00
-4.793192446231842041e-01
2.095287799835205078e+00
-5.112166881561279297e+00
2.541015625000000000e+00
4.082494735717773438e+00
-3.275665342807769775e-01
3.186566591262817383e+00
-1.507613956928253174e-01
5.590884685516357422e+00
-1.846961021423339844e+00
-3.134531974792480469e+00
-1.548743844032287598e+00
1.405023574829101562e+00
4.156991958618164062e+00
-8.229350447654724121e-01
3.754793167114257812e+00
-3.112091541290283203e+00
-1.016300678253173828e+00
2.493056058883666992e+00
-2.905796051025390625e+00
1.813408613204956055e+00
-2.065739870071411133e+00
-1.597901701927185059e+00
7.595621347427368164e-01
3.000227451324462891e+00
4.258219897747039795e-01
-2.513273954391479492e+00
-5.044231414794921875e-01
4.533161163330078125e+00
-1.764712333679199219e+00
-1.052679419517517090e+00
-1.363919496536254883e+00
-2.019805669784545898e+00
-3.227768182754516602e+00
-3.264077603816986084e-01
-2.005531787872314453e+00
3.542411804199218750e+00
1.160826802253723145e+00
-1.346479892730712891e+00
1.749955892562866211e+00
