1.259210705757141113e+00
-6.470592021942138672e-01
-2.235220909118652344e+00
-9.249748587608337402e-01
-6.653064489364624023e-01
-2.286214113235473633e+00
-1.298457622528076172e+00
-1.435657620429992676e+00
2.008660316467285156e+00
1.668283343315124512e+00
-2.257269620895385742e+00
1.739587187767028809e+00
-6.884041428565979004e-01
4.457440078258514404e-01
2.070936441421508789e+00
2.235240936279296875e+00
-1.155102133750915527e+00
-6.432493329048156738e-01
-1.233048081398010254e+00
1.729414343833923340e+00
3.870971441268920898e+00
6.304830908775329590e-01
2.107887715101242065e-01
-2.078623533248901367e+00
-5.388395786285400391e-01
1.179644465446472168e+00
4.866221427917480469e+00
-3.142366647720336914e+00
-3.055021762847900391e+00
-2.906445980072021484e+00
4.255987644195556641e+00
-7.544712424278259277e-01
2.888940572738647461e+00
1.182043194770812988e+00
-1.345301032066345215e+00
-6.407023072242736816e-01
-1.764905929565429688e+00
-3.027858257293701172e+00
-4.816818714141845703e+00
6.118699073791503906e+00
3.546177387237548828e+00
1.694451212882995605e+00
-1.117755532264709473e+00
3.899281740188598633e+00
4.178729057312011719e-01
-5.774545669555664062e-01
-3.477716207504272461e+00
1.823931187391281128e-01
1.526216864585876465e+00
-2.421813249588012695e+00
-2.059243440628051758e+00
-9.176757931709289551e-01
4.116937160491943359e+00
-1.393352270126342773e+00
5.402805209159851074e-01
-1.258784294128417969e+00
-3.454618215560913086e+00
2.734484434127807617e+00
-4.741872787475585938e+00
-3.862308979034423828e+00
3.986107707023620605e-01
