1.405430912971496582e+00
6.366671919822692871e-01
1.310991644859313965e+00
1.571550667285919189e-01
1.876704573631286621e+00
-3.806831538677215576e-01
-9.687854051589965820e-01
-4.894472062587738037e-01
1.441953897476196289e+00
9.949113130569458008e-01
-2.232748031616210938e+00
1.464643359184265137e+00
2.223304510116577148e+00
-1.028976678848266602e+00
4.362686574459075928e-01
8.352158069610595703e-01
1.715453386306762695e+00
8.919753432273864746e-01
1.528595209121704102e+00
1.252013206481933594e+00
1.608400464057922363e+00
-9.322367906570434570e-01
4.173652231693267822e-01
7.477895617485046387e-01
-3.426674127578735352e+00
9.470452666282653809e-01
2.707469463348388672e+00
1.312617421150207520e+00
-5.058105468750000000e+00
-4.098849296569824219e+00
-5.853352695703506470e-02
5.854032039642333984e-01
-4.165080547332763672e+00
1.357539743185043335e-02
-1.408911824226379395e+00
-4.032899856567382812e+00
6.456889152526855469e+00
3.265929698944091797e+00
5.132616996765136719e+00
3.405604839324951172e+00
-2.297646045684814453e+00
1.162352204322814941e+00
7.888362407684326172e-01
2.006287813186645508e+00
1.259453415870666504e+00
-4.525910913944244385e-01
2.396360874176025391e+00
1.738772243261337280e-01
3.224950075149536133e+00
-4.273585319519042969e+00
1.631024122238159180e+00
9.612122774124145508e-01
-1.466975927352905273e+00
-5.550150871276855469e-01
4.969156086444854736e-01
2.607346057891845703e+00
3.038553953170776367e+00
-1.872196555137634277e+00
-2.474864482879638672e+00
1.589164018630981445e+00
-2.298401594161987305e-01
