1.951644182205200195e+00
2.870469808578491211e+00
8.141672015190124512e-01
6.915075778961181641e-01
8.673277497291564941e-01
-7.080804705619812012e-01
-1.242861747741699219e+00
-7.409809231758117676e-01
8.104156255722045898e-01
-7.286576032638549805e-01
1.540449738502502441e+00
-7.777475714683532715e-01
-8.696596622467041016e-01
1.843967586755752563e-01
-1.562596678733825684e+00
1.687357306480407715e+00
2.317657470703125000e-01
-1.861253261566162109e+00
-1.477636575698852539e+00
-9.351269602775573730e-01
-3.120920658111572266e+00
1.696529269218444824e+00
1.090213179588317871e+00
5.158401131629943848e-01
1.296802461147308350e-01
3.306674242019653320e+00
5.103897094726562500e+00
9.659022688865661621e-01
5.055660605430603027e-01
-1.569987297058105469e+00
-2.134758949279785156e+00
1.979089856147766113e+00
2.306776791810989380e-01
-1.405318617820739746e+00
2.291507244110107422e+00
4.762103080749511719e+00
7.882477045059204102e-01
7.036599159240722656e+00
-2.657142162322998047e+00
-4.988048374652862549e-01
-1.386237025260925293e+00
4.381219446659088135e-01
2.353195995092391968e-01
-2.851971387863159180e-01
1.209038719534873962e-01
-2.929103612899780273e+00
3.231834650039672852e+00
-2.971460580825805664e+00
-9.581852555274963379e-01
2.593731641769409180e+00
-1.231051445007324219e+00
1.733004689216613770e+00
-5.966165065765380859e-01
-1.203649997711181641e+00
-1.354484319686889648e+00
1.272475242614746094e+00
-1.564982056617736816e+00
-2.112917661666870117e+00
-2.176932811737060547e+00
6.918250322341918945e-01
2.169596105813980103e-01
