-5.413920283317565918e-01
-1.886118888854980469e+00
1.213775873184204102e+00
1.894316792488098145e+00
8.856320381164550781e-01
-1.318795323371887207e+00
2.181149721145629883e+00
-8.127025961875915527e-01
2.010193586349487305e+00
1.747544705867767334e-01
-1.888240575790405273e+00
-1.261187195777893066e+00
-9.073225408792495728e-02
-2.353116273880004883e+00
1.907629847526550293e+00
1.512528300285339355e+00
-6.431229114532470703e-01
-8.893661499023437500e-01
-1.751850366592407227e+00
-5.212060809135437012e-01
-3.083133220672607422e+00
-9.574473500251770020e-01
-4.745172560214996338e-01
7.212623596191406250e+00
-4.336064755916595459e-01
-1.270129799842834473e+00
1.180114597082138062e-01
-3.315997600555419922e+00
-1.603044986724853516e+00
2.616982698440551758e+00
-4.434707164764404297e+00
-2.544864177703857422e+00
-1.288252234458923340e+00
3.949627876281738281e+00
-3.405763864517211914e+00
-5.853181838989257812e+00
-3.481754541397094727e+00
-8.849695324897766113e-01
-7.987882494926452637e-01
2.521591424942016602e+00
3.412485599517822266e+00
3.203860521316528320e-01
8.775419592857360840e-01
-2.479268074035644531e+00
1.128205657005310059e+00
2.553867340087890625e+00
8.599904775619506836e-01
-5.641639709472656250e+00
-1.183900237083435059e+00
1.493983268737792969e+00
1.757032036781311035e+00
-2.221845388412475586e+00
8.659267425537109375e-02
-2.028120994567871094e+00
-1.724375724792480469e+00
1.711836218833923340e+00
3.480900526046752930e+00
-7.651692032814025879e-01
1.481571197509765625e-01
2.911379814147949219e+00
1.490658879280090332e+00
