4.228294193744659424e-01
-1.558485388755798340e+00
-1.510804414749145508e+00
1.859593987464904785e+00
2.190839290618896484e+00
-3.567526936531066895e-01
1.067324399948120117e+00
2.100839376449584961e+00
-9.543517231941223145e-02
2.199858427047729492e+00
-2.516323089599609375e+00
1.531994700431823730e+00
2.641722440719604492e+00
6.731445193290710449e-01
-1.522012114524841309e+00
-1.385909557342529297e+00
-1.066049814224243164e+00
2.111994028091430664e+00
2.155774354934692383e+00
1.228186607360839844e+00
1.918892979621887207e+00
1.859766483306884766e+00
4.085427284240722656e+00
8.384407997131347656e+00
1.546104907989501953e+00
8.486298918724060059e-01
-2.800478696823120117e+00
5.782693028450012207e-01
1.834502257406711578e-02
-8.964322805404663086e-01
-7.801065444946289062e-01
-1.258065104484558105e+00
1.028285861015319824e+00
-3.143553495407104492e+00
6.934854984283447266e+00
-6.231611251831054688e+00
-2.375940084457397461e+00
6.968696117401123047e-01
4.781080722808837891e+00
-2.627510309219360352e+00
3.948270559310913086e+00
-1.946748137474060059e+00
-2.940580129623413086e+00
3.932230234146118164e+00
1.308319807052612305e+00
1.194384574890136719e+00
-1.424258112907409668e+00
-6.741282343864440918e-01
-9.420274943113327026e-02
1.140868544578552246e+00
-1.211800575256347656e+00
-1.931644082069396973e+00
-5.418899059295654297e-01
2.316937446594238281e+00
2.161176919937133789e+00
5.236181735992431641e+00
3.385796070098876953e+00
-1.406302452087402344e-01
1.627220273017883301e+00
-2.336432456970214844e+00
-1.777807831764221191e+00
