1.586329460144042969e+00
1.672665715217590332e+00
1.174927234649658203e+00
-1.500588774681091309e+00
1.146302938461303711e+00
1.859001517295837402e+00
1.608826994895935059e+00
1.294497132301330566e+00
-6.369651556015014648e-01
6.837286949157714844e-01
-1.851959466934204102e+00
-2.059359788894653320e+00
-2.890099048614501953e+00
-1.924175620079040527e+00
8.310720920562744141e-01
-2.547446489334106445e+00
-1.826911926269531250e+00
1.022988677024841309e+00
-1.755941510200500488e+00
1.697934031486511230e+00
4.748646259307861328e+00
7.963489294052124023e-01
-1.440108656883239746e+00
6.666056156158447266e+00
1.787718772888183594e+00
-7.708963394165039062e+00
1.372027993202209473e+00
2.925933301448822021e-01
1.858117222785949707e+00
4.536167621612548828e+00
-2.011269807815551758e+00
8.611078560352325439e-02
-1.044015169143676758e+00
-5.456653594970703125e+00
-3.723909854888916016e+00
3.704884529113769531e+00
-2.305318593978881836e+00
-5.266888618469238281e+00
-6.188593506813049316e-01
2.187518179416656494e-01
3.064351320266723633e+00
-8.146022260189056396e-02
-1.813291788101196289e+00
-2.423539161682128906e+00
-1.534733057022094727e+00
-2.355860948562622070e+00
-2.819130897521972656e+00
-7.568428516387939453e-01
-8.702859878540039062e-01
-2.774487733840942383e+00
-5.157068371772766113e-01
-1.008502840995788574e+00
2.559856176376342773e-01
2.244489669799804688e+00
2.054366350173950195e+00
-9.372707605361938477e-01
-1.971214413642883301e+00
-3.702298402786254883e+00
-1.170144200325012207e+00
6.864911913871765137e-01
1.531571388244628906e+00
