-7.068287134170532227e-01
-1.559714674949645996e+00
-5.698477029800415039e-01
1.541257858276367188e+00
-1.617397904396057129e+00
6.087372303009033203e-01
-9.066947698593139648e-01
1.204661488533020020e+00
-1.397876977920532227e+00
2.403740882873535156e+00
1.821982741355895996e+00
-1.888852357864379883e+00
-1.588597536087036133e+00
8.541598320007324219e-01
-8.652063608169555664e-01
3.276664912700653076e-01
-1.143650785088539124e-01
1.208255529403686523e+00
9.129669666290283203e-01
-8.729691505432128906e-01
7.401668429374694824e-01
3.885972738265991211e+00
-9.928447008132934570e-01
1.447721123695373535e+00
2.680213212966918945e+00
2.467883974313735962e-01
2.106930911540985107e-01
4.489526271820068359e+00
3.130733013153076172e+00
-7.181274145841598511e-02
1.183330178260803223e+00
-6.881114959716796875e+00
2.099920988082885742e+00
4.447012245655059814e-01
7.398957014083862305e-02
-1.521295547485351562e+00
-4.018016159534454346e-02
1.067429780960083008e+00
-1.249444246292114258e+00
6.333307921886444092e-02
-5.060609579086303711e-01
-3.175673961639404297e+00
-1.396116614341735840e+00
-1.065905809402465820e+00
-1.856034874916076660e+00
1.740069836378097534e-01
1.006365895271301270e+00
2.946615695953369141e+00
2.989872217178344727e+00
-2.152524143457412720e-01
1.465567111968994141e+00
2.883172988891601562e+00
1.398400068283081055e+00
-6.463001668453216553e-02
4.353410303592681885e-01
-3.454313993453979492e+00
-1.207443952560424805e+00
-7.930409312248229980e-01
4.589250087738037109e-01
-3.839612007141113281e-01
-2.251490354537963867e+00
