8.321223855018615723e-01
1.548412680625915527e+00
3.980123400688171387e-01
2.128467082977294922e+00
-2.068454213440418243e-02
-2.110508441925048828e+00
-1.540059447288513184e+00
4.940203949809074402e-02
-1.931059122085571289e+00
-1.139043450355529785e+00
-1.633033752441406250e+00
-2.193997204303741455e-01
-1.047148823738098145e+00
-6.664249897003173828e-01
9.033192992210388184e-01
1.310246706008911133e+00
-1.729905962944030762e+00
-8.278102278709411621e-01
-2.227994680404663086e+00
3.833785951137542725e-01
-2.373711615800857544e-01
-1.804536581039428711e+00
2.252618372440338135e-01
5.026212215423583984e+00
-1.011266708374023438e+00
1.243558645248413086e+00
1.994753479957580566e-01
1.516919732093811035e-01
-9.072005748748779297e-01
-2.874039411544799805e+00
2.023925542831420898e+00
1.573213219642639160e+00
-1.225283592939376831e-01
2.453429698944091797e+00
5.804360508918762207e-01
-1.273256778717041016e+00
-2.762579202651977539e+00
1.494672060012817383e+00
7.776984214782714844e+00
2.239059448242187500e+00
4.615319967269897461e-01
1.722515583038330078e+00
7.968331128358840942e-02
-1.563673257827758789e+00
-3.924131631851196289e+00
-9.333854913711547852e-01
1.870448291301727295e-01
-5.155460238456726074e-01
-1.065492033958435059e+00
-2.406909942626953125e+00
3.722390174865722656e+00
-5.206452012062072754e-01
-4.582218229770660400e-01
1.945569872856140137e+00
-4.562914371490478516e+00
1.300868988037109375e+00
-1.536557435989379883e+00
-1.278885960578918457e+00
-1.024900555610656738e+00
-2.101524829864501953e+00
-1.376459121704101562e+00
