2.441117018461227417e-01
-9.962236285209655762e-01
-3.753659725189208984e-01
5.785166025161743164e-01
-1.909353494644165039e+00
6.657251119613647461e-01
-6.365345120429992676e-01
1.578090190887451172e+00
-7.016515731811523438e-01
-2.031482905149459839e-01
2.119099944829940796e-01
6.680138707160949707e-01
-2.253704071044921875e+00
1.825982451438903809e+00
-1.431230068206787109e+00
-5.125638842582702637e-02
-8.721951246261596680e-01
1.397437006235122681e-01
-7.747843861579895020e-01
-1.588235199451446533e-01
1.862071871757507324e+00
-4.032461166381835938e+00
6.436317563056945801e-01
-2.413932085037231445e+00
-3.190103769302368164e+00
-6.672331690788269043e-01
-2.124368250370025635e-01
-5.984321236610412598e-01
3.726468801498413086e+00
-1.745013475418090820e+00
-7.891718745231628418e-01
3.193330764770507812e+00
5.106955528259277344e+00
1.547719001770019531e+00
3.338314771652221680e+00
-1.122870206832885742e+00
1.777215123176574707e+00
5.604390621185302734e+00
-9.319268465042114258e-01
-1.027108192443847656e+00
2.839435100555419922e+00
4.411756038665771484e+00
4.741727933287620544e-02
-2.297219753265380859e+00
1.432187438011169434e+00
2.399865537881851196e-01
-2.581061601638793945e+00
-1.486473560333251953e+00
-3.852012395858764648e+00
1.522548913955688477e+00
-9.638616442680358887e-01
3.391340017318725586e+00
-1.653105616569519043e+00
-1.442578196525573730e+00
3.126234054565429688e+00
-2.281202077865600586e+00
-1.278608560562133789e+00
-5.987102985382080078e+00
-1.561091065406799316e+00
-6.336383819580078125e+00
2.249199002981185913e-01
