1.230676412582397461e+00
-1.013198733329772949e+00
1.439071416854858398e+00
1.399429321289062500e+00
8.641342520713806152e-01
-4.127513766288757324e-01
6.812158823013305664e-01
-1.198953151702880859e+00
-6.107397079467773438e-01
2.058872461318969727e+00
1.718313455581665039e+00
8.891975283622741699e-01
9.930110573768615723e-01
1.375958681106567383e+00
-8.413886427879333496e-01
-3.653904199600219727e+00
-8.680739402770996094e-01
-2.122020244598388672e+00
2.295173168182373047e+00
-1.148911952972412109e+00
-5.740164965391159058e-02
1.636001706123352051e+00
-7.688999176025390625e-01
3.628401756286621094e-01
2.199066162109375000e+00
2.377054452896118164e+00
-2.463014125823974609e+00
1.123884916305541992e+00
-9.944036006927490234e-01
-6.928859233856201172e+00
-1.101146578788757324e+00
1.248260617256164551e+00
-5.525493025779724121e-01
5.273082256317138672e-01
2.489238977432250977e+00
1.115788698196411133e+00
-1.880563735961914062e+00
7.177716255187988281e+00
6.060263156890869141e+00
2.519156694412231445e+00
1.517211079597473145e+00
-2.259938955307006836e+00
3.366366624832153320e-01
-7.758792042732238770e-01
9.627962112426757812e-01
3.110884189605712891e+00
2.900681734085083008e+00
3.020089149475097656e+00
1.885782361030578613e+00
-7.381845474243164062e+00
9.134414792060852051e-02
3.462810814380645752e-01
8.274652957916259766e-01
-6.036282777786254883e-01
-3.076351165771484375e+00
-1.841705590486526489e-01
-1.436652898788452148e+00
-4.472781658172607422e+00
-1.151495933532714844e+00
2.087806224822998047e+00
-1.417830944061279297e+00
