5.964295193552970886e-02
9.632119536399841309e-02
-3.317622542381286621e-01
1.013386368751525879e+00
1.351725101470947266e+00
-1.990952610969543457e+00
-6.935189962387084961e-01
1.762983351945877075e-01
6.950296759605407715e-01
1.454909443855285645e+00
1.501002788543701172e+00
2.204237222671508789e+00
3.687202334403991699e-01
1.237289667129516602e+00
6.192158535122871399e-02
-1.756233692169189453e+00
-1.130547046661376953e+00
1.058951258659362793e+00
-2.117753982543945312e+00
4.617742002010345459e-01
1.300456047058105469e+00
1.109865784645080566e+00
1.532147169113159180e+00
-2.761768817901611328e+00
5.163305282592773438e+00
4.622667312622070312e+00
4.437777996063232422e+00
1.501455426216125488e+00
-5.408759713172912598e-01
1.952180981636047363e+00
-3.389880180358886719e+00
-6.821723461151123047e+00
2.092762947082519531e+00
3.381189823150634766e+00
-5.910721421241760254e-01
2.704606950283050537e-01
-3.979768037796020508e+00
1.883451700210571289e+00
3.214120388031005859e+00
1.745002865791320801e-01
7.275126576423645020e-01
2.119183540344238281e+00
-1.352427840232849121e+00
-4.316203594207763672e+00
3.651920318603515625e+00
1.936936140060424805e+00
4.399648666381835938e+00
-7.598102688789367676e-01
-3.095856428146362305e+00
1.083943367004394531e+00
4.073876857757568359e+00
1.881829738616943359e+00
-3.006757974624633789e+00
2.160298585891723633e+00
5.866268277168273926e-01
-1.589661478996276855e+00
3.756011486053466797e+00
-1.388778686523437500e+00
-1.277540922164916992e+00
-7.048093676567077637e-01
-3.377698183059692383e+00
