9.104822278022766113e-01
-1.386075496673583984e+00
1.313617467880249023e+00
3.711726367473602295e-01
2.070228576660156250e+00
3.133593499660491943e-01
1.691611409187316895e+00
-1.003955602645874023e+00
-1.903847217559814453e+00
-2.617857694625854492e+00
4.787138700485229492e-01
-2.857372462749481201e-01
-1.206736326217651367e+00
-1.793849170207977295e-01
4.074642956256866455e-01
1.132571026682853699e-01
8.101093769073486328e-01
2.291211038827896118e-01
9.330542385578155518e-02
-1.151027679443359375e+00
-3.713944196701049805e+00
1.737640857696533203e+00
-5.171535491943359375e+00
-4.426610767841339111e-01
-2.460447512567043304e-02
-1.907798200845718384e-01
-5.865588188171386719e-01
-3.524574518203735352e+00
2.992538452148437500e+00
-1.491601228713989258e+00
-6.327715516090393066e-01
-1.979648232460021973e+00
-6.609630584716796875e-01
-1.003413677215576172e+00
1.669368982315063477e+00
4.868310689926147461e-01
-2.697926521301269531e+00
8.044494986534118652e-01
8.305256962776184082e-01
-3.700782299041748047e+00
-3.251137018203735352e+00
-1.871234297752380371e+00
4.741234302520751953e+00
-5.802283287048339844e-01
-7.354700565338134766e-01
-3.802770972251892090e-01
-1.321064352989196777e+00
-2.555402040481567383e+00
2.313586473464965820e+00
8.865014910697937012e-01
4.777654647827148438e+00
2.895621061325073242e+00
-8.631674647331237793e-01
-1.543142557144165039e+00
1.252474069595336914e+00
7.553424835205078125e-01
-3.164746284484863281e+00
-1.925503611564636230e+00
3.013821840286254883e-01
2.434697389602661133e+00
8.023880124092102051e-01
