7.352521419525146484e-01
1.627933740615844727e+00
-1.622716307640075684e+00
-2.752867937088012695e-01
3.221414983272552490e-01
1.746890544891357422e+00
6.780989766120910645e-01
-2.068385124206542969e+00
1.220043778419494629e+00
1.252071499824523926e+00
-4.157617092132568359e-01
-5.559074878692626953e-01
2.041965276002883911e-01
5.997789502143859863e-01
2.454647302627563477e+00
-1.484145998954772949e+00
-1.212763264775276184e-01
1.506690025329589844e+00
1.265409708023071289e+00
-1.345637083053588867e+00
2.151518106460571289e+00
-2.141770362854003906e+00
-1.732190251350402832e+00
9.870104193687438965e-01
9.321805834770202637e-01
-6.404207229614257812e+00
2.399987936019897461e+00
5.981995463371276855e-01
-1.202799797058105469e+00
-4.849772453308105469e+00
-2.152190685272216797e+00
6.623162627220153809e-01
1.559926390647888184e+00
2.006904840469360352e+00
-2.626783609390258789e+00
-4.699202060699462891e+00
3.623288631439208984e+00
-1.360602498054504395e+00
2.011164724826812744e-01
-1.699519991874694824e+00
-1.755412697792053223e+00
-8.237670660018920898e-01
1.580947160720825195e+00
1.804239869117736816e+00
1.010559082031250000e+00
-2.464024543762207031e+00
-2.619994878768920898e+00
1.148506402969360352e+00
4.999616146087646484e-01
2.949934959411621094e+00
-2.364233493804931641e+00
-1.460995674133300781e+00
-1.242398142814636230e+00
-1.502299547195434570e+00
1.211923718452453613e+00
-2.672591924667358398e+00
1.932062581181526184e-02
-9.583123326301574707e-01
5.712099671363830566e-01
-2.741233110427856445e+00
-4.784461110830307007e-02
