5.671319365501403809e-01
1.085734963417053223e+00
9.738917350769042969e-01
-1.362592339515686035e+00
-1.190061569213867188e+00
1.967957496643066406e+00
4.415977895259857178e-01
-1.098085045814514160e+00
2.728445231914520264e-01
1.727187871932983398e+00
-4.498779773712158203e-01
-1.478440165519714355e+00
1.347582697868347168e+00
-9.906308054924011230e-01
-1.586429357528686523e+00
-7.867386937141418457e-02
9.302241206169128418e-01
-9.892472028732299805e-01
-7.700579762458801270e-01
-1.584776520729064941e+00
1.233777403831481934e+00
3.959468364715576172e+00
-2.353498458862304688e+00
3.042707443237304688e+00
4.065777301788330078e+00
-9.578985720872879028e-02
-1.825046062469482422e+00
-2.298012495040893555e+00
-8.741393089294433594e-01
7.802698135375976562e+00
2.006334304809570312e+00
-5.875024795532226562e-01
-5.257434368133544922e+00
-3.324853181838989258e+00
-3.777858018875122070e+00
-2.239476680755615234e+00
-1.457951545715332031e+00
5.908085107803344727e-01
3.269197344779968262e-01
2.271546602249145508e+00
1.008489489555358887e+00
-5.299507141113281250e+00
2.791432142257690430e+00
3.014261960983276367e+00
-3.025218963623046875e+00
1.252262234687805176e+00
9.510099291801452637e-01
-2.454700469970703125e+00
1.441563665866851807e-01
2.210557699203491211e+00
-9.702082276344299316e-01
9.916014671325683594e-01
-4.147147178649902344e+00
-3.770514249801635742e+00
2.766764163970947266e+00
-1.462774395942687988e+00
-2.472618341445922852e+00
5.733038783073425293e-01
4.561156630516052246e-01
-1.912867665290832520e+00
-2.185247421264648438e+00
