1.383123278617858887e+00
2.847058176994323730e-01
8.560081720352172852e-01
-1.082679510116577148e+00
-2.090769290924072266e+00
1.819301366806030273e+00
1.390922307968139648e+00
1.386757254600524902e+00
-7.520567178726196289e-01
1.594478845596313477e+00
2.407450675964355469e+00
6.266465187072753906e-01
-1.931978344917297363e+00
2.649946808815002441e-01
1.044732928276062012e+00
1.797962039709091187e-01
1.199514865875244141e+00
-1.072327256202697754e+00
-1.246284723281860352e+00
-2.175467163324356079e-01
-1.947692394256591797e+00
4.032742604613304138e-02
1.260122179985046387e+00
-4.598619461059570312e+00
3.735092163085937500e+00
1.863557696342468262e+00
-4.347464740276336670e-01
-1.022658944129943848e+00
-4.235552787780761719e+00
3.171199083328247070e+00
-7.345521926879882812e+00
6.092917323112487793e-01
-1.615666627883911133e+00
-7.384265661239624023e-01
-8.440680503845214844e-01
3.574594557285308838e-01
-2.564952135086059570e+00
3.553113222122192383e+00
-2.298660278320312500e+00
1.169275522232055664e+00
1.464267253875732422e+00
-1.402657032012939453e+00
1.032295584678649902e+00
-2.394979715347290039e+00
1.683768510818481445e+00
-1.772930860519409180e+00
1.275572925806045532e-01
-1.024641871452331543e+00
3.981001138687133789e+00
-2.336600303649902344e+00
-1.611411690711975098e+00
1.493865370750427246e+00
-8.931493163108825684e-01
-1.657650470733642578e+00
4.671002328395843506e-01
-1.121790885925292969e+00
1.951640009880065918e+00
-2.549063920974731445e+00
-1.760259270668029785e+00
1.844941973686218262e+00
1.219209313392639160e+00
