4.968895018100738525e-01
-1.955496907234191895e+00
-1.692073822021484375e+00
6.202068328857421875e-01
1.434982776641845703e+00
1.567741990089416504e+00
1.555999517440795898e+00
4.153444468975067139e-01
-6.011634469032287598e-01
1.872710347175598145e+00
2.251870393753051758e+00
-1.697246313095092773e+00
-1.208252549171447754e+00
-6.820254921913146973e-01
1.563257932662963867e+00
-8.278628587722778320e-01
2.535935640335083008e-01
2.132425606250762939e-01
3.807149231433868408e-01
4.268549680709838867e-01
-8.860929608345031738e-01
5.195577621459960938e+00
1.936776399612426758e+00
-1.026107549667358398e+00
2.814045906066894531e+00
-3.864852786064147949e-01
2.178043574094772339e-01
-4.807671010494232178e-01
7.196943759918212891e-01
-2.982791185379028320e+00
-8.304014801979064941e-01
2.050391912460327148e+00
-4.603757381439208984e+00
-3.878372311592102051e-01
-4.195031523704528809e-01
3.346636772155761719e+00
5.140226483345031738e-01
-4.328041970729827881e-01
8.114619255065917969e-01
1.467681288719177246e+00
-9.384912252426147461e-01
-1.196152925491333008e+00
-1.144503116607666016e+00
-2.331925153732299805e+00
3.880511045455932617e+00
5.550325512886047363e-01
1.041066169738769531e+00
-1.008268713951110840e+00
1.342640280723571777e+00
2.245874166488647461e+00
9.731632471084594727e-01
1.338253736495971680e+00
-3.869667291641235352e+00
2.728898823261260986e-02
3.831166923046112061e-01
-1.487281799316406250e+00
-9.736219048500061035e-01
-8.153110146522521973e-01
-3.875576972961425781e+00
-5.813553333282470703e+00
1.677206993103027344e+00
