-1.435136318206787109e+00
2.887176871299743652e-01
-2.846046984195709229e-01
-6.894931793212890625e-01
8.144983053207397461e-01
1.574607729911804199e+00
-1.144837513566017151e-01
6.165137290954589844e-01
-8.995701074600219727e-01
4.225761890411376953e+00
-9.264113306999206543e-01
-2.768723666667938232e-01
-1.436453163623809814e-01
-8.098818659782409668e-01
1.272310853004455566e+00
2.523045614361763000e-02
1.825491428375244141e+00
1.478817224502563477e+00
1.219007253646850586e+00
-8.137310147285461426e-01
1.962077379226684570e+00
-4.935786128044128418e-01
2.743496417999267578e+00
1.636667609214782715e+00
3.216351747512817383e+00
-5.185040950775146484e+00
5.498562455177307129e-01
-1.865979075431823730e+00
-4.802072525024414062e+00
1.186073780059814453e+00
4.370847702026367188e+00
9.294554591178894043e-01
1.428254604339599609e+00
3.264526605606079102e+00
5.202495098114013672e+00
-2.224271446466445923e-01
-4.034522056579589844e+00
2.782714366912841797e+00
5.272240161895751953e+00
2.416964292526245117e+00
-8.383350968360900879e-01
9.478332996368408203e-01
1.871525645256042480e+00
2.325979709625244141e+00
-4.390249252319335938e+00
2.761075973510742188e+00
7.842454314231872559e-01
-4.731170237064361572e-01
-3.480586051940917969e+00
-2.241862565279006958e-01
-4.389575481414794922e+00
9.037030935287475586e-01
-1.722553610801696777e+00
3.353475093841552734e+00
5.289189815521240234e+00
-3.611839413642883301e-01
1.824122667312622070e+00
6.921351552009582520e-01
-3.454064369201660156e+00
2.732439279556274414e+00
-1.092015862464904785e+00
