1.660058379173278809e+00
-1.491085052490234375e+00
-2.623851001262664795e-01
-3.458983600139617920e-01
-6.208423972129821777e-01
-9.319137334823608398e-01
-1.781405568122863770e+00
1.130018353462219238e+00
6.979157328605651855e-01
4.051469862461090088e-01
-1.414185762405395508e+00
7.209465503692626953e-01
1.134146213531494141e+00
-4.079429805278778076e-01
-1.830139517784118652e+00
-1.113095760345458984e+00
-7.415996789932250977e-01
1.756857633590698242e+00
-8.069133758544921875e-01
2.782352268695831299e-01
-4.617569446563720703e+00
3.070044040679931641e+00
-6.219501420855522156e-02
3.962500691413879395e-01
2.128082036972045898e+00
-1.653581708669662476e-01
-6.101990699768066406e+00
2.324035644531250000e+00
-4.441637918353080750e-02
4.105616360902786255e-02
1.556694746017456055e+00
8.313007950782775879e-01
3.967503070831298828e+00
2.165842533111572266e+00
3.476748466491699219e+00
2.223345994949340820e+00
-1.588099360466003418e+00
-5.144625186920166016e+00
-7.231417298316955566e-01
-2.286115437746047974e-01
-4.059707164764404297e+00
-2.145968437194824219e+00
-2.241177260875701904e-01
-4.400542378425598145e-01
-1.014639377593994141e+00
-3.189044892787933350e-01
-4.570503234863281250e+00
8.408929109573364258e-01
3.584050834178924561e-01
4.794450849294662476e-02
7.262411117553710938e-01
1.288961321115493774e-01
-5.835883617401123047e+00
2.040773630142211914e+00
2.771991014480590820e+00
-1.278708934783935547e+00
-1.000476717948913574e+00
3.455570220947265625e+00
2.166429996490478516e+00
7.857213020324707031e-01
-5.877555012702941895e-01
