1.356387972831726074e+00
-9.253805279731750488e-01
-1.263988018035888672e+00
-1.821372509002685547e-01
1.628086209297180176e+00
-1.675042629241943359e+00
-1.431593656539916992e+00
8.419907093048095703e-01
1.596611022949218750e+00
4.666792750358581543e-01
8.069289326667785645e-01
9.520669579505920410e-01
9.248677492141723633e-01
4.357994496822357178e-01
1.325752139091491699e+00
-1.237190246582031250e+00
-1.367372274398803711e+00
-2.229626893997192383e+00
-9.693483710289001465e-01
1.723005056381225586e+00
5.414516925811767578e+00
2.854073047637939453e+00
4.795468449592590332e-01
-1.392595648765563965e+00
-8.910163044929504395e-01
-2.581665515899658203e+00
1.083550930023193359e+00
4.425410032272338867e-01
-6.723003864288330078e+00
-6.989288926124572754e-01
-3.231086015701293945e+00
1.332724332809448242e+00
4.220694065093994141e+00
-1.724922537803649902e+00
4.529740810394287109e+00
6.978181600570678711e-01
-4.538387656211853027e-01
3.132875442504882812e+00
-1.061226248741149902e+00
1.191471576690673828e+01
2.867502927780151367e+00
-1.645370960235595703e+00
2.646059036254882812e+00
-1.612738251686096191e+00
1.435530662536621094e+00
1.556836605072021484e+00
-1.125670194625854492e+00
1.553589552640914917e-01
1.929682731628417969e+00
8.060994744300842285e-01
-2.404598712921142578e+00
1.876474738121032715e+00
-2.930134534835815430e+00
-1.576113224029541016e+00
-2.137407779693603516e+00
-2.368834763765335083e-01
2.161729484796524048e-01
8.471175432205200195e-01
-4.631101787090301514e-01
-6.437236070632934570e-01
8.253712058067321777e-01
