1.283536434173583984e+00
9.513978362083435059e-01
6.866223216056823730e-01
-1.011117815971374512e+00
-1.979502588510513306e-01
-1.413034677505493164e+00
-1.748065233230590820e+00
6.891858577728271484e-01
1.458376169204711914e+00
1.675639748573303223e+00
1.218955993652343750e+00
-1.034801006317138672e+00
-7.880856394767761230e-01
7.162798643112182617e-01
-1.474422097206115723e+00
-9.451248049736022949e-01
-1.832514286041259766e+00
-9.794098138809204102e-01
-6.767822895199060440e-03
3.647884428501129150e-01
-4.945461273193359375e+00
1.876015067100524902e-01
4.400380551815032959e-01
-5.658503532409667969e+00
-1.429057717323303223e+00
2.428640127182006836e+00
-3.106885671615600586e+00
5.886447429656982422e-01
-1.341675996780395508e+00
-6.299690723419189453e+00
-2.669671773910522461e+00
-2.252295911312103271e-01
-4.360906600952148438e+00
-1.409348398447036743e-01
4.986424446105957031e+00
-1.462971270084381104e-01
1.529274106025695801e+00
-7.894395291805267334e-02
-8.168913722038269043e-01
4.046826064586639404e-01
-2.178837537765502930e+00
-2.198508083820343018e-01
8.678879588842391968e-02
-4.403764724731445312e+00
4.574449658393859863e-01
2.105465888977050781e+00
-8.240258097648620605e-01
2.071097195148468018e-01
-1.591981649398803711e+00
3.524564266204833984e+00
3.093725681304931641e+00
2.219480574131011963e-01
2.137198209762573242e+00
-3.864318430423736572e-01
2.454350471496582031e+00
2.437877058982849121e-01
-2.799099922180175781e+00
3.301427364349365234e-01
-1.202904507517814636e-01
-1.270719051361083984e+00
-1.802197813987731934e+00
