-4.813500046730041504e-01
-1.318938732147216797e+00
1.451704144477844238e+00
-1.866154670715332031e+00
-3.049349188804626465e-01
2.887558043003082275e-01
1.751506686210632324e+00
-2.031590938568115234e+00
2.029493331909179688e+00
-5.284345149993896484e-01
1.462544679641723633e+00
-1.006960153579711914e+00
-1.328577399253845215e+00
1.041812777519226074e+00
-1.626443624496459961e+00
-1.822507143020629883e+00
1.846793889999389648e+00
3.254863023757934570e-01
1.342751026153564453e+00
-2.201703548431396484e+00
-1.086619019508361816e+00
4.060925006866455078e+00
9.819544553756713867e-01
-6.971093177795410156e+00
-3.046070814132690430e+00
1.438890576362609863e+00
3.834513187408447266e+00
-2.477906227111816406e+00
7.607361793518066406e+00
-2.662724494934082031e+00
-4.074852943420410156e+00
-5.357109382748603821e-02
1.632249355316162109e+00
3.962553739547729492e+00
-5.361527204513549805e-01
-5.800170302391052246e-01
3.338692486286163330e-01
-1.197639822959899902e+00
-2.136917591094970703e+00
1.771605968475341797e+00
-1.757672429084777832e+00
-3.384529352188110352e+00
-4.982439279556274414e-01
-3.649051427841186523e+00
2.317608594894409180e+00
-3.765674114227294922e+00
-1.689688682556152344e+00
-1.139313220977783203e+00
-5.210673332214355469e+00
2.560451745986938477e+00
-2.567822933197021484e+00
3.339414000511169434e-01
2.647450685501098633e+00
4.446793079376220703e+00
-1.319065451622009277e+00
9.526808857917785645e-01
4.114804565906524658e-01
-2.447463512420654297e+00
2.892502784729003906e+00
-4.183396697044372559e-01
4.412394046783447266e+00
