-1.923924684524536133e+00
9.272959232330322266e-01
-5.776152610778808594e-01
-9.326234459877014160e-01
-2.454031229019165039e+00
-7.053558230400085449e-01
-6.058201193809509277e-01
9.933223724365234375e-01
-8.432368040084838867e-01
7.923786640167236328e-01
4.894776344299316406e-01
4.316602647304534912e-02
2.637883126735687256e-01
-1.531675338745117188e+00
1.923884630203247070e+00
1.609401345252990723e+00
1.901737093925476074e+00
-1.888970494270324707e+00
1.398723602294921875e+00
-6.102043986320495605e-01
-1.235872983932495117e+00
-5.398550033569335938e-01
-2.226876258850097656e+00
2.359907150268554688e+00
-3.905628681182861328e+00
-3.471757888793945312e+00
-4.861429929733276367e-01
-4.393110752105712891e+00
-3.141888856887817383e+00
1.478981494903564453e+00
-1.883231043815612793e+00
-4.413309097290039062e-01
-1.417826890945434570e+00
5.756323337554931641e+00
6.958117485046386719e+00
-7.715494036674499512e-01
-6.872315406799316406e+00
-3.818326070904731750e-02
-7.663129568099975586e-01
-1.979994922876358032e-01
1.235568761825561523e+00
4.860838949680328369e-01
-2.694621562957763672e+00
-1.407646894454956055e+00
1.047055482864379883e+00
3.430716991424560547e+00
-4.121659100055694580e-01
1.677217483520507812e+00
-1.524010777473449707e+00
1.019864201545715332e+00
-1.716371059417724609e+00
1.206752419471740723e+00
-1.396029114723205566e+00
3.749459981918334961e+00
-1.679959893226623535e+00
-4.614445194602012634e-02
2.773051261901855469e+00
-1.785862594842910767e-01
-2.097805500030517578e+00
-2.303842544555664062e+00
1.606336236000061035e-01
