-1.156597018241882324e+00
3.069185018539428711e-01
-1.540014147758483887e+00
1.397392272949218750e+00
1.177022099494934082e+00
3.310692310333251953e-01
-8.173334598541259766e-01
1.962882280349731445e-01
-6.699609160423278809e-01
2.673213183879852295e-01
5.348554253578186035e-01
-1.758777976036071777e+00
1.066795706748962402e+00
-1.879734635353088379e+00
5.092079639434814453e-01
1.844242453575134277e+00
1.326870441436767578e+00
-5.596764087677001953e-01
8.308193087577819824e-01
-2.961139917373657227e+00
2.747192621231079102e+00
6.926814913749694824e-01
-6.289794445037841797e+00
2.085631340742111206e-01
-4.478226661682128906e+00
-1.322199225425720215e+00
2.819789648056030273e-01
-2.075309514999389648e+00
4.085938036441802979e-01
-1.058968424797058105e+00
-6.024330481886863708e-02
2.267292141914367676e-01
-3.125817537307739258e+00
7.677896976470947266e+00
2.132563591003417969e+00
-2.395724058151245117e+00
5.195436000823974609e+00
-2.212314844131469727e+00
2.929934501647949219e+00
-1.141905069351196289e+00
3.543616533279418945e+00
-7.882486581802368164e-01
4.406426906585693359e+00
2.745731770992279053e-01
-3.029849767684936523e+00
9.776240587234497070e-01
3.892578780651092529e-01
1.033975839614868164e+00
4.107662141323089600e-01
2.714423239231109619e-01
-4.582158625125885010e-01
-5.168954730033874512e-01
3.304524421691894531e+00
-2.044958114624023438e+00
1.707732677459716797e+00
1.344465613365173340e+00
4.367776393890380859e+00
-2.551198720932006836e+00
-3.184968948364257812e+00
2.023104876279830933e-01
1.324331045150756836e+00
