1.821721673011779785e+00
-1.757777333259582520e-01
-1.083062663674354553e-01
1.946244120597839355e+00
1.725504159927368164e+00
7.608925104141235352e-01
3.764481544494628906e-01
1.285593390464782715e+00
1.543321967124938965e+00
-9.863755106925964355e-01
1.702279806137084961e+00
2.031653881072998047e+00
1.236422538757324219e+00
-5.183506011962890625e-01
1.310188412666320801e+00
-2.410277605056762695e+00
1.101917743682861328e+00
1.334798812866210938e+00
7.388001084327697754e-01
-1.748219251632690430e+00
3.949960708618164062e+00
3.080135583877563477e-01
3.780694961547851562e+00
6.827665567398071289e-01
-6.256942272186279297e+00
1.159168720245361328e+00
-1.838489174842834473e+00
-4.988780021667480469e+00
1.095768809318542480e+00
-5.510756373405456543e-01
-8.093772828578948975e-02
-7.667280197143554688e+00
1.718912959098815918e+00
-1.942375302314758301e+00
-2.017722725868225098e-01
2.396996974945068359e+00
9.337666034698486328e-01
3.321527957916259766e+00
4.310994148254394531e+00
-6.567205905914306641e+00
-3.228850841522216797e+00
3.794739007949829102e+00
1.016571640968322754e+00
1.261626839637756348e+00
1.750008225440979004e+00
8.216522932052612305e-01
-1.611622810363769531e+00
3.114189147949218750e+00
-2.359314858913421631e-01
5.329995751380920410e-01
-4.058536887168884277e-01
-3.139022827148437500e+00
-1.100352287292480469e+00
-5.435988426208496094e+00
-4.128730893135070801e-01
-6.488680243492126465e-01
7.233433127403259277e-01
3.003011941909790039e+00
-4.969931602478027344e+00
1.813266992568969727e+00
5.352973341941833496e-01
