-1.061979055404663086e+00
2.409442901611328125e+00
-7.331333309412002563e-02
1.984403133392333984e+00
-2.177303791046142578e+00
-1.165045380592346191e+00
6.534950256347656250e+00
-3.924567699432373047e-01
6.429028987884521484e+00
1.283018827438354492e+00
8.965303301811218262e-01
-1.767501354217529297e+00
-2.974835634231567383e-01
-1.005519390106201172e+00
-3.233344852924346924e-01
8.200350403785705566e-01
-1.806749343872070312e+00
-8.364136219024658203e-01
1.430907011032104492e+00
-1.184015393257141113e+00
2.306252717971801758e+00
-5.969468116760253906e+00
9.727548956871032715e-01
1.317109942436218262e+00
-3.610774993896484375e+00
-4.296663776040077209e-02
5.302448272705078125e+00
-1.516656756401062012e+00
5.204904079437255859e+00
2.205772876739501953e+00
-7.990118265151977539e-01
-1.985951066017150879e+00
1.265931248664855957e+00
4.657520771026611328e+00
7.736096382141113281e-01
8.737302422523498535e-01
-6.261592864990234375e+00
4.464407444000244141e+00
1.445232629776000977e+00
-4.236639976501464844e+00
-1.602981686592102051e+00
-8.806414008140563965e-01
-1.125371932983398438e+00
-1.710433006286621094e+00
-1.653072237968444824e+00
-2.216557502746582031e+00
-2.443541526794433594e+00
-1.847187042236328125e+00
2.541710615158081055e+00
-2.188264369964599609e+00
-1.591405987739562988e+00
-4.689654707908630371e-01
1.242483258247375488e+00
-2.424160003662109375e+00
1.234940215945243835e-01
-3.673075735569000244e-01
-2.149030208587646484e+00
4.177422523498535156e+00
2.230337262153625488e-01
2.429372072219848633e+00
-2.652654647827148438e+00
