2.289662599563598633e+00
5.572255253791809082e-01
1.449877262115478516e+00
1.243183612823486328e+00
-1.606887936592102051e+00
-4.864410161972045898e-01
7.706114053726196289e-01
1.087597131729125977e+00
3.747226297855377197e-01
-7.277573645114898682e-02
1.765616059303283691e+00
-6.789356470108032227e-01
7.560544610023498535e-01
1.876285552978515625e+00
-6.620358824729919434e-01
-1.775359272956848145e+00
7.202229499816894531e-01
1.061111450195312500e+00
-4.832945466041564941e-01
-1.151743054389953613e+00
3.073843240737915039e+00
3.185083150863647461e+00
-3.277086734771728516e+00
1.510586291551589966e-01
-2.162378787994384766e+00
-2.997560739517211914e+00
5.040419697761535645e-01
4.363214015960693359e+00
-8.129252791404724121e-01
-1.674577116966247559e+00
-6.955258369445800781e+00
8.097252845764160156e+00
-1.074405193328857422e+00
6.894886493682861328e-01
-6.876620054244995117e-01
-3.827512264251708984e+00
2.429993867874145508e+00
-4.337684631347656250e+00
-1.532717943191528320e+00
8.090283274650573730e-01
-9.837358593940734863e-01
4.739403247833251953e+00
-2.314985513687133789e+00
-2.497562766075134277e-01
-2.802953481674194336e+00
1.580809473991394043e+00
7.777732610702514648e-01
-2.149181365966796875e+00
1.369391798973083496e+00
-5.588672757148742676e-01
-3.877966880798339844e+00
-7.242593765258789062e+00
2.002958774566650391e+00
-1.825517058372497559e+00
-5.188989043235778809e-01
1.216754078865051270e+00
-1.163816094398498535e+00
5.141327381134033203e+00
-1.885859847068786621e+00
1.207773208618164062e+00
6.056441307067871094e+00
