-1.330053091049194336e+00
1.605882167816162109e+00
-2.764489412307739258e+00
-2.017965555191040039e+00
-9.653226137161254883e-01
1.866597056388854980e+00
-1.473505139350891113e+00
-2.450591087341308594e+00
-1.496870279312133789e+00
-1.404592871665954590e+00
-1.120318412780761719e+00
1.313292622566223145e+00
2.243750914931297302e-02
-1.716853499412536621e+00
2.364422559738159180e+00
-3.299573183059692383e+00
5.348104834556579590e-01
1.275444269180297852e+00
2.347048521041870117e+00
-1.405058026313781738e+00
-2.287809610366821289e+00
-5.377381324768066406e+00
-1.599389016628265381e-01
-1.262538284063339233e-01
-2.731864452362060547e+00
2.609668254852294922e+00
-4.580135643482208252e-02
-4.848826527595520020e-01
-1.532317847013473511e-01
-1.737269014120101929e-01
4.226780414581298828e+00
2.471273422241210938e+00
4.704711437225341797e-01
3.286347389221191406e+00
7.862638473510742188e+00
3.854240477085113525e-01
-1.151461601257324219e+00
7.079498767852783203e-01
4.254430294036865234e+00
6.017755031585693359e+00
-1.668458580970764160e+00
2.815365791320800781e+00
6.262685358524322510e-02
-3.153200149536132812e-01
2.790195465087890625e+00
-2.166758060455322266e+00
-7.225853204727172852e-01
8.700425028800964355e-01
-4.960149824619293213e-01
-5.733372569084167480e-01
4.313661575317382812e+00
2.890019655227661133e+00
-3.349547147750854492e+00
-2.382475137710571289e+00
1.227081537246704102e+00
6.025159955024719238e-01
-4.801809787750244141e+00
7.994444370269775391e-01
-1.655560731887817383e+00
-3.583816289901733398e+00
2.296198606491088867e+00
