1.590271592140197754e+00
-2.423200607299804688e+00
4.957600533962249756e-01
-4.918852746486663818e-01
-2.747679948806762695e-01
-1.747818946838378906e+00
-8.235973715782165527e-01
1.614471316337585449e+00
3.593888133764266968e-02
1.409686684608459473e+00
-1.093224167823791504e+00
-2.617793560028076172e+00
1.594641208648681641e+00
-1.385376334190368652e+00
1.123291015625000000e+00
-9.171229004859924316e-01
2.769510746002197266e-01
-1.093777775764465332e+00
5.875602960586547852e-01
6.324827075004577637e-01
-1.503650307655334473e+00
1.900313258171081543e+00
-9.236022233963012695e-01
-2.780930757522583008e+00
1.977752894163131714e-01
7.607245922088623047e+00
3.494279384613037109e-01
1.418780446052551270e+00
1.888054609298706055e+00
5.201802253723144531e+00
6.359496593475341797e+00
-2.010726928710937500e+00
5.029947757720947266e+00
-4.206283092498779297e+00
4.729167461395263672e+00
5.859417319297790527e-01
-1.602010607719421387e+00
7.662983536720275879e-01
-1.271675109863281250e+00
3.625344038009643555e+00
-1.446737885475158691e+00
-1.167703151702880859e+00
4.969693124294281006e-01
-3.323936700820922852e+00
-3.336644470691680908e-01
1.006833195686340332e+00
2.768031060695648193e-01
1.012724399566650391e+00
-2.357161760330200195e+00
2.787173509597778320e+00
-6.097054004669189453e+00
9.335454702377319336e-01
-3.318141937255859375e+00
-1.635014414787292480e+00
-3.339482784271240234e+00
2.347659170627593994e-01
-2.733555793762207031e+00
2.676895558834075928e-01
8.139991164207458496e-01
4.063155651092529297e+00
4.512552618980407715e-01
