1.842917561531066895e+00
-9.720482826232910156e-01
-1.689397215843200684e+00
1.183674454689025879e+00
1.415724873542785645e+00
2.349124401807785034e-01
-8.055434226989746094e-01
-2.089543342590332031e+00
-1.372817516326904297e+00
-5.061236023902893066e-01
-4.301322102546691895e-01
1.575193643569946289e+00
1.616231560707092285e+00
7.074339389801025391e-01
-2.468339681625366211e+00
-1.938255429267883301e+00
4.606405198574066162e-01
9.584252238273620605e-01
2.455206394195556641e+00
1.519557952880859375e+00
1.893857240676879883e+00
-2.975128173828125000e+00
3.413817882537841797e+00
3.068451642990112305e+00
-1.285756111145019531e+00
9.599584341049194336e-01
3.056246995925903320e+00
7.011968135833740234e+00
2.497193098068237305e+00
1.073742866516113281e+00
-2.126127481460571289e+00
6.756663799285888672e+00
-1.960010647773742676e+00
1.243005156517028809e+00
-1.790262579917907715e+00
6.685400009155273438e+00
-2.528612375259399414e+00
-1.574188232421875000e+00
1.947835087776184082e+00
-3.003824234008789062e+00
9.653141498565673828e-01
-4.517616748809814453e+00
2.937692642211914062e+00
-3.686152458190917969e+00
9.594876766204833984e-01
1.249465942382812500e+00
2.315120220184326172e+00
2.659306764602661133e+00
-1.936316967010498047e+00
4.463215768337249756e-01
-1.728514909744262695e+00
-2.334216356277465820e+00
-1.338936805725097656e+00
-7.695662379264831543e-01
-3.977756500244140625e-01
-3.936501741409301758e+00
3.556311845779418945e+00
-2.326971665024757385e-02
-1.321695685386657715e+00
1.626553058624267578e+00
1.044987678527832031e+00
