-8.543430566787719727e-01
9.511423110961914062e-01
-5.139585733413696289e-01
1.570483922958374023e+00
8.054150342941284180e-01
8.944177627563476562e-01
-1.982307672500610352e+00
-8.248789608478546143e-02
1.180944442749023438e+00
-3.979970812797546387e-01
-2.016111135482788086e+00
-3.598236441612243652e-01
1.307369232177734375e+00
-5.896009802818298340e-01
3.709649741649627686e-01
-4.921143949031829834e-01
1.658470630645751953e-01
-1.642477512359619141e+00
-1.268497586250305176e+00
-1.981555461883544922e+00
2.179672718048095703e+00
-2.974901676177978516e+00
2.677206754684448242e+00
7.022972583770751953e+00
2.230926752090454102e+00
-3.418414592742919922e+00
-7.038246840238571167e-02
-1.956294849514961243e-02
-3.124608993530273438e+00
-4.615932106971740723e-01
-9.155083656311035156e+00
1.942257285118103027e+00
-6.757143884897232056e-02
3.731368184089660645e-01
-6.411458253860473633e-01
-3.432896435260772705e-01
-2.382351636886596680e+00
5.851225376129150391e+00
-1.348695993423461914e+00
4.257159709930419922e+00
1.024434089660644531e+00
-1.593336820602416992e+00
-1.878620147705078125e+00
1.416994810104370117e+00
-7.668086886405944824e-01
-2.963019847869873047e+00
-8.039277195930480957e-01
-1.174626588821411133e+00
-1.584356307983398438e+00
-1.475014686584472656e+00
1.686195254325866699e+00
-1.202425360679626465e+00
-1.748990178108215332e+00
-6.701731681823730469e-01
-6.472102552652359009e-02
-9.540889859199523926e-01
-5.934916734695434570e-01
-2.932297468185424805e+00
9.319776296615600586e-01
-2.033130645751953125e+00
8.513888716697692871e-01
