2.337245941162109375e-01
-1.842048764228820801e+00
-1.223198696970939636e-02
1.828784942626953125e+00
1.824069380760192871e+00
1.113705515861511230e+00
2.235626459121704102e+00
-6.931519508361816406e-01
1.446193933486938477e+00
7.411450743675231934e-01
-9.061080217361450195e-01
3.703075051307678223e-01
-1.246212244033813477e+00
1.914371848106384277e+00
1.168390035629272461e+00
8.295044898986816406e-01
2.368339538574218750e+00
-1.728098392486572266e+00
-2.032951593399047852e+00
8.431881070137023926e-01
-2.275871753692626953e+00
6.717625141143798828e+00
-1.204379916191101074e+00
9.001279473304748535e-01
3.370517730712890625e+00
-9.903225302696228027e-01
-4.011363506317138672e+00
1.971501469612121582e+00
4.331207275390625000e-01
-1.705443739891052246e+00
-9.094910621643066406e-01
-1.462363839149475098e+00
3.584020853042602539e+00
-6.526679992675781250e+00
-2.328199148178100586e+00
2.362370491027832031e+00
1.271399259567260742e+00
-5.697697639465332031e+00
3.049160003662109375e+00
1.286305785179138184e+00
2.975255012512207031e+00
-3.251805305480957031e+00
-9.362454414367675781e-01
2.507840871810913086e+00
1.209277749061584473e+00
-8.128920793533325195e-01
1.684383273124694824e+00
-9.153080582618713379e-01
8.000031113624572754e-01
-2.218614101409912109e+00
3.645268678665161133e-01
-3.803273677825927734e+00
-1.876224160194396973e+00
-2.650164604187011719e+00
-1.948078870773315430e+00
-4.495583534240722656e+00
-1.481830716133117676e+00
-3.029821872711181641e+00
-1.607704758644104004e+00
-6.673818230628967285e-01
9.505093693733215332e-01
