-4.155308604240417480e-01
-4.967367053031921387e-01
-1.967234164476394653e-01
-1.129109740257263184e+00
4.909049868583679199e-01
-3.639116287231445312e-01
-1.378511905670166016e+00
-1.677376925945281982e-01
8.947990536689758301e-01
1.811906814575195312e+00
4.101347327232360840e-01
-1.771376490592956543e+00
-2.328876972198486328e+00
-6.185229301452636719e+00
-1.526594877243041992e+00
-4.414146244525909424e-01
3.826388120651245117e-01
4.527118802070617676e-01
6.285095214843750000e-01
-1.577281951904296875e+00
8.701830506324768066e-01
1.496424198150634766e+00
-6.698109209537506104e-02
-4.680834770202636719e+00
-4.372211694717407227e-01
2.026310682296752930e+00
1.064542084932327271e-01
1.286110043525695801e+00
2.845537185668945312e+00
-7.591480731964111328e+00
-2.343401670455932617e+00
6.732938766479492188e+00
-6.534143924713134766e+00
-5.357931613922119141e+00
6.117933273315429688e+00
-6.238566339015960693e-02
-8.570416569709777832e-01
-1.081894516944885254e+00
3.028712749481201172e+00
6.660363197326660156e+00
-2.617030382156372070e+00
7.747089117765426636e-02
-6.413975954055786133e-01
4.190338134765625000e+00
-7.023806869983673096e-02
-2.810744047164916992e+00
-1.327197432518005371e+00
-2.033707618713378906e+00
3.479801654815673828e+00
-6.114740848541259766e+00
-3.215231180191040039e+00
4.589123725891113281e+00
1.502257108688354492e+00
-3.803659602999687195e-02
-5.380090236663818359e+00
4.174072742462158203e+00
-1.964514851570129395e+00
1.023485302925109863e+00
4.398298263549804688e+00
-5.147387027740478516e+00
-3.206829773262143135e-03
