-1.187898159027099609e+00
5.481429696083068848e-01
-1.256054043769836426e+00
1.678090691566467285e+00
1.023654699325561523e+00
1.507939934730529785e+00
-1.012043237686157227e+00
-1.958073496818542480e+00
1.379184007644653320e+00
1.002661347389221191e+00
1.006218433380126953e+00
1.345064282417297363e+00
3.579996526241302490e-01
8.730348944664001465e-01
1.293818116188049316e+00
-2.018202066421508789e+00
1.569184899330139160e+00
-1.841160178184509277e+00
-1.143780827522277832e+00
9.278011322021484375e-01
3.193131387233734131e-01
6.077342629432678223e-01
3.220674097537994385e-01
-6.919994354248046875e-01
-1.432051062583923340e+00
2.184199810028076172e+00
-3.809720575809478760e-01
-2.780855178833007812e+00
5.044641494750976562e+00
3.531572580337524414e+00
-1.183746814727783203e+00
-2.079873085021972656e+00
1.507328033447265625e+00
-1.693388581275939941e+00
-4.463039875030517578e+00
8.311405777931213379e-01
6.301658153533935547e-01
2.575940847396850586e+00
1.576736450195312500e+00
-3.465705394744873047e+00
-6.174660921096801758e-01
-8.827819228172302246e-01
-2.122223973274230957e-01
1.908419840037822723e-02
1.663651108741760254e+00
-1.432604074478149414e+00
5.086897611618041992e-01
-1.793633937835693359e+00
3.748507738113403320e+00
-4.828195571899414062e+00
1.500709533691406250e+00
2.177141666412353516e+00
2.031672239303588867e+00
-1.094819784164428711e+00
3.230518579483032227e+00
4.296330809593200684e-01
3.871424794197082520e-01
2.324640035629272461e+00
2.033608913421630859e+00
-3.531523704528808594e+00
-1.158199191093444824e+00
