-1.964884877204895020e+00
-1.388443946838378906e+00
-4.651038348674774170e-01
-6.071345806121826172e-01
1.762403964996337891e+00
-1.891245365142822266e+00
2.005457162857055664e+00
1.870945215225219727e+00
-1.425608158111572266e+00
8.262435793876647949e-01
-1.435737252235412598e+00
-1.613138914108276367e+00
1.258085370063781738e+00
2.781685590744018555e+00
1.327529907226562500e+00
-8.800201416015625000e-01
-1.822105526924133301e+00
2.493853330612182617e+00
-1.142929315567016602e+00
-6.364341974258422852e-01
3.551062583923339844e+00
5.158715248107910156e+00
-2.446194887161254883e+00
-1.755827903747558594e+00
4.596767425537109375e+00
7.926332354545593262e-01
6.994907855987548828e+00
5.028201580047607422e+00
-1.774295687675476074e+00
-2.212386131286621094e+00
2.422431468963623047e+00
-4.906801581382751465e-01
-2.350533008575439453e+00
9.454157829284667969e+00
-2.468674182891845703e+00
-2.752108812332153320e+00
-1.787380695343017578e+00
8.519399642944335938e+00
4.574457645416259766e+00
3.476559162139892578e+00
2.400757074356079102e+00
-2.515210866928100586e+00
-4.558226108551025391e+00
-5.552200675010681152e-01
4.964529514312744141e+00
1.480628848075866699e-01
-4.025465011596679688e+00
-3.203002691268920898e+00
1.218053698539733887e+00
-1.140058040618896484e+00
2.096791982650756836e+00
-7.216376066207885742e-01
2.891550302505493164e+00
-4.510099887847900391e+00
2.393214941024780273e+00
2.977291822433471680e+00
1.614186763763427734e-01
7.911902904510498047e+00
3.693255186080932617e+00
-3.317547798156738281e+00
-5.842663645744323730e-01
