1.498902320861816406e+00
-5.134739279747009277e-01
-1.185213804244995117e+00
-1.754899859428405762e+00
-1.954401969909667969e+00
1.535573959350585938e+00
2.321156740188598633e+00
-8.285095691680908203e-01
1.186532139778137207e+00
-1.378938794136047363e+00
1.459659099578857422e+00
8.218259811401367188e-01
-7.712124586105346680e-01
1.000968217849731445e+00
-2.120944261550903320e-01
1.060679912567138672e+00
-1.410381793975830078e+00
-1.860737681388854980e+00
2.253910541534423828e+00
1.159625291824340820e+00
4.520040452480316162e-01
-2.799028396606445312e+00
-2.198918908834457397e-01
-6.326449394226074219e+00
-3.594711065292358398e+00
-4.115775227546691895e-01
1.046042442321777344e+00
-2.026596479117870331e-02
-4.895115852355957031e+00
-1.257744431495666504e+00
4.175411462783813477e-01
3.077341318130493164e+00
3.587481260299682617e+00
-1.445363521575927734e+00
2.973681926727294922e+00
1.346894383430480957e+00
1.999110460281372070e+00
1.574556469917297363e+00
3.018347978591918945e+00
-2.191486120223999023e+00
-7.098110914230346680e-01
3.509593009948730469e+00
4.585007429122924805e-01
1.503306388854980469e+00
1.446132898330688477e+00
2.254947900772094727e+00
-5.348184108734130859e-01
-3.277390897274017334e-01
2.028584003448486328e+00
-8.739311099052429199e-01
-6.548828482627868652e-01
3.310143232345581055e+00
3.030153751373291016e+00
-3.757995665073394775e-01
2.690526723861694336e+00
1.965689539909362793e+00
-2.890789747238159180e+00
2.301168203353881836e+00
-1.591580808162689209e-01
-1.554099082946777344e+00
-1.629865646362304688e+00
