-1.172441244125366211e+00
2.067981719970703125e+00
-3.809853196144104004e-01
5.927501916885375977e-01
1.632655143737792969e+00
-1.143485307693481445e+00
-6.394336223602294922e-01
5.497913360595703125e-01
1.208873033523559570e+00
1.922143340110778809e+00
1.031135559082031250e+00
1.935683488845825195e+00
1.421724557876586914e+00
2.160938978195190430e+00
-8.325922489166259766e-01
-7.099493145942687988e-01
1.864080786705017090e+00
1.241191744804382324e+00
3.007643818855285645e-01
8.479993343353271484e-01
8.851167559623718262e-01
-2.678614616394042969e+00
5.576784536242485046e-02
-3.110245466232299805e-01
-6.813670158386230469e+00
7.738553285598754883e-01
-2.985558748245239258e+00
-1.689942717552185059e+00
-1.982166290283203125e+00
-7.947311878204345703e+00
4.098387241363525391e+00
7.099484920501708984e+00
3.429138898849487305e+00
-7.803444862365722656e-01
-8.865330815315246582e-01
-2.030608415603637695e+00
1.858068704605102539e+00
-3.586673259735107422e+00
5.756981968879699707e-01
2.457054257392883301e-01
6.119457483291625977e-01
-2.077921152114868164e+00
-6.104804873466491699e-01
2.804577946662902832e-01
3.212080240249633789e+00
5.260394215583801270e-01
-3.403036832809448242e+00
4.471478939056396484e+00
2.301762580871582031e+00
-3.640409231185913086e+00
-2.839318513870239258e+00
2.106206893920898438e+00
9.706720709800720215e-01
7.451556921005249023e-01
1.794816493988037109e+00
2.774473428726196289e+00
1.169188261032104492e+00
-3.505316495895385742e+00
2.273335009813308716e-01
-2.397438436746597290e-01
-3.708622157573699951e-01
