1.780034601688385010e-01
1.425487637519836426e+00
-5.138918161392211914e-01
2.065095901489257812e+00
1.090767234563827515e-01
1.443518400192260742e-01
1.738696575164794922e+00
1.150982975959777832e+00
-7.575831413269042969e-01
8.368594199419021606e-02
2.434106767177581787e-01
-4.647832512855529785e-01
-1.248781085014343262e+00
1.528922796249389648e+00
-1.049577370285987854e-01
5.215018615126609802e-02
-6.172099709510803223e-01
-7.600003480911254883e-01
1.805413365364074707e+00
-8.317813873291015625e-01
-8.408899307250976562e-01
3.965471982955932617e+00
-2.082005977630615234e+00
1.212021231651306152e+00
3.660065233707427979e-01
-1.331297397613525391e+00
-2.565461158752441406e+00
-1.720671653747558594e+00
3.334805250167846680e+00
1.158032894134521484e+00
-5.015150830149650574e-02
-6.386539936065673828e-01
-2.527142167091369629e-01
1.187830567359924316e+00
7.697948813438415527e-01
-8.437812924385070801e-01
2.383329391479492188e+00
-3.221620798110961914e+00
-2.415246009826660156e+00
-2.914673328399658203e+00
2.242539882659912109e+00
-1.975097775459289551e+00
1.489570021629333496e+00
1.299989223480224609e+00
1.260733485221862793e+00
-2.206680774688720703e+00
2.739342927932739258e+00
-3.758062422275543213e-01
-2.213104724884033203e+00
-8.940370678901672363e-01
9.007851481437683105e-01
-6.874386668205261230e-01
1.976971030235290527e-01
-1.608890533447265625e+00
1.152728915214538574e+00
-7.660809159278869629e-01
3.454235553741455078e+00
2.628500461578369141e+00
-2.100502014160156250e+00
-4.825052738189697266e+00
-1.161277890205383301e+00
