6.848084926605224609e-01
6.188899278640747070e-01
-6.602454185485839844e-01
-1.072654962539672852e+00
1.593606710433959961e+00
2.067097902297973633e+00
-9.254119992256164551e-01
-1.090475797653198242e+00
2.957253754138946533e-01
9.509740769863128662e-02
1.904291629791259766e+00
-2.289816617965698242e+00
1.582311511039733887e+00
2.668191492557525635e-02
6.396387815475463867e-01
1.716415762901306152e+00
-1.185954827815294266e-02
-1.538826227188110352e+00
8.195194005966186523e-01
8.664155006408691406e-01
6.759359836578369141e-01
1.516606092453002930e+00
-2.191178083419799805e+00
5.266445875167846680e-01
4.698995113372802734e+00
-8.796354532241821289e-01
-1.373431444168090820e+00
-3.444554567337036133e+00
-1.347789764404296875e+00
-2.747683823108673096e-01
-6.736907482147216797e+00
6.261780261993408203e-01
-3.794856548309326172e+00
-1.751409411430358887e+00
1.071400403976440430e+00
4.792678356170654297e+00
1.356902480125427246e+00
-8.976688385009765625e-01
-2.909847736358642578e+00
1.292605280876159668e+00
-2.166806936264038086e+00
-2.906128168106079102e+00
9.753034114837646484e-01
1.671391487121582031e+00
-4.431920528411865234e+00
1.635188460350036621e+00
-1.130323767662048340e+00
-2.903878211975097656e+00
-1.584908127784729004e+00
1.318951845169067383e+00
-3.610148906707763672e+00
3.381115496158599854e-01
-1.384309768676757812e+00
2.933436632156372070e+00
-2.124152518808841705e-02
3.499579668045043945e+00
-5.737326741218566895e-01
-1.391451239585876465e+00
6.040646553039550781e+00
1.470458865165710449e+00
3.855216979980468750e+00
