-6.211308836936950684e-01
-9.039405584335327148e-01
-1.459550499916076660e+00
1.234550237655639648e+00
1.095932349562644958e-02
8.563631176948547363e-01
1.018665194511413574e+00
-2.953418970108032227e+00
1.397651910781860352e+00
-1.132428407669067383e+00
1.596770524978637695e+00
-3.301661694422364235e-03
-1.266582489013671875e+00
-1.596482992172241211e+00
1.773231267929077148e+00
-8.996306657791137695e-01
1.328189373016357422e+00
1.646147966384887695e+00
-1.347836405038833618e-01
-1.393292427062988281e+00
-1.455942630767822266e+00
-3.710616827011108398e+00
1.648462653160095215e+00
-4.039011478424072266e+00
3.314006328582763672e+00
7.880709767341613770e-01
-2.552089989185333252e-01
-1.467307567596435547e+00
-2.104535579681396484e+00
2.162568569183349609e+00
-5.531032681465148926e-01
1.885354876518249512e+00
3.325806260108947754e-01
2.436366558074951172e+00
1.048219323158264160e+00
-3.778692960739135742e+00
5.548712253570556641e+00
-5.890434265136718750e+00
6.745280027389526367e-01
-1.407589912414550781e+00
3.397031784057617188e+00
-5.902228832244873047e+00
1.907446146011352539e+00
-5.102969169616699219e+00
-4.834381580352783203e+00
1.948601365089416504e+00
-8.262926936149597168e-01
-1.296851038932800293e-01
-4.102331638336181641e+00
-3.087722301483154297e+00
7.007989883422851562e-01
2.861705064773559570e+00
-5.278967022895812988e-01
-3.336099624633789062e+00
-2.388035058975219727e+00
-3.296271324157714844e+00
-7.299685001373291016e+00
2.865917444229125977e+00
-4.717995643615722656e+00
-1.839464426040649414e+00
3.690065383911132812e+00
