1.553739905357360840e+00
1.301716327667236328e+00
-7.963376641273498535e-01
-3.457780480384826660e-01
-1.684538364410400391e+00
-1.239877820014953613e+00
6.661679744720458984e-01
-6.290574073791503906e-01
-1.028971314430236816e+00
-7.052881717681884766e-01
1.739921092987060547e+00
-6.505044698715209961e-01
-1.835543394088745117e+00
-5.355713963508605957e-01
1.170181751251220703e+00
-2.369181871414184570e+00
7.730112671852111816e-01
-1.874553680419921875e+00
-5.837736129760742188e-01
2.519385814666748047e-01
4.138443946838378906e+00
2.843317508697509766e+00
-4.166718959808349609e+00
-1.119544059038162231e-01
1.346200585365295410e+00
3.255130767822265625e+00
1.663832187652587891e+00
5.980249643325805664e-01
4.145545959472656250e+00
7.966998815536499023e-01
-6.808190345764160156e+00
6.863060593605041504e-01
-8.507090568542480469e+00
5.725028514862060547e-01
-2.202533006668090820e+00
4.178426742553710938e+00
2.116643905639648438e+00
-2.487352609634399414e+00
9.964350461959838867e-01
-4.157314598560333252e-01
-3.267210245132446289e+00
2.094151973724365234e+00
3.566039085388183594e+00
-5.167289078235626221e-02
-7.070493102073669434e-01
-1.305324912071228027e+00
2.152882814407348633e+00
-3.988198935985565186e-01
4.206403255462646484e+00
-2.385353147983551025e-01
3.152884721755981445e+00
5.907474160194396973e-01
-1.804017066955566406e+00
9.489465355873107910e-01
-1.774201989173889160e+00
-1.313242435455322266e+00
9.333794116973876953e-01
1.138436079025268555e+00
4.503705203533172607e-01
-3.441120088100433350e-01
4.972227811813354492e-01
