-2.661347866058349609e+00
-1.551382303237915039e+00
-1.529359340667724609e+00
5.324303507804870605e-01
9.128335118293762207e-01
-2.156614303588867188e+00
-1.382744789123535156e+00
-1.197120666503906250e+00
-8.724033832550048828e-02
-1.791261076927185059e+00
-9.702013134956359863e-01
8.381897211074829102e-01
-6.643397808074951172e-01
-2.076659202575683594e+00
-1.900216341018676758e+00
1.747237205505371094e+00
4.155743420124053955e-01
1.550863146781921387e+00
2.513073444366455078e+00
1.232697010040283203e+00
-7.605415821075439453e+00
-5.430200099945068359e+00
6.882497310638427734e+00
-2.334233283996582031e+00
1.418802142143249512e+00
8.720033168792724609e-01
1.342386484146118164e+00
4.422505855560302734e+00
-4.915834665298461914e-01
-1.689437627792358398e+00
-4.052830696105957031e+00
4.539681911468505859e+00
3.645817756652832031e+00
1.480382323265075684e+00
-5.739478111267089844e+00
-2.726888656616210938e+00
-6.497203111648559570e-01
-3.776281356811523438e+00
7.228199481964111328e+00
5.220218300819396973e-01
-4.306283950805664062e+00
2.995254039764404297e+00
-2.124848365783691406e+00
-3.708586454391479492e+00
-2.177708864212036133e+00
9.731613681651651859e-04
1.695368409156799316e+00
-2.077935218811035156e+00
-4.386020004749298096e-01
-1.422419309616088867e+00
-4.023609161376953125e+00
-6.169236183166503906e+00
4.557823657989501953e+00
-5.518885254859924316e-01
-4.051696300506591797e+00
1.010815620422363281e+00
-1.527784347534179688e+00
1.414951920509338379e+00
-5.657530784606933594e+00
1.003154814243316650e-01
-1.578410863876342773e-01
