1.295102000236511230e+00
-1.609195828437805176e+00
-1.319043755531311035e+00
6.621049046516418457e-01
1.850698113441467285e+00
-1.542766213417053223e+00
8.317283391952514648e-01
-4.210962355136871338e-01
1.357151746749877930e+00
4.237121045589447021e-01
1.127256035804748535e+00
6.123397350311279297e-01
-1.282765507698059082e+00
1.114992737770080566e+00
-3.457951247692108154e-01
2.325899124145507812e+00
-1.568192958831787109e+00
-4.318966865539550781e-01
-1.750035762786865234e+00
-8.874642252922058105e-01
-5.219566822052001953e+00
2.457975864410400391e+00
1.357710838317871094e+00
-3.783699512481689453e+00
-1.071667671203613281e+00
-6.814483404159545898e-01
-2.043448686599731445e+00
6.458584070205688477e-01
-3.068947553634643555e+00
-2.452590703964233398e+00
1.084324717521667480e+00
3.566921710968017578e+00
-3.227204799652099609e+00
3.999747514724731445e+00
-1.047356367111206055e+00
1.257769227027893066e+00
2.123272895812988281e+00
1.959565162658691406e+00
-3.439098834991455078e+00
1.792333424091339111e-01
-4.016734600067138672e+00
2.061955690383911133e+00
1.379086375236511230e+00
3.510620594024658203e+00
1.616146802902221680e+00
3.100322484970092773e+00
2.465470314025878906e+00
-5.091688632965087891e-01
-2.381460666656494141e+00
2.182840108871459961e+00
1.129567623138427734e+00
5.683647632598876953e+00
-1.920832157135009766e+00
-2.754076957702636719e+00
-1.444041848182678223e+00
9.209635257720947266e-01
-2.588957786560058594e+00
-2.396330595016479492e+00
1.757706522941589355e+00
-1.953939162194728851e-02
-2.258934825658798218e-01
