-2.333521693944931030e-01
8.748514652252197266e-01
1.898610591888427734e+00
-1.830946207046508789e+00
1.803137779235839844e+00
-5.027655363082885742e-01
7.172753810882568359e-01
-1.488005757331848145e+00
6.717035770416259766e-01
2.395620584487915039e+00
-1.708912134170532227e+00
-6.504400372505187988e-01
8.759201318025588989e-02
1.989741444587707520e+00
1.493854999542236328e+00
3.013459444046020508e-01
2.625645399093627930e-01
2.142954915761947632e-01
1.048847317695617676e+00
1.933028936386108398e+00
2.648944854736328125e-01
-1.739813387393951416e-01
-4.964448451995849609e+00
5.372421264648437500e+00
-1.082467913627624512e+00
1.686054825782775879e+00
-2.409334659576416016e+00
-4.258480548858642578e+00
1.315165400505065918e+00
-1.723405957221984863e+00
-3.289738655090332031e+00
1.542594671249389648e+00
-2.570874929428100586e+00
1.306796550750732422e+00
-4.556190013885498047e+00
1.554519295692443848e+00
-4.840085208415985107e-01
-1.042214870452880859e+00
1.606742978096008301e+00
5.971706390380859375e+00
-1.973456144332885742e-01
1.080062031745910645e+00
-1.574476838111877441e+00
2.324048995971679688e+00
-1.967112421989440918e+00
-2.056160449981689453e+00
-1.978796720504760742e+00
2.429285764694213867e+00
-9.892166852951049805e-01
3.981965780258178711e-01
-2.874851703643798828e+00
-1.650252580642700195e+00
1.545099258422851562e+00
9.997931718826293945e-01
3.376014471054077148e+00
-1.686992287635803223e+00
1.546842753887176514e-01
-8.723345398902893066e-01
-2.235446214675903320e+00
2.225000858306884766e+00
2.637995958328247070e+00
