-1.787676095962524414e+00
6.163657903671264648e-01
-1.827932357788085938e+00
-2.445856809616088867e+00
7.690135240554809570e-01
2.158486843109130859e+00
-1.458822011947631836e+00
6.729606986045837402e-01
9.483931064605712891e-01
9.502890706062316895e-01
-1.469597458839416504e+00
1.484620332717895508e+00
-1.615227699279785156e+00
-9.897031188011169434e-01
2.093297958374023438e+00
7.985961437225341797e-01
-1.877627730369567871e+00
1.496322154998779297e+00
-9.198825955390930176e-01
-6.205753684043884277e-01
7.993351817131042480e-01
1.055469036102294922e+00
6.374277114868164062e+00
8.486921310424804688e+00
4.038598060607910156e+00
7.659091949462890625e+00
-5.088937282562255859e-01
-1.267161130905151367e+00
-6.347993761301040649e-02
3.596404790878295898e+00
-1.855683684349060059e+00
3.732899427413940430e-01
-2.646426439285278320e+00
1.547417789697647095e-01
-3.482702374458312988e-01
1.574059844017028809e+00
-1.702228426933288574e+00
5.271383523941040039e-01
3.414602756500244141e+00
1.095964074134826660e+00
-1.143192172050476074e+00
1.614536166191101074e+00
-4.766602039337158203e+00
3.071188688278198242e+00
3.623099088668823242e+00
2.425578832626342773e+00
-3.988533318042755127e-01
-4.810350537300109863e-01
-4.847791790962219238e-01
-5.633604049682617188e+00
-2.119213342666625977e+00
3.043678700923919678e-01
2.272333383560180664e+00
5.276053547859191895e-01
6.914442777633666992e-01
1.741901755332946777e+00
2.707259893417358398e+00
5.070653557777404785e-01
1.110829830169677734e+00
1.502178788185119629e+00
-1.526311635971069336e+00
