1.235798120498657227e+00
-2.319887727499008179e-01
5.786384344100952148e-01
-4.575357735157012939e-01
-2.118196725845336914e+00
9.240249395370483398e-01
-1.412802100181579590e+00
-1.936008214950561523e+00
-1.697380781173706055e+00
2.156198263168334961e+00
-5.533640980720520020e-01
3.371128737926483154e-01
-8.087148666381835938e-01
1.764793395996093750e+00
4.489487111568450928e-01
3.040262162685394287e-01
6.886380314826965332e-01
-1.784827232360839844e+00
-1.183336377143859863e+00
1.857123374938964844e+00
-4.293602466583251953e+00
-5.123081207275390625e-01
4.280578345060348511e-02
-9.407733678817749023e-01
1.270766139030456543e+00
-9.033125042915344238e-01
-2.894822120666503906e+00
-3.295205354690551758e+00
2.926052331924438477e+00
-7.890802860260009766e+00
9.406419992446899414e-01
-2.401051670312881470e-01
-3.220905542373657227e+00
-2.117909044027328491e-01
-2.164517164230346680e+00
-3.509851992130279541e-01
-2.730730772018432617e+00
-4.864789009094238281e+00
-4.186274051666259766e+00
-8.675358295440673828e-01
3.876359224319458008e+00
-4.680295586585998535e-01
1.961606889963150024e-01
5.736134648323059082e-01
2.244867563247680664e+00
8.994552493095397949e-02
-2.585553884506225586e+00
1.678204655647277832e+00
-1.530326008796691895e+00
-2.638829946517944336e+00
1.490097641944885254e+00
-9.509583711624145508e-01
2.940014600753784180e+00
1.444936275482177734e+00
-2.292769670486450195e+00
-7.561125755310058594e-01
1.048147559165954590e+00
2.329325437545776367e+00
-4.241792678833007812e+00
1.201867222785949707e+00
-6.932153105735778809e-01
