-4.178741872310638428e-01
-7.634094357490539551e-01
-5.789347290992736816e-01
1.164464727044105530e-01
9.343627691268920898e-01
-1.145722866058349609e+00
-2.291438579559326172e+00
-2.218870639801025391e+00
-1.549563407897949219e+00
6.074454784393310547e-01
1.481628775596618652e+00
1.886566281318664551e+00
-1.379478096961975098e+00
1.946633815765380859e+00
9.975762963294982910e-01
1.211032867431640625e+00
1.758402824401855469e+00
-3.029905557632446289e-01
1.508380293846130371e+00
5.567755103111267090e-01
8.581190705299377441e-01
3.118144035339355469e+00
-2.562927484512329102e+00
-1.843611717224121094e+00
1.482048869132995605e+00
2.351233720779418945e+00
4.771410465240478516e+00
-2.496308803558349609e+00
6.799794673919677734e+00
9.175580739974975586e-01
3.426895380020141602e+00
-1.308294236660003662e-01
-6.195373058319091797e+00
4.889283180236816406e+00
2.788387775421142578e+00
-9.026938080787658691e-01
-4.432981014251708984e+00
1.370625793933868408e-01
-2.444392204284667969e+00
1.828981757164001465e+00
-1.743653565645217896e-01
-2.721205711364746094e+00
2.715521574020385742e+00
-2.190395116806030273e+00
2.003986120223999023e+00
-2.652354717254638672e+00
3.397930264472961426e-01
1.061385989189147949e+00
2.623994350433349609e+00
1.516799211502075195e+00
-3.106219530105590820e+00
-1.728661656379699707e+00
-2.272749900817871094e+00
1.946763753890991211e+00
1.557836413383483887e+00
2.045268297195434570e+00
-1.260738849639892578e+00
-3.099325597286224365e-01
-2.565931797027587891e+00
-2.105094194412231445e+00
-1.863758206367492676e+00
