-2.135569334030151367e+00
1.312832355499267578e+00
-1.610558390617370605e+00
1.405734300613403320e+00
-1.431880593299865723e+00
-1.020104050636291504e+00
-1.663749098777770996e+00
1.145663261413574219e+00
-3.646464049816131592e-01
-6.236739754676818848e-01
1.318711876869201660e+00
-1.126050651073455811e-01
-1.369434475898742676e+00
-1.812686920166015625e+00
2.062599658966064453e+00
5.276533961296081543e-01
-4.631910622119903564e-01
1.781015396118164062e+00
-1.300452232360839844e+00
5.813233256340026855e-01
-2.448767870664596558e-01
-8.561927676200866699e-01
1.096294522285461426e-01
-6.158856749534606934e-01
-1.688121676445007324e+00
-4.381405353546142578e+00
7.783578038215637207e-01
-2.751407623291015625e+00
1.992252618074417114e-01
-1.186473846435546875e+00
3.705583333969116211e+00
5.708250999450683594e-01
2.485078811645507812e+00
-1.267299801111221313e-01
-3.239361763000488281e+00
-1.034298896789550781e+00
-9.427921772003173828e-01
3.614708185195922852e-01
-4.908925533294677734e+00
-7.734657526016235352e-01
2.352084219455718994e-01
-5.981921032071113586e-02
-2.326705455780029297e-01
3.283565640449523926e-01
-1.670114159584045410e+00
-2.903482913970947266e+00
-1.634202122688293457e+00
1.315408229827880859e+00
1.354051113128662109e+00
2.017572641372680664e+00
2.319766044616699219e+00
-9.661037325859069824e-01
1.827899098396301270e+00
-3.759217634797096252e-02
1.449200868606567383e+00
-4.983411431312561035e-01
8.753527402877807617e-01
-1.645063161849975586e+00
3.261038303375244141e+00
-3.277081549167633057e-01
9.304230660200119019e-02
