2.325217962265014648e+00
-1.651712894439697266e+00
1.897368788719177246e+00
-2.318914413452148438e+00
3.078316748142242432e-01
4.045655429363250732e-01
1.139842629432678223e+00
-1.632129192352294922e+00
-1.725323081016540527e+00
5.106559991836547852e-01
1.493934631347656250e+00
-4.910756647586822510e-01
5.452470779418945312e-01
-1.247952818870544434e+00
-1.834915757179260254e+00
-1.722243577241897583e-01
-1.534329652786254883e+00
-1.862436294555664062e+00
-2.867198362946510315e-02
1.124861001968383789e+00
2.587086439132690430e+00
-6.221620559692382812e+00
5.785984992980957031e+00
-1.558920741081237793e+00
-1.034256219863891602e+00
-1.682523369789123535e+00
7.035863876342773438e+00
6.045158863067626953e+00
-1.315460801124572754e+00
-3.851755142211914062e+00
4.969904422760009766e+00
-1.554168313741683960e-01
-3.306574523448944092e-01
3.519780039787292480e-01
2.696902275085449219e+00
2.762012481689453125e-01
2.751492738723754883e+00
7.218675613403320312e+00
8.352000713348388672e-01
-8.086614608764648438e-01
-1.093863844871520996e+00
-1.914026021957397461e+00
2.347313642501831055e+00
3.078805208206176758e-01
-6.025297194719314575e-02
-6.264577507972717285e-01
-4.688385963439941406e+00
2.617085695266723633e+00
-1.067441940307617188e+00
-3.342785120010375977e+00
-3.429134368896484375e+00
-2.599858641624450684e-01
9.230974316596984863e-02
9.937068223953247070e-01
-2.355025529861450195e+00
2.133459746837615967e-01
2.093737363815307617e+00
-3.412134885787963867e+00
1.977329015731811523e+00
4.174059033393859863e-01
-2.173033654689788818e-01
