1.792046666145324707e+00
-5.688652396202087402e-01
3.993324935436248779e-01
-6.627288460731506348e-01
-3.132132887840270996e-01
1.373276948928833008e+00
-2.196722030639648438e+00
1.807421684265136719e+00
-1.884520769119262695e+00
-3.567434251308441162e-01
1.818499684333801270e+00
1.388060569763183594e+00
-4.306021630764007568e-01
8.044040203094482422e-01
-1.705289006233215332e+00
9.480908513069152832e-02
1.235854864120483398e+00
5.941674709320068359e-01
-5.143301486968994141e-01
-1.342692494392395020e+00
-6.763306617736816406e+00
1.001554250717163086e+00
-6.984602808952331543e-01
-1.044622182846069336e+00
3.012690305709838867e+00
4.809811592102050781e+00
3.212248086929321289e+00
-1.306730270385742188e+00
-4.494819164276123047e+00
6.453181266784667969e+00
6.524139404296875000e+00
1.663049578666687012e+00
1.212896466255187988e+00
-2.036298036575317383e+00
-2.396212100982666016e+00
-2.688901185989379883e+00
-4.276439189910888672e+00
-1.121510624885559082e+00
2.088057518005371094e+00
2.322153568267822266e+00
1.853773355484008789e+00
-1.922773122787475586e+00
-3.929604887962341309e-01
3.077870309352874756e-01
2.806482076644897461e+00
3.738725662231445312e+00
-9.570418596267700195e-01
-8.219654560089111328e-01
9.687616229057312012e-01
-3.359213590621948242e+00
-3.164083480834960938e+00
-2.817938566207885742e+00
-1.151029109954833984e+00
1.846052646636962891e+00
-2.983991622924804688e+00
-1.661593914031982422e+00
-2.831157207489013672e+00
2.874590635299682617e+00
3.416404485702514648e+00
3.051560401916503906e+00
-1.977088451385498047e+00
