-9.300909638404846191e-01
1.354659795761108398e+00
1.661823153495788574e+00
1.839802384376525879e+00
1.980160355567932129e+00
7.888860106468200684e-01
7.218946218490600586e-01
5.154946446418762207e-01
5.409712195396423340e-01
-5.925491452217102051e-01
-7.924506664276123047e-01
-4.409754276275634766e-01
-9.943776130676269531e-01
9.455951452255249023e-01
-7.187868952751159668e-01
-2.105025291442871094e+00
-9.319615364074707031e-01
-4.294251203536987305e-01
5.003394484519958496e-01
-1.849186778068542480e+00
-1.968979239463806152e+00
-2.210033416748046875e+00
6.313704490661621094e+00
6.547372341156005859e+00
-2.110593318939208984e+00
3.472562074661254883e+00
-2.893051147460937500e+00
-1.353601455688476562e+00
-7.953280806541442871e-01
1.578666448593139648e+00
1.780961513519287109e+00
-1.629092931747436523e+00
2.330053091049194336e+00
-1.381231546401977539e+00
3.546864986419677734e-01
-1.258643746376037598e+00
-8.178828358650207520e-01
1.004438519477844238e+00
3.374482154846191406e+00
4.826628684997558594e+00
-1.117025017738342285e+00
-1.979400634765625000e+00
3.987250804901123047e+00
-1.998836398124694824e+00
1.244518518447875977e+00
-2.599750518798828125e+00
-2.288329839706420898e+00
4.155582189559936523e-01
-8.356957435607910156e-01
-2.328029155731201172e+00
-1.810742378234863281e+00
1.562753438949584961e+00
-2.343082427978515625e+00
-1.802793979644775391e+00
1.859996020793914795e-01
-1.119188070297241211e+00
1.129499793052673340e+00
-3.310520052909851074e-01
2.101625204086303711e+00
1.841446995735168457e+00
-1.088467478752136230e+00
