-1.914323806762695312e+00
-6.507541537284851074e-01
7.237584590911865234e-01
1.873756766319274902e+00
1.631783962249755859e+00
1.617120623588562012e+00
1.329305887222290039e+00
-1.663075208663940430e+00
1.084001541137695312e+00
1.721067905426025391e+00
2.569891929626464844e+00
-9.303598999977111816e-01
1.147978901863098145e+00
-2.735906541347503662e-01
-1.703089356422424316e+00
-2.147595405578613281e+00
-1.470917224884033203e+00
-1.603001713752746582e+00
-2.088135480880737305e+00
1.429134368896484375e+00
2.202560186386108398e+00
3.496514320373535156e+00
1.066883921623229980e+00
2.289213472977280617e-03
-6.641240596771240234e+00
-2.651387453079223633e-01
-5.586636543273925781e+00
-2.943008422851562500e+00
4.318380832672119141e+00
-2.554898738861083984e+00
-3.696827888488769531e+00
-3.316096782684326172e+00
1.790966272354125977e+00
-7.604455351829528809e-01
-7.147621512413024902e-01
9.209495544433593750e+00
-4.348731517791748047e+00
-2.011092185974121094e+00
7.691128253936767578e+00
-3.151110708713531494e-01
8.002183437347412109e-01
3.444357872009277344e+00
-1.411541342735290527e+00
-7.199342548847198486e-02
3.319956302642822266e+00
1.577246189117431641e-01
2.897562265396118164e+00
2.152483224868774414e+00
3.553394556045532227e+00
1.535990715026855469e+00
-7.769045233726501465e-01
4.537458419799804688e+00
7.549850940704345703e-01
1.246296048164367676e+00
3.912199437618255615e-01
2.965645074844360352e+00
-2.270335912704467773e+00
-2.952240705490112305e+00
2.089090108871459961e+00
4.004174470901489258e-01
-2.012471675872802734e+00
