-1.159504175186157227e+00
-3.260359168052673340e-01
-6.768112182617187500e-01
7.736315131187438965e-01
3.153995752334594727e+00
1.674816131591796875e+00
-1.933580994606018066e+00
-1.036283001303672791e-01
1.717215657234191895e+00
3.933664858341217041e-01
-3.128346920013427734e+00
-1.008393526077270508e+00
6.810140013694763184e-01
-1.749514341354370117e-01
3.359747529029846191e-01
3.510380387306213379e-01
3.602668642997741699e-01
-1.208214640617370605e+00
-1.546152591705322266e+00
-5.254313945770263672e-01
-2.369336366653442383e+00
-4.130452498793601990e-02
3.097980022430419922e+00
3.072458803653717041e-01
-6.397639274597167969e+00
-1.546965360641479492e+00
-5.146676540374755859e+00
5.206334590911865234e-01
2.259530067443847656e+00
3.486676812171936035e-01
-8.805574774742126465e-01
4.731812477111816406e+00
3.459356725215911865e-01
1.781400203704833984e+00
-2.634735703468322754e-01
1.218353062868118286e-01
4.185127615928649902e-01
4.976021125912666321e-02
-5.588564276695251465e-01
5.954972505569458008e-01
3.866091728210449219e+00
-9.707118272781372070e-01
-3.200745582580566406e+00
-2.449997067451477051e-01
-5.189960598945617676e-01
-1.582238793373107910e+00
-1.237999081611633301e+00
1.900136768817901611e-01
1.641511201858520508e+00
8.727010488510131836e-01
3.243596106767654419e-02
2.840372800827026367e+00
-4.267335236072540283e-01
2.263206958770751953e+00
4.866456985473632812e-01
7.546160817146301270e-01
8.472172617912292480e-01
-3.521306037902832031e+00
3.391123771667480469e+00
-2.373113185167312622e-01
-1.941828846931457520e+00
