3.899890929460525513e-02
-9.841361045837402344e-01
-1.297780871391296387e+00
1.825071692466735840e+00
-1.538901448249816895e+00
-4.909353330731391907e-02
-7.422636747360229492e-01
-1.029201075434684753e-01
1.296686768531799316e+00
9.022960662841796875e-01
1.865298509597778320e+00
9.228855371475219727e-01
-6.257828474044799805e-01
5.245800018310546875e-01
1.776498675346374512e+00
-6.269051134586334229e-02
9.110725522041320801e-01
-4.093317389488220215e-01
-1.336053133010864258e+00
-1.848309516906738281e+00
-4.851893782615661621e-01
2.624611854553222656e-01
-1.738844275474548340e+00
7.446214199066162109e+00
5.328629970550537109e+00
4.869726598262786865e-01
3.547413051128387451e-01
1.076576471328735352e+00
2.970961093902587891e+00
5.269278958439826965e-02
1.334806323051452637e+00
-6.042473316192626953e-01
-4.572963118553161621e-01
2.577141284942626953e+00
7.413288116455078125e+00
2.148965597152709961e+00
-2.943831920623779297e+00
2.026636600494384766e+00
-4.133293151855468750e+00
6.496111154556274414e-01
-1.931207180023193359e+00
-4.428996518254280090e-02
1.880235433578491211e+00
-2.134399652481079102e+00
-3.137215375900268555e+00
8.770779967308044434e-01
-1.740903139114379883e+00
1.875956058502197266e+00
2.623750448226928711e+00
-3.647881150245666504e-01
1.646019339561462402e+00
3.622950911521911621e-01
9.961509704589843750e-01
-3.279922246932983398e+00
4.339227676391601562e+00
1.764061331748962402e+00
-4.005962848663330078e+00
-3.475562334060668945e-01
1.416866302490234375e+00
6.189252138137817383e-01
-3.246123552322387695e+00
