-1.415280222892761230e+00
1.056105494499206543e+00
9.903416633605957031e-01
-3.296682834625244141e+00
1.323543787002563477e+00
1.960350513458251953e+00
1.193948268890380859e+00
1.260937809944152832e+00
5.869765877723693848e-01
-1.310905218124389648e+00
-7.881376147270202637e-01
-2.298388481140136719e+00
1.302335977554321289e+00
-1.293491005897521973e+00
-1.487796545028686523e+00
-2.295263767242431641e+00
-7.033923268318176270e-01
-1.401941895484924316e+00
7.359430193901062012e-01
2.672206401824951172e+00
4.121556282043457031e+00
1.655632734298706055e+00
-3.317547321319580078e+00
1.054768753051757812e+01
3.159148216247558594e+00
2.931175827980041504e-01
1.565943509340286255e-01
2.765425682067871094e+00
1.545117348432540894e-01
1.746680855751037598e+00
-3.673399090766906738e-01
2.285196185111999512e-01
-3.704380750656127930e+00
1.048379778861999512e+00
-4.034921169281005859e+00
2.304115772247314453e+00
2.956508398056030273e+00
-2.197022199630737305e+00
7.564678043127059937e-02
-8.569954872131347656e+00
-2.425923109054565430e+00
-3.895922005176544189e-01
-3.747301101684570312e+00
1.849326133728027344e+00
-4.965746402740478516e+00
1.360397696495056152e+00
3.300437629222869873e-01
-5.454218387603759766e-01
-3.112163841724395752e-01
-1.108865857124328613e+00
3.226105868816375732e-01
8.508311510086059570e-01
-3.280185222625732422e+00
1.754521250724792480e+00
-3.534723043441772461e+00
-1.067673444747924805e+00
-2.703655719757080078e+00
-2.223437070846557617e+00
-1.534483432769775391e-01
3.950428724288940430e+00
9.033936262130737305e-01
