-2.449189424514770508e+00
-1.340903878211975098e+00
1.203745484352111816e+00
1.168483257293701172e+00
-8.326405882835388184e-01
2.089704275131225586e+00
1.047114849090576172e+00
1.619233012199401855e+00
3.799352049827575684e-01
4.987481236457824707e-01
9.951648116111755371e-01
-1.360940337181091309e+00
-2.855857133865356445e+00
4.974871873855590820e-01
-1.061729490756988525e-01
3.024865865707397461e+00
1.813700079917907715e+00
-2.038378953933715820e+00
2.776021242141723633e+00
1.733893036842346191e+00
-9.599264144897460938e+00
-4.477856159210205078e-01
1.262451708316802979e-01
-2.510859727859497070e+00
4.441230773925781250e+00
8.148876190185546875e+00
-1.008698582649230957e+00
4.228519499301910400e-01
-2.091134786605834961e+00
-2.504960298538208008e+00
-1.040252566337585449e+00
5.990601062774658203e+00
1.395026803016662598e+00
2.579955577850341797e+00
1.430893063545227051e+00
2.069674730300903320e+00
-3.554429113864898682e-02
-2.234975397586822510e-01
1.945065736770629883e+00
5.374985188245773315e-02
3.274995565414428711e+00
-8.316995501518249512e-01
3.636085510253906250e+00
1.935815215110778809e+00
4.396731376647949219e+00
5.259797573089599609e+00
-9.017058014869689941e-01
-1.341435790061950684e+00
-2.070579051971435547e+00
-2.601634263992309570e+00
-2.614831686019897461e+00
-3.871270418167114258e+00
-6.074148416519165039e-01
-5.552582263946533203e+00
-1.729890465736389160e+00
2.164623498916625977e+00
-5.296472907066345215e-01
1.000457108020782471e-01
-3.104645252227783203e+00
3.718457221984863281e-01
4.122357964515686035e-01
