-8.053531646728515625e-01
1.221042871475219727e+00
-2.076162338256835938e+00
3.576372563838958740e-01
-1.799588322639465332e+00
-1.352903485298156738e+00
1.478930950164794922e+00
1.319660544395446777e+00
1.890366077423095703e+00
1.247544288635253906e+00
7.651863694190979004e-01
6.937040686607360840e-01
-1.340277910232543945e+00
1.878580927848815918e+00
-1.398006081581115723e+00
-6.763204932212829590e-01
-3.575995564460754395e-01
-1.455627441406250000e+00
1.394619822502136230e+00
-1.184033229947090149e-01
-2.093443393707275391e+00
1.366721749305725098e+00
5.971166610717773438e+00
2.436735868453979492e+00
-2.590634822845458984e+00
1.921252608299255371e-01
-2.780903816223144531e+00
2.933526039123535156e+00
-5.387246131896972656e+00
1.416821837425231934e+00
2.261243581771850586e+00
2.095160722732543945e+00
1.181903004646301270e+00
-1.219809889793395996e+00
7.629935264587402344e+00
-6.378265619277954102e-01
-2.394025802612304688e+00
-1.564275860786437988e+00
-1.630778431892395020e+00
-2.444178104400634766e+00
-2.224817991256713867e+00
4.964698255062103271e-01
-3.724437952041625977e+00
-2.519714355468750000e+00
-2.552854299545288086e+00
9.345878958702087402e-01
1.756433129310607910e+00
-2.362589836120605469e+00
-3.782760858535766602e+00
-1.240569949150085449e+00
9.623277187347412109e-01
8.555471301078796387e-01
1.256894111633300781e+00
2.170003890991210938e+00
2.383549690246582031e+00
-2.462233603000640869e-01
2.627587795257568359e+00
1.839911937713623047e+00
-1.794689178466796875e+00
-3.182349205017089844e+00
-1.963485121726989746e+00
