-7.317536473274230957e-01
-1.069329619407653809e+00
-1.163249969482421875e+00
1.279485464096069336e+00
-6.876878738403320312e-01
1.018413066864013672e+00
-2.572082355618476868e-02
1.430347561836242676e+00
1.241441488265991211e+00
-1.051567077636718750e+00
-6.869750022888183594e-01
-8.736128211021423340e-01
1.252159833908081055e+00
-3.558464348316192627e-01
-5.603818297386169434e-01
-8.080170750617980957e-01
5.452798008918762207e-01
-1.738776922225952148e+00
-1.254249691963195801e+00
-1.422359585762023926e+00
-1.544718027114868164e+00
-3.863018274307250977e+00
-1.371476054191589355e+00
3.045331478118896484e+00
-1.020871102809906006e-01
-3.203234434127807617e+00
-7.436687350273132324e-01
6.250248432159423828e+00
8.337645530700683594e-01
-5.623033642768859863e-01
-1.359662413597106934e-01
6.307287216186523438e-01
-3.774673461914062500e+00
1.294826269149780273e+00
-2.736786127090454102e+00
-2.111707210540771484e+00
4.343737959861755371e-01
2.054391205310821533e-01
4.926489830017089844e+00
4.668431758880615234e+00
1.827024698257446289e+00
4.450880050659179688e+00
-1.022291064262390137e+00
2.219636678695678711e+00
5.187335610389709473e-01
-1.713183045387268066e+00
-1.558637142181396484e+00
3.895126104354858398e+00
-8.646626472473144531e-01
5.549164414405822754e-01
5.053892731666564941e-01
5.346807837486267090e-01
-3.169454813003540039e+00
-2.263975381851196289e+00
2.564359903335571289e+00
-1.708333134651184082e+00
1.003236413002014160e+00
-9.955477714538574219e-01
2.025254249572753906e+00
-5.121828556060791016e+00
1.335950009524822235e-02
