-3.530500829219818115e-02
1.096475124359130859e+00
-1.578729897737503052e-01
4.441846311092376709e-01
-7.061551213264465332e-01
6.128329038619995117e-01
-7.649380564689636230e-01
-1.207626223564147949e+00
-6.425858736038208008e-01
3.791919350624084473e-01
1.334605336189270020e+00
4.267426013946533203e+00
1.061545014381408691e+00
1.397988915443420410e+00
-1.415408015251159668e+00
-2.144348859786987305e+00
1.660037755966186523e+00
1.852306604385375977e+00
-1.064090490341186523e+00
-1.429833173751831055e+00
3.507611274719238281e+00
-2.931063413619995117e+00
-2.358783721923828125e+00
2.339506626129150391e+00
6.222864389419555664e-01
-6.565546393394470215e-01
9.782562851905822754e-01
-2.278070926666259766e+00
3.873531520366668701e-01
-1.945513844490051270e+00
-2.595937013626098633e+00
-3.677822351455688477e+00
-4.275627136230468750e+00
-6.254110932350158691e-01
1.991138696670532227e+00
-4.406317710876464844e+00
-3.956429958343505859e+00
3.016878366470336914e+00
-5.261393189430236816e-01
-1.040598034858703613e+00
2.219444274902343750e+00
4.109809875488281250e+00
-1.121697783470153809e+00
1.558011770248413086e+00
1.448938529938459396e-02
5.532929301261901855e-01
1.243795990943908691e+00
1.924021124839782715e+00
6.211614012718200684e-01
2.122070312500000000e+00
-1.951253533363342285e+00
6.865541916340589523e-03
-2.961005687713623047e+00
-9.519293159246444702e-02
-2.970544815063476562e+00
-1.197586059570312500e+00
-2.879309892654418945e+00
4.641050994396209717e-01
1.270905017852783203e+00
-1.601605772972106934e+00
-4.758145809173583984e+00
