1.075848937034606934e+00
-6.418350934982299805e-01
-1.144206404685974121e+00
-1.135043501853942871e+00
8.304148912429809570e-01
1.060733199119567871e+00
-1.342222690582275391e+00
1.889442324638366699e+00
-1.789507627487182617e+00
-1.049126863479614258e+00
-1.030339360237121582e+00
2.036304950714111328e+00
-1.141132712364196777e+00
-1.144309163093566895e+00
7.876945137977600098e-01
1.633305311203002930e+00
-1.737841963768005371e+00
1.070834636688232422e+00
-4.023242592811584473e-01
1.677526712417602539e+00
3.723268032073974609e+00
-3.257090568542480469e+00
5.845395475625991821e-02
7.623137235641479492e-01
1.602437138557434082e+00
2.495686531066894531e+00
1.377830743789672852e+00
2.302703857421875000e+00
2.504509389400482178e-01
4.529753208160400391e+00
1.759793162345886230e+00
-1.426639914512634277e+00
6.626695394515991211e-01
2.022228837013244629e-01
2.705654501914978027e-01
-8.828377127647399902e-01
7.119228839874267578e+00
4.466168880462646484e+00
-1.700680732727050781e+00
-3.284988164901733398e+00
-2.279773712158203125e+00
3.603926897048950195e+00
1.095431819558143616e-01
3.548568785190582275e-01
-1.875156879425048828e+00
2.524687767028808594e+00
1.102315783500671387e+00
8.952248096466064453e-01
-1.617671102285385132e-01
4.107091426849365234e+00
-2.161574602127075195e+00
1.981298446655273438e+00
1.035925745964050293e+00
5.292109847068786621e-01
-1.775913387537002563e-01
5.651251673698425293e-01
-3.585577249526977539e+00
3.838264465332031250e+00
1.647002339363098145e+00
-1.444707274436950684e+00
1.703196287155151367e+00
