-1.537712693214416504e+00
-1.463361382484436035e+00
-1.944631099700927734e+00
-1.372401714324951172e+00
-1.846229076385498047e+00
5.311970114707946777e-01
3.592787384986877441e-01
1.829846620559692383e+00
7.435061931610107422e-01
-1.266023278236389160e+00
1.317303776741027832e+00
2.009985595941543579e-01
-1.823931574821472168e+00
1.563017606735229492e+00
-1.077484011650085449e+00
4.449761807918548584e-01
-7.389230728149414062e-01
-1.156886935234069824e+00
-1.820998787879943848e+00
1.298724532127380371e+00
6.359714269638061523e-02
-6.104127407073974609e+00
-8.097002983093261719e+00
-1.686636924743652344e+00
3.725731849670410156e+00
-6.779921650886535645e-01
-1.473483920097351074e+00
5.203922271728515625e+00
-1.940976530313491821e-01
3.895816564559936523e+00
-1.955838918685913086e+00
8.934393525123596191e-01
-5.196152687072753906e+00
-1.014347746968269348e-02
-7.150636315345764160e-01
1.801635384559631348e+00
3.047227263450622559e-01
2.101206779479980469e+00
6.107453346252441406e+00
9.306848049163818359e-01
3.119338750839233398e-01
-5.412061691284179688e+00
5.593575954437255859e+00
2.922152996063232422e+00
2.747212171554565430e+00
-9.746640920639038086e-02
-7.532698512077331543e-01
3.415967702865600586e+00
9.274722933769226074e-01
-4.615087032318115234e+00
-3.641138076782226562e-01
-1.830424308776855469e+00
2.606160402297973633e+00
-8.817724585533142090e-01
-7.422280311584472656e-01
1.432088017463684082e+00
-2.554364800453186035e-01
-1.891918301582336426e+00
2.795172214508056641e+00
1.744731187820434570e+00
2.720270752906799316e-01
