-1.113100647926330566e+00
-9.739665389060974121e-01
-1.285930156707763672e+00
6.540826559066772461e-01
1.964599251747131348e+00
7.935509830713272095e-02
-1.004347681999206543e+00
-3.094854354858398438e+00
5.226554393768310547e+00
1.736120820045471191e+00
-1.135231256484985352e+00
-4.490933120250701904e-01
1.461798787117004395e+00
5.000205039978027344e-01
-1.193287253379821777e+00
1.721561670303344727e+00
1.532613396644592285e+00
-3.615682721138000488e-01
1.732308626174926758e+00
-1.790120840072631836e+00
7.767523825168609619e-02
-4.370657444000244141e+00
-3.100441932678222656e+00
3.251227617263793945e+00
-1.305179357528686523e+00
2.483782768249511719e+00
-1.946280002593994141e+00
-1.588625669479370117e+00
1.602510511875152588e-01
-6.254286766052246094e+00
-3.539337873458862305e+00
5.168792605400085449e-01
-2.443899869918823242e+00
-2.222688198089599609e+00
-4.205954074859619141e-01
7.467295169830322266e+00
6.602380752563476562e+00
-4.179643690586090088e-01
-5.690758228302001953e+00
3.664865970611572266e+00
-4.277336895465850830e-01
-3.559643507003784180e+00
-4.390127658843994141e+00
-2.785298109054565430e+00
-7.914953231811523438e-01
2.266423225402832031e+00
2.718288183212280273e+00
4.057716131210327148e-01
-5.325323902070522308e-03
-3.497611045837402344e+00
4.290408134460449219e+00
-1.368959665298461914e+00
2.465726852416992188e+00
3.178308248519897461e+00
4.498264193534851074e-01
-7.198104381561279297e+00
7.475387096405029297e+00
-1.037955284118652344e+00
2.493730306625366211e+00
3.408729553222656250e+00
-1.916313618421554565e-01
