1.036954641342163086e+00
7.747651934623718262e-01
-6.165561079978942871e-01
1.173289895057678223e+00
1.288920938968658447e-01
1.135698482394218445e-01
-2.060000419616699219e+00
-1.989627718925476074e+00
-1.170592546463012695e+00
1.276416063308715820e+00
1.536394953727722168e+00
4.243808388710021973e-01
1.694227933883666992e+00
1.427418947219848633e+00
-1.341575264930725098e+00
-3.745817840099334717e-01
1.919185400009155273e+00
-1.749494671821594238e+00
-1.340490579605102539e+00
-5.271726250648498535e-01
1.903104186058044434e+00
-4.888602793216705322e-01
-1.497736215591430664e+00
5.326489731669425964e-02
2.593111991882324219e+00
1.372546792030334473e+00
-3.182017803192138672e+00
5.839489698410034180e-01
4.857583045959472656e+00
-7.149341702461242676e-02
-3.311833441257476807e-01
-2.131633996963500977e+00
-6.317647457122802734e+00
6.443713665008544922e+00
1.994023621082305908e-01
-8.052253127098083496e-01
-6.646734237670898438e+00
1.372549891471862793e+00
-6.394490718841552734e+00
2.950128078460693359e+00
-2.374169826507568359e+00
-8.236685395240783691e-01
-2.399930953979492188e+00
3.322387039661407471e-01
-2.942310810089111328e+00
3.140691280364990234e+00
-1.314798474311828613e+00
9.614999294281005859e-01
3.950606107711791992e+00
2.673296630382537842e-01
3.029746189713478088e-02
2.882135629653930664e+00
3.322746038436889648e+00
-4.652065753936767578e+00
-1.800477057695388794e-01
1.017440915107727051e+00
-2.108504056930541992e+00
-1.001709938049316406e+00
-4.297718048095703125e+00
-2.807849407196044922e+00
2.859848260879516602e+00
