-7.211905121803283691e-01
1.787259221076965332e+00
1.816501855850219727e+00
-1.985127806663513184e+00
-2.666824817657470703e+00
1.567841053009033203e+00
1.469589710235595703e+00
2.591290473937988281e+00
2.062035322189331055e+00
-2.308050870895385742e+00
-2.114567756652832031e+00
-2.508723497390747070e+00
1.088937759399414062e+00
2.278643131256103516e+00
1.193564772605895996e+00
-2.492316246032714844e+00
2.102902889251708984e+00
2.451215267181396484e+00
-2.279676437377929688e+00
-1.100103616714477539e+00
4.255349159240722656e+00
-1.304012656211853027e+00
2.794566631317138672e+00
-2.757296085357666016e+00
9.236252307891845703e-01
2.613533496856689453e+00
-2.434842109680175781e+00
-8.475845456123352051e-01
1.106850624084472656e+00
5.382434844970703125e+00
5.799557685852050781e+00
-9.030412673950195312e+00
-6.681253314018249512e-01
1.032068371772766113e+00
-1.501789093017578125e+00
-5.753657341003417969e+00
7.552115440368652344e+00
-6.617380142211914062e+00
5.375244617462158203e+00
1.013065695762634277e+00
-2.857441902160644531e+00
9.498111009597778320e-01
-3.390321016311645508e+00
-1.692684173583984375e+00
-1.411539912223815918e+00
1.716470360755920410e+00
-3.974250555038452148e-01
-1.752800941467285156e+00
-1.130091190338134766e+00
-4.524569511413574219e+00
4.505009174346923828e+00
3.196374893188476562e+00
1.088080525398254395e+00
9.436852931976318359e-01
-1.043353319168090820e+00
1.446212828159332275e-01
3.250427961349487305e+00
3.805163145065307617e+00
3.394655466079711914e+00
1.023631572723388672e+00
2.600392818450927734e+00
