-2.592278420925140381e-01
-2.477605104446411133e+00
1.478913187980651855e+00
-2.555830955505371094e+00
-1.084911301732063293e-01
1.863873124122619629e+00
-5.270304679870605469e-01
1.896072626113891602e+00
-5.910151004791259766e-01
-9.803757071495056152e-01
-1.529396414756774902e+00
1.316964268684387207e+00
-2.104064226150512695e+00
-1.152467012405395508e+00
9.071943163871765137e-01
-1.232834681868553162e-01
-1.604911923408508301e+00
-1.975138425827026367e+00
4.203467071056365967e-01
1.048332691192626953e+00
1.321240186691284180e+00
-2.249917745590209961e+00
-4.718657970428466797e+00
-2.407159566879272461e+00
-1.384308695793151855e+00
5.802077770233154297e+00
-3.223871946334838867e+00
8.175177872180938721e-02
5.246841907501220703e-01
-1.486527800559997559e+00
1.570285439491271973e+00
-3.868805766105651855e-01
6.749989986419677734e-01
4.311665534973144531e+00
2.528601169586181641e+00
2.744355797767639160e-01
6.883677005767822266e+00
2.635935544967651367e+00
-2.275350570678710938e+00
2.630208492279052734e+00
9.763109683990478516e-01
-2.270091295242309570e+00
2.634131431579589844e+00
1.475324988365173340e+00
-1.246240377426147461e+00
-2.772274255752563477e+00
3.537523269653320312e+00
-1.191531658172607422e+00
-2.988097965717315674e-01
1.985726475715637207e+00
-7.557051181793212891e-01
2.549355663359165192e-02
-1.491250276565551758e+00
3.453181743621826172e+00
3.532489061355590820e+00
2.187362462282180786e-01
-2.728864908218383789e+00
1.347174525260925293e+00
-1.991882562637329102e+00
7.555518746376037598e-01
1.093000292778015137e+00
