-1.278777241706848145e+00
-1.268134713172912598e+00
4.399316012859344482e-01
5.970979332923889160e-01
-5.848861336708068848e-01
-2.216923236846923828e+00
5.156803727149963379e-01
1.463850617408752441e+00
-5.989957451820373535e-01
-1.593964844942092896e-01
1.509869456291198730e+00
1.368804369121789932e-02
9.369868636131286621e-01
7.713787555694580078e-01
1.245067000389099121e+00
-1.172173500061035156e+00
8.981637656688690186e-02
-8.606213927268981934e-01
1.715135216712951660e+00
-1.852492570877075195e+00
4.004700660705566406e+00
-7.948250770568847656e-01
6.933823823928833008e-01
2.952679157257080078e+00
-8.760423958301544189e-02
6.826188564300537109e+00
1.530197024345397949e+00
6.093567371368408203e+00
-1.781439036130905151e-02
-2.680224478244781494e-01
-1.167040586471557617e+00
-2.584520578384399414e-01
1.952135920524597168e+00
-1.484358310699462891e+00
7.119668722152709961e-01
-2.996376991271972656e+00
3.567381501197814941e-01
4.920672893524169922e+00
-6.119350790977478027e-01
-6.694251298904418945e-01
2.393011569976806641e+00
-1.032221794128417969e+00
-6.234015822410583496e-01
-3.951224803924560547e+00
3.705639839172363281e-01
-1.382667779922485352e+00
-1.756781220436096191e+00
2.397103309631347656e+00
2.043487131595611572e-01
-4.668008089065551758e-01
-9.072830677032470703e-01
-8.287186920642852783e-02
-3.519349336624145508e+00
1.915150880813598633e+00
1.253616452217102051e+00
-3.707262992858886719e+00
2.948219776153564453e+00
3.216701507568359375e+00
7.524915337562561035e-01
1.287528157234191895e+00
-2.244366645812988281e+00
