3.338453054428100586e+00
-1.017283916473388672e+00
-1.624810576438903809e+00
1.097475647926330566e+00
-1.032364845275878906e+00
-2.102934360504150391e+00
1.872332930564880371e+00
-2.362797975540161133e+00
-1.247874572873115540e-01
1.717493124306201935e-02
-2.922378778457641602e+00
-2.111728668212890625e+00
-6.623237133026123047e-01
1.354973316192626953e+00
7.241629958152770996e-01
3.050685644149780273e+00
1.219630360603332520e+00
-1.383936285972595215e+00
1.153286695480346680e+00
1.729534506797790527e+00
7.246148109436035156e+00
1.188256978988647461e+00
-3.926467418670654297e+00
1.244484424591064453e+00
3.108645439147949219e+00
-1.680406808853149414e+00
4.515790343284606934e-01
-2.031703948974609375e+00
2.787047386169433594e+00
-9.178767204284667969e-01
4.441330383997410536e-04
-4.560701370239257812e+00
-3.862594366073608398e-01
4.919431686401367188e+00
-2.318170309066772461e+00
7.406915426254272461e-01
-4.227731227874755859e+00
4.730994224548339844e+00
3.717992067337036133e+00
-7.960686683654785156e-01
4.442344903945922852e-01
-1.993374943733215332e+00
-2.434949159622192383e+00
6.528677940368652344e-01
1.678900957107543945e+00
3.897928893566131592e-01
8.172647356986999512e-01
2.902992963790893555e-01
7.612894773483276367e-01
-1.123749494552612305e+00
1.181049495935440063e-01
2.539115190505981445e+00
-6.943601369857788086e-01
1.817241787910461426e+00
-2.281261682510375977e+00
-1.089236736297607422e-01
8.972950577735900879e-01
-2.205044031143188477e+00
-2.855721712112426758e+00
-1.772348761558532715e+00
-1.667578458786010742e+00
