1.097369313240051270e+00
-2.711979627609252930e+00
1.654023766517639160e+00
2.623750925064086914e+00
-1.158922910690307617e+00
1.365599393844604492e+00
-1.846198081970214844e+00
7.393959760665893555e-01
1.193569779396057129e+00
-1.546452283859252930e+00
1.916371822357177734e+00
1.810591340065002441e+00
1.301713347434997559e+00
2.191972255706787109e+00
8.654410243034362793e-01
4.967360794544219971e-01
-8.909625560045242310e-02
1.103563308715820312e+00
-7.610630989074707031e-01
-6.088132262229919434e-01
-7.179677486419677734e-01
2.381573677062988281e+00
-6.965289115905761719e+00
7.106579303741455078e+00
-2.823939561843872070e+00
-9.488596320152282715e-01
-7.882463932037353516e+00
-3.269134044647216797e+00
-3.175346851348876953e+00
5.677650451660156250e+00
1.974189043045043945e+00
-6.745948314666748047e+00
3.732017278671264648e+00
2.102480173110961914e+00
-2.969893217086791992e+00
-4.783778667449951172e+00
3.191406011581420898e+00
1.395299553871154785e+00
2.534826040267944336e+00
-2.365832805633544922e+00
-6.772465258836746216e-02
-4.918631613254547119e-01
-4.437807559967041016e+00
6.716481447219848633e-01
-3.035050868988037109e+00
-5.297063589096069336e-01
2.196861267089843750e+00
3.184120178222656250e+00
-2.963854551315307617e+00
-5.838697433471679688e+00
2.644310951232910156e+00
-2.906885862350463867e+00
-4.570100307464599609e+00
-8.353819847106933594e-01
-2.214882135391235352e+00
4.343821525573730469e+00
1.908401131629943848e+00
-2.657868146896362305e+00
-3.798059463500976562e+00
-5.441454410552978516e+00
1.517300367355346680e+00
