1.128801584243774414e+00
-1.219657301902770996e+00
8.678012490272521973e-01
-1.904743075370788574e+00
1.381707668304443359e+00
-8.542859554290771484e-01
-9.249935150146484375e-01
1.347162961959838867e+00
1.699662566184997559e+00
-1.106470108032226562e+00
1.123392820358276367e+00
1.487553477287292480e+00
5.782070755958557129e-01
1.443950891494750977e+00
5.875742435455322266e-01
-1.049788594245910645e+00
2.365053176879882812e+00
7.031329870223999023e-01
-9.760206937789916992e-01
-9.525226354598999023e-01
4.254614353179931641e+00
4.732871532440185547e+00
6.345120668411254883e-01
5.733922719955444336e-01
-9.364656209945678711e-01
-6.008922457695007324e-01
-1.674599766731262207e+00
-6.157266616821289062e+00
4.364437580108642578e+00
-4.782946109771728516e+00
7.781041264533996582e-01
-4.024967670440673828e+00
1.004169106483459473e+00
1.855379104614257812e+00
1.082667231559753418e+00
-5.365982055664062500e-01
-1.073943257331848145e+00
-1.089447855949401855e+00
3.134558200836181641e+00
4.734739303588867188e+00
3.888361692428588867e+00
1.842434287071228027e+00
-9.696391224861145020e-02
1.217772722244262695e+00
1.525975108146667480e+00
5.397600531578063965e-01
-1.753306746482849121e+00
3.773668527603149414e+00
-2.417267560958862305e+00
4.223222255706787109e+00
-9.589713811874389648e-02
-3.874601840972900391e+00
1.505143642425537109e+00
-1.512208938598632812e+00
1.473334908485412598e+00
3.906609117984771729e-01
-5.779265165328979492e-01
1.234028220176696777e+00
-4.693645000457763672e+00
4.928985118865966797e+00
-7.621580362319946289e-01
