7.740991711616516113e-01
3.889540135860443115e-01
-1.283076405525207520e+00
-2.522193193435668945e-01
-1.535111308097839355e+00
8.969429731369018555e-01
1.535757899284362793e+00
1.484055399894714355e+00
3.288287520408630371e-01
-1.675204634666442871e+00
8.385827541351318359e-01
-3.008899986743927002e-01
1.749835848808288574e+00
2.215755462646484375e+00
1.658502101898193359e+00
1.127120137214660645e+00
1.514091849327087402e+00
7.954142689704895020e-01
-1.297768950462341309e+00
6.939664483070373535e-01
-4.520916461944580078e+00
1.828177452087402344e+00
1.913102716207504272e-01
-8.481829166412353516e-01
1.849021464586257935e-01
-1.182550907135009766e+00
4.279162406921386719e+00
-4.026184082031250000e+00
1.732258319854736328e+00
-1.519551515579223633e+00
3.151933193206787109e+00
-4.687096774578094482e-01
-1.275976657867431641e+00
-1.870495319366455078e+00
1.933915495872497559e+00
-2.789290845394134521e-01
6.120036602020263672e+00
-9.133097529411315918e-01
4.100554943084716797e+00
-1.045439615845680237e-01
-4.290846824645996094e+00
-1.078456044197082520e+00
-3.961694538593292236e-01
8.650140762329101562e-01
-6.191552281379699707e-01
8.673944473266601562e-01
2.483193874359130859e+00
-2.942853212356567383e+00
-1.673480987548828125e+00
-1.716373920440673828e+00
-5.389639377593994141e+00
6.305676102638244629e-01
-1.579024910926818848e+00
-5.190132260322570801e-01
-1.906753063201904297e+00
3.635388016700744629e-01
4.356994628906250000e+00
1.292248725891113281e+00
-3.534169912338256836e+00
-1.074660569429397583e-01
-1.070299863815307617e+00
