2.439816951751708984e+00
2.523845911026000977e+00
-1.663157939910888672e+00
1.164836764335632324e+00
-1.604656457901000977e+00
1.200102806091308594e+00
1.339169263839721680e+00
-1.777219772338867188e+00
1.746855854988098145e+00
-1.075828298926353455e-01
8.077669739723205566e-01
-8.301258683204650879e-01
-2.906566381454467773e+00
1.824675559997558594e+00
1.462032794952392578e+00
1.543614715337753296e-01
-1.423095941543579102e+00
-8.996238708496093750e-01
-2.992059946060180664e+00
1.976240038871765137e+00
5.468293190002441406e+00
6.032471179962158203e+00
7.573821544647216797e-01
-3.249451398849487305e+00
2.189874887466430664e+00
1.219571232795715332e+00
-4.443396627902984619e-02
5.376220226287841797e+00
-2.929938316345214844e+00
2.048839330673217773e+00
-2.941441059112548828e+00
-7.446079254150390625e-01
-1.210248279571533203e+01
-1.028488254547119141e+01
1.987937688827514648e-01
4.926851391792297363e-01
-6.806489229202270508e-01
3.631858348846435547e+00
-7.197685718536376953e+00
-6.650609374046325684e-01
-1.307377576828002930e+00
3.326116323471069336e+00
-2.331813812255859375e+00
-1.899510860443115234e+00
1.821584582328796387e+00
-1.965142846107482910e+00
-7.439376115798950195e-01
-2.299158334732055664e+00
2.113164424896240234e+00
-5.792090892791748047e+00
-4.046645641326904297e+00
-6.187282085418701172e+00
-7.154577374458312988e-01
-3.543411493301391602e+00
-7.448928952217102051e-01
-7.084721565246582031e+00
1.600281476974487305e+00
-3.976739645004272461e+00
2.084207057952880859e+00
-4.074955284595489502e-01
4.979116916656494141e+00
