-3.371178805828094482e-01
-1.873890757560729980e+00
-4.192090928554534912e-01
2.767805814743041992e+00
-1.697081685066223145e+00
-7.700472474098205566e-01
-1.528221964836120605e+00
1.652902960777282715e+00
1.774266481399536133e+00
-4.674083366990089417e-02
1.589818477630615234e+00
-1.950914621353149414e+00
7.023062705993652344e-01
6.563150882720947266e-01
-1.941863656044006348e+00
8.209943175315856934e-01
6.697742938995361328e-01
-1.931456327438354492e+00
1.707809805870056152e+00
1.909521698951721191e+00
-5.676431655883789062e-01
-2.273753166198730469e+00
2.053388357162475586e+00
-4.461088180541992188e-01
-4.312464714050292969e+00
-2.805623054504394531e+00
-5.844711303710937500e+00
2.596461057662963867e+00
7.318542003631591797e+00
4.345868110656738281e+00
-6.102403163909912109e+00
-7.186187505722045898e-01
1.659159064292907715e+00
-3.995281159877777100e-01
6.328313946723937988e-01
4.298839092254638672e+00
1.405548810958862305e+00
7.200244903564453125e+00
-1.979746699333190918e+00
1.159084439277648926e+00
6.041853427886962891e-01
8.325681090354919434e-01
-2.215792417526245117e+00
7.099525332450866699e-01
-1.693764686584472656e+00
2.559906005859375000e+00
-2.550866842269897461e+00
2.238552808761596680e+00
-1.791068077087402344e+00
1.462729334831237793e+00
2.717759847640991211e+00
-9.464729428291320801e-01
-2.126317739486694336e+00
2.629822731018066406e+00
1.638695359230041504e+00
1.858196973800659180e+00
-7.278864979743957520e-01
3.484827280044555664e+00
-9.725154042243957520e-01
-1.049918532371520996e+00
-2.179687023162841797e-01
