-2.381540238857269287e-01
1.511772871017456055e+00
-1.665843486785888672e+00
-6.186252832412719727e-01
-1.172321319580078125e+00
7.199307680130004883e-01
2.715876996517181396e-01
7.797005176544189453e-01
2.005437850952148438e+00
-1.903065562248229980e+00
-8.272569775581359863e-01
1.694190144538879395e+00
-2.273004502058029175e-01
1.105424404144287109e+00
-2.105796635150909424e-01
1.670793056488037109e+00
1.793414652347564697e-01
-1.550144791603088379e+00
1.890478014945983887e+00
-1.346607089042663574e+00
1.408476352691650391e+00
-2.711340188980102539e+00
7.463075518608093262e-01
1.878582596778869629e+00
5.154825210571289062e+00
-6.473623514175415039e-01
-1.701959252357482910e+00
1.376645416021347046e-01
-1.440896838903427124e-01
-1.967144489288330078e+00
1.083169460296630859e+00
4.142731189727783203e+00
1.775502324104309082e+00
2.379722833633422852e+00
8.880854845046997070e-01
-1.192872881889343262e+00
1.356889724731445312e+00
6.299055576324462891e+00
1.347468137741088867e+00
4.998614788055419922e+00
-3.801802396774291992e-01
-2.308981657028198242e+00
4.902223646640777588e-01
2.269155263900756836e+00
3.707688331604003906e+00
-7.020165324211120605e-01
5.670360088348388672e+00
-1.929644122719764709e-02
2.237649634480476379e-02
2.066546916961669922e+00
-5.106816291809082031e+00
-2.822115659713745117e+00
-3.731032609939575195e-01
4.307825088500976562e+00
-3.706648647785186768e-01
-1.432167053222656250e+00
-2.826434850692749023e+00
-5.875432014465332031e+00
1.196265459060668945e+00
2.892486810684204102e+00
5.923288822174072266e+00
