-1.313150405883789062e+00
-1.847436189651489258e+00
9.469314813613891602e-01
1.434105634689331055e+00
-4.313179016113281250e+00
-1.668568968772888184e+00
-1.182492971420288086e+00
-1.517712712287902832e+00
1.617062687873840332e+00
1.580360651016235352e+00
-1.589082241058349609e+00
5.017701983451843262e-01
-7.216282933950424194e-02
7.004889249801635742e-01
1.292735338211059570e+00
6.220075488090515137e-01
-8.418105244636535645e-01
-5.143243670463562012e-01
8.228123933076858521e-02
1.513307690620422363e+00
6.026213169097900391e-01
-3.164254903793334961e+00
-2.702216863632202148e+00
6.560877799987792969e+00
-8.321455121040344238e-01
8.924635648727416992e-01
4.928010463714599609e+00
3.548531293869018555e+00
5.033715724945068359e+00
-2.353622436523437500e+00
2.249224483966827393e-01
1.405709981918334961e+00
5.277296900749206543e-01
2.999524354934692383e+00
1.784091234207153320e+00
1.509287357330322266e+00
3.060454316437244415e-02
6.518874764442443848e-01
-7.137761116027832031e-01
-6.018193244934082031e+00
1.010654687881469727e+00
-1.231696367263793945e+00
-3.715027093887329102e+00
3.544558525085449219e+00
-1.287804245948791504e-01
5.892352461814880371e-01
2.327279806137084961e+00
-2.525951385498046875e+00
4.073271274566650391e+00
1.910978078842163086e+00
-3.171867609024047852e+00
-2.022206306457519531e+00
1.699348926544189453e+00
-5.545918941497802734e+00
1.366058886051177979e-01
-1.909110903739929199e+00
1.079450607299804688e+00
2.309524774551391602e+00
-2.008978843688964844e+00
3.588634967803955078e+00
-1.577908754348754883e+00
