-2.134758949279785156e+00
-5.535610914230346680e-01
-4.755090177059173584e-02
-1.420123100280761719e+00
-5.270202159881591797e-01
-8.112314939498901367e-01
7.411353588104248047e-01
2.036474943161010742e+00
-9.769458770751953125e-01
1.871405363082885742e+00
-1.499418258666992188e+00
6.280084848403930664e-01
1.725034356117248535e+00
1.538247346878051758e+00
1.156109571456909180e+00
2.103505849838256836e+00
1.054810881614685059e+00
-1.686233878135681152e+00
-4.292832016944885254e-01
-1.484512925148010254e+00
-1.083681106567382812e+00
2.805973768234252930e+00
-1.168704032897949219e+00
4.249719142913818359e+00
-7.709115147590637207e-01
1.572767257690429688e+00
-3.748642802238464355e-01
-2.725499272346496582e-01
-3.844806194305419922e+00
-3.285054922103881836e+00
-3.361202716827392578e+00
1.215015172958374023e+00
4.441823005676269531e+00
-3.333208084106445312e+00
-4.727324485778808594e+00
-8.277609825134277344e+00
-3.071268320083618164e+00
-1.449827790260314941e+00
-2.149365186691284180e+00
-5.262314319610595703e+00
-8.684135079383850098e-01
1.739800930023193359e+00
1.689277172088623047e+00
2.211425065994262695e+00
-1.194642066955566406e+00
2.114185333251953125e+00
-1.134938076138496399e-01
-2.959467768669128418e-01
-2.231807947158813477e+00
2.088515281677246094e+00
1.578040003776550293e+00
1.894454240798950195e+00
1.476549386978149414e+00
-1.703956604003906250e+00
3.545874357223510742e+00
-2.222150564193725586e+00
2.668235301971435547e+00
9.934731721878051758e-01
3.178172349929809570e+00
1.506295204162597656e+00
1.117114543914794922e+00
