-1.519688367843627930e+00
2.242858648300170898e+00
1.870851159095764160e+00
-7.250381112098693848e-01
-2.726424694061279297e+00
-1.914314627647399902e+00
1.038882851600646973e+00
4.780414456035941839e-04
-1.635519623756408691e+00
-1.107310891151428223e+00
-1.863683938980102539e+00
6.365382075309753418e-01
8.741458058357238770e-01
-1.716991186141967773e+00
1.248403429985046387e+00
7.432696223258972168e-01
-6.640888452529907227e-01
1.537228703498840332e+00
-1.586174845695495605e+00
-2.360081911087036133e+00
4.472402930259704590e-01
-2.249194622039794922e+00
5.794213414192199707e-01
-2.637814998626708984e+00
-2.797986268997192383e+00
1.299872875213623047e+00
-2.896979570388793945e+00
-3.350912094116210938e+00
-2.483994007110595703e+00
4.371741771697998047e+00
-6.093482494354248047e+00
-2.347841262817382812e+00
4.753601074218750000e+00
6.211533069610595703e+00
-5.871169090270996094e+00
-3.059991359710693359e+00
1.318332791328430176e+00
-1.555349826812744141e+00
5.341117382049560547e+00
-3.639187335968017578e+00
2.116120010614395142e-01
-1.319622278213500977e+00
9.086582660675048828e-01
-5.690456867218017578e+00
2.247399240732192993e-01
-1.067957729101181030e-01
-1.825547814369201660e+00
-4.326576709747314453e+00
3.350485563278198242e+00
-3.973875522613525391e+00
3.019361972808837891e+00
1.576176762580871582e+00
-3.118270874023437500e+00
4.247123241424560547e+00
-4.370028495788574219e+00
2.185984611511230469e+00
8.150562047958374023e-01
1.578654885292053223e+00
-2.610944271087646484e+00
-2.108390092849731445e+00
-3.816984653472900391e+00
