-8.779079914093017578e-01
-2.229022741317749023e+00
-1.073861718177795410e+00
1.034854292869567871e+00
-7.799841761589050293e-01
1.630657672882080078e+00
-5.742591023445129395e-01
4.177664816379547119e-01
1.026392817497253418e+00
2.179697513580322266e+00
-1.638558626174926758e+00
1.755317926406860352e+00
-1.091419219970703125e+00
1.378221631050109863e+00
-2.875685214996337891e+00
1.566749095916748047e+00
1.090535163879394531e+00
1.339637637138366699e+00
-5.187082886695861816e-01
2.582184553146362305e+00
5.628941059112548828e-01
3.265725374221801758e+00
-3.030295716598629951e-03
-7.332175970077514648e-01
2.190965890884399414e+00
-6.628953814506530762e-01
1.782397389411926270e+00
1.652760267257690430e+00
9.825922250747680664e-01
5.425648093223571777e-01
-4.471076965332031250e+00
-2.882306575775146484e+00
-3.353462219238281250e+00
-1.328995108604431152e+00
-4.251502990722656250e+00
-6.482751965522766113e-01
2.663136959075927734e+00
-3.258181214332580566e-01
1.519812464714050293e+00
8.719338417053222656e+00
-1.789714694023132324e-01
1.502868175506591797e+00
1.699912399053573608e-01
2.779855728149414062e-01
-8.206553459167480469e-01
1.384672641754150391e+00
1.875187397003173828e+00
-1.226320981979370117e+00
1.894446969032287598e+00
-3.521586954593658447e-01
-6.404706239700317383e-01
1.252962827682495117e+00
-3.569975614547729492e+00
3.203501999378204346e-01
3.473053220659494400e-03
-3.220827877521514893e-01
-3.318232059478759766e+00
-1.850498080253601074e+00
-1.338111519813537598e+00
-1.396878004074096680e+00
4.687799513339996338e-01
