2.707907557487487793e-01
1.461149096488952637e+00
-1.275834918022155762e+00
8.862574100494384766e-01
8.484203219413757324e-01
2.233140707015991211e+00
-9.043430685997009277e-01
-1.467466950416564941e+00
-1.390120148658752441e+00
-1.725717425346374512e+00
-1.330670118331909180e+00
2.014415740966796875e+00
-8.023309111595153809e-01
5.728874206542968750e-01
-1.318456888198852539e+00
1.306136131286621094e+00
-1.846900343894958496e+00
1.190089106559753418e+00
-3.397138118743896484e-01
-1.650551199913024902e+00
-1.065223336219787598e+00
5.309668540954589844e+00
1.980962753295898438e+00
5.677943825721740723e-01
3.240138292312622070e+00
7.730624675750732422e-01
-6.836591958999633789e-01
8.701589703559875488e-01
-9.610598087310791016e-01
-4.322280883789062500e+00
1.560331583023071289e+00
-7.342397689819335938e+00
-2.812969446182250977e+00
-3.624365627765655518e-01
-3.042759895324707031e+00
8.378537297248840332e-01
-2.804769039154052734e+00
3.114225268363952637e-01
-2.257646322250366211e+00
6.164143085479736328e+00
-5.414533615112304688e-01
-3.525980949401855469e+00
-2.169425725936889648e+00
2.705249190330505371e-01
2.818113327026367188e+00
1.032095074653625488e+00
-4.924975633621215820e-01
-4.793085455894470215e-01
-6.967540383338928223e-01
2.405159473419189453e+00
2.200636386871337891e+00
-4.100242137908935547e+00
-2.088487386703491211e+00
4.804669320583343506e-01
-3.389453887939453125e+00
1.907554268836975098e-01
1.579535722732543945e+00
-2.626772880554199219e+00
1.664537906646728516e+00
-3.580347299575805664e+00
-3.672344237565994263e-02
