-3.365159034729003906e+00
4.941153228282928467e-01
-4.284208774566650391e+00
1.416629314422607422e+00
1.990182042121887207e+00
-1.799724459648132324e+00
-2.613811492919921875e+00
2.958031415939331055e+00
-9.595944881439208984e-01
-5.218657851219177246e-01
-3.416619300842285156e-01
1.592839837074279785e+00
-2.001820802688598633e+00
7.531982660293579102e-01
4.126778125762939453e+00
1.580801844596862793e+00
2.549731917679309845e-02
1.449786663055419922e+00
1.363963723182678223e+00
1.113812446594238281e+00
1.186109924316406250e+01
3.957854807376861572e-01
8.705648422241210938e+00
-5.071625709533691406e+00
3.759361267089843750e+00
-2.626987457275390625e+00
2.795952320098876953e+00
-1.042159557342529297e+01
-4.176511287689208984e+00
-1.372776746749877930e+00
-1.820370078086853027e+00
6.060894012451171875e+00
6.163457870483398438e+00
-3.072533309459686279e-01
-8.384572029113769531e+00
3.417004346847534180e+00
2.318651199340820312e+00
3.382844209671020508e+00
-1.502544879913330078e+00
5.859355330467224121e-01
-3.669008731842041016e+00
2.593105077743530273e+00
5.025143146514892578e+00
4.158266544342041016e+00
-1.433729410171508789e+00
1.239275336265563965e+00
6.598483920097351074e-01
-5.854923725128173828e+00
-2.066846847534179688e+00
-2.034989118576049805e+00
1.859655022621154785e+00
-2.442351579666137695e+00
2.641649723052978516e+00
-2.807452380657196045e-01
5.451725006103515625e+00
2.257346630096435547e+00
3.187547922134399414e-01
-1.512314558029174805e+00
1.453436493873596191e+00
-1.105254173278808594e+00
7.527710199356079102e-01
