8.229590654373168945e-01
-1.393062025308609009e-01
1.618512392044067383e+00
-1.468924522399902344e+00
-4.749414026737213135e-01
1.394719839096069336e+00
1.562532901763916016e+00
-1.775672674179077148e+00
1.901765346527099609e+00
-1.245568752288818359e+00
7.768637537956237793e-01
-1.020496845245361328e+00
-1.535936594009399414e+00
2.273844629526138306e-01
6.998827457427978516e-01
-6.567236185073852539e-01
4.268877208232879639e-01
-2.698433995246887207e-01
-3.797456324100494385e-01
-1.690654397010803223e+00
1.775587439537048340e+00
-1.558840751647949219e+00
5.252116680145263672e+00
7.064922451972961426e-01
-1.562384963035583496e+00
-5.465602397918701172e+00
5.541401386260986328e+00
-3.399572372436523438e+00
-2.841134786605834961e+00
-2.021306991577148438e+00
1.843351244926452637e+00
2.101366043090820312e+00
2.433307886123657227e+00
2.275473833084106445e+00
3.948297262191772461e+00
2.439341068267822266e+00
-2.121614217758178711e+00
-2.340255737304687500e+00
-7.952956110239028931e-02
-4.750339508056640625e+00
-2.760299921035766602e+00
7.518227100372314453e-01
-2.448685884475708008e+00
-1.408695816993713379e+00
-9.913370013236999512e-02
5.015586853027343750e+00
4.009314537048339844e+00
-1.616981148719787598e+00
1.424625039100646973e+00
-1.150265336036682129e+00
-4.764770507812500000e+00
-3.390522241592407227e+00
3.964011669158935547e+00
1.529000282287597656e+00
-3.028894424438476562e+00
5.542173862457275391e+00
-3.445179939270019531e+00
2.632699966430664062e+00
-9.129619002342224121e-01
-2.848883152008056641e+00
1.689191222190856934e+00
