1.403537578880786896e-02
-1.505428671836853027e+00
1.507946014404296875e+00
1.993335127830505371e+00
-1.733564615249633789e+00
-1.024547815322875977e+00
9.474825263023376465e-01
1.549465894699096680e+00
1.308983206748962402e+00
4.597517549991607666e-01
1.230783388018608093e-02
-1.149722337722778320e-01
-5.859655141830444336e-01
-7.961840033531188965e-01
5.380740761756896973e-01
-1.158082365989685059e+00
-1.321725081652402878e-02
1.883880853652954102e+00
-1.234914898872375488e+00
7.974427938461303711e-01
-1.532189726829528809e+00
-2.117056608200073242e+00
-2.941741943359375000e+00
6.592875003814697266e+00
6.880391597747802734e+00
-3.039978742599487305e+00
-2.252551078796386719e+00
3.865513205528259277e-01
-1.330250978469848633e+00
4.806657791137695312e+00
1.448756456375122070e+00
-1.381730079650878906e+00
1.682983636856079102e+00
2.483226060867309570e+00
-1.316650390625000000e+00
3.129204750061035156e+00
2.325523376464843750e+00
-3.058984577655792236e-01
-2.294815301895141602e+00
-2.852500915527343750e+00
3.764607906341552734e-01
-1.786832809448242188e+00
1.322086572647094727e+00
-3.127316951751708984e+00
1.880175113677978516e+00
-4.655335903167724609e+00
-3.154822826385498047e+00
-1.509213924407958984e+00
-1.602204561233520508e+00
5.632765769958496094e+00
-9.321275949478149414e-01
7.655164599418640137e-01
-7.551693320274353027e-01
-1.627462506294250488e+00
2.145279884338378906e+00
2.014644861221313477e+00
-2.794345617294311523e+00
1.805699586868286133e+00
2.461353063583374023e+00
2.126314163208007812e+00
-1.055567979812622070e+00
