1.232778429985046387e+00
8.680355548858642578e-01
-1.202606797218322754e+00
-1.920631647109985352e+00
-1.133885681629180908e-01
-1.123707175254821777e+00
1.763130903244018555e+00
1.769162774085998535e+00
-1.579702734947204590e+00
-9.476919174194335938e-01
-1.285629034042358398e+00
1.901848673820495605e+00
1.159964799880981445e+00
1.468574702739715576e-01
-1.973966002464294434e+00
4.164247587323188782e-02
-2.109678745269775391e+00
5.453478097915649414e-01
1.618409633636474609e+00
-2.146197795867919922e+00
5.651751995086669922e+00
1.180109262466430664e+00
4.792790412902832031e+00
2.822040915489196777e-01
-1.748269200325012207e+00
-2.494078278541564941e-01
-4.263402462005615234e+00
-7.454859256744384766e+00
-6.498356819152832031e+00
-1.672954320907592773e+00
-4.520603179931640625e+00
-5.151592731475830078e+00
-2.172089368104934692e-01
1.026056289672851562e+00
-1.060592651367187500e+00
-1.800679802894592285e+00
-3.301472902297973633e+00
-3.152162551879882812e+00
-2.165709733963012695e+00
2.331823587417602539e+00
-2.402948379516601562e+00
1.905447959899902344e+00
2.097416639328002930e+00
-1.468205690383911133e+00
-4.206079244613647461e-01
5.934921503067016602e-01
-2.458966493606567383e+00
2.329591274261474609e+00
-2.595621109008789062e+00
-2.234326601028442383e+00
1.902811050415039062e+00
1.963255643844604492e+00
-5.367201566696166992e-01
2.606434524059295654e-01
1.836146235466003418e+00
1.532564312219619751e-01
1.582253813743591309e+00
-1.627714395523071289e+00
2.572715759277343750e+00
1.787062644958496094e+00
-6.534632444381713867e-01
