1.572037220001220703e+00
8.437634110450744629e-01
1.454771041870117188e+00
2.288309574127197266e+00
1.495604634284973145e+00
-1.649237036705017090e+00
-1.062690734863281250e+00
1.480161070823669434e+00
-8.676249384880065918e-01
6.816748976707458496e-01
9.821716547012329102e-01
1.582252144813537598e+00
1.698577404022216797e+00
-1.207567811012268066e+00
-1.251341581344604492e+00
-1.867633104324340820e+00
1.654911279678344727e+00
2.169068098068237305e+00
1.476320147514343262e+00
5.764368176460266113e-01
2.055260181427001953e+00
3.513901233673095703e+00
-1.266410112380981445e+00
4.448753356933593750e+00
-5.966258049011230469e+00
-4.842443466186523438e-01
-3.975153565406799316e-01
4.321470737457275391e+00
1.597568869590759277e+00
2.521214485168457031e-01
-8.871202468872070312e-01
7.079081237316131592e-02
2.217436075210571289e+00
1.605571269989013672e+00
5.228202819824218750e+00
-3.355237841606140137e-01
7.683516502380371094e+00
-7.921560287475585938e+00
4.781691551208496094e+00
-1.183015108108520508e+00
-1.228171229362487793e+00
-4.704944133758544922e+00
-1.762497901916503906e+00
1.227639079093933105e+00
4.124397754669189453e+00
4.215857684612274170e-01
1.085962295532226562e+00
-2.376813411712646484e+00
-7.495154142379760742e-01
-8.989109992980957031e-01
-1.292599797248840332e+00
4.220726966857910156e+00
5.097045302391052246e-01
-1.375752925872802734e+00
3.602447986602783203e+00
1.176100730895996094e+00
2.882215499877929688e+00
-1.604466795921325684e+00
4.095891952514648438e+00
5.011823773384094238e-01
-1.174656510353088379e+00
