5.841138362884521484e-01
1.346899867057800293e-01
-1.040914654731750488e+00
-1.410739779472351074e+00
1.360691905021667480e+00
4.882688522338867188e-01
-1.237046599388122559e+00
-7.295337915420532227e-01
-8.323199152946472168e-01
-6.346130967140197754e-01
-1.065394282341003418e+00
1.694518208503723145e+00
-5.160740613937377930e-01
3.761791288852691650e-01
2.481756061315536499e-01
1.147733330726623535e+00
6.217869520187377930e-01
8.809447288513183594e-01
-5.908954143524169922e-01
-5.839959383010864258e-01
-2.430867850780487061e-01
-6.187644600868225098e-01
3.650843620300292969e+00
1.959692835807800293e+00
-1.226097464561462402e+00
-2.554657459259033203e+00
-5.050717830657958984e+00
-1.270005702972412109e+00
1.935860753059387207e+00
4.096076786518096924e-01
-4.312648296356201172e+00
-6.074320316314697266e+00
1.176306605339050293e+00
1.149632096290588379e+00
-9.818517565727233887e-01
4.795181751251220703e-01
9.726158529520034790e-02
3.940246999263763428e-01
-4.353440999984741211e-01
4.877921044826507568e-01
-1.505005918443202972e-02
2.856165170669555664e+00
-3.760035991668701172e+00
1.701397180557250977e+00
7.120900750160217285e-01
-1.560562491416931152e+00
2.211068153381347656e+00
6.328399181365966797e-01
-2.372329235076904297e+00
7.007293105125427246e-01
-1.522358536720275879e+00
-3.278369903564453125e+00
1.105171203613281250e+00
1.731390833854675293e+00
-7.391042709350585938e-01
2.520379066467285156e+00
-1.391236543655395508e+00
-1.395463228225708008e+00
1.408990323543548584e-01
-1.963643878698348999e-01
-1.287835389375686646e-01
