-1.784824967384338379e+00
-4.590241014957427979e-01
-1.549422144889831543e-01
-1.948711752891540527e+00
-1.801428675651550293e+00
-1.179608106613159180e+00
1.690515756607055664e+00
6.936466097831726074e-01
-1.148876190185546875e+00
1.460932612419128418e+00
4.891075789928436279e-01
8.738006949424743652e-01
-1.453404784202575684e+00
1.772490739822387695e+00
3.911739587783813477e-02
-9.907673001289367676e-01
-1.601133942604064941e+00
1.278298258781433105e+00
-9.534758925437927246e-01
1.787098765373229980e+00
-2.605686426162719727e+00
-6.131037324666976929e-02
-1.523660302162170410e+00
-5.425930023193359375e-01
7.387203216552734375e+00
-6.421151757240295410e-01
2.748514413833618164e+00
2.191273212432861328e+00
-1.001558005809783936e-01
-4.380143642425537109e+00
3.660003542900085449e-01
6.314602494239807129e-01
-1.780300855636596680e+00
4.478596448898315430e-01
1.839130520820617676e+00
3.597799062728881836e+00
2.930639982223510742e+00
-1.795691847801208496e+00
-5.430395603179931641e-01
6.800670146942138672e+00
8.220832943916320801e-01
-6.249750256538391113e-01
1.524959683418273926e+00
2.208222866058349609e+00
-1.929667592048645020e+00
-2.333322018384933472e-01
-1.716592192649841309e+00
3.381830692291259766e+00
-9.363818168640136719e-02
2.256459236145019531e+00
6.822034716606140137e-01
3.639529049396514893e-01
-1.691449761390686035e+00
-1.857883483171463013e-01
1.524281859397888184e+00
3.574431180953979492e+00
2.038489818572998047e+00
1.392122745513916016e+00
-2.328145951032638550e-01
-1.976346611976623535e+00
-4.658831357955932617e-01
