-2.842709064483642578e+00
2.403597116470336914e+00
1.521801710128784180e+00
2.069653987884521484e+00
-2.695987462997436523e+00
1.893757700920104980e+00
-6.459537744522094727e-01
3.377403020858764648e-01
2.220256805419921875e+00
7.325661778450012207e-01
1.162451624870300293e+00
9.830492138862609863e-01
8.508843183517456055e-01
-1.989578127861022949e+00
-1.212641835212707520e+00
-9.449258446693420410e-01
1.593346118927001953e+00
1.725238680839538574e+00
2.656095266342163086e+00
9.945894479751586914e-01
-5.317443847656250000e+00
1.474063158035278320e+00
3.665515422821044922e+00
5.964237689971923828e+00
-5.023232936859130859e+00
-2.354089736938476562e+00
3.827697038650512695e+00
2.437481880187988281e+00
5.650211334228515625e+00
-3.232775211334228516e+00
-7.100538611412048340e-01
-3.019739151000976562e+00
-1.498631596565246582e+00
1.453027129173278809e-01
2.614496707916259766e+00
-9.166235923767089844e-01
-3.615025281906127930e+00
-8.507825732231140137e-01
7.796688556671142578e+00
-3.856883287429809570e+00
2.377671480178833008e+00
1.156445741653442383e+00
-2.730195045471191406e+00
-2.594477176666259766e+00
-3.701845884323120117e+00
-1.214493036270141602e+00
-3.924977302551269531e+00
3.865156888961791992e+00
1.723301768302917480e+00
2.725637435913085938e+00
-5.802423954010009766e-01
2.071335554122924805e+00
1.775578022003173828e+00
8.169912099838256836e-01
-3.142871141433715820e+00
1.292490124702453613e+00
-3.826445579528808594e+00
8.378930091857910156e-01
2.382285594940185547e+00
-5.465683937072753906e+00
-2.163006216287612915e-01
