-2.728112637996673584e-01
3.082612752914428711e+00
1.052738189697265625e+00
6.624580025672912598e-01
2.863233566284179688e+00
-3.381033182144165039e+00
-1.517216444015502930e+00
3.592167198657989502e-01
3.455679714679718018e-01
1.498288940638303757e-02
3.326541483402252197e-01
2.781717777252197266e-01
-1.393936395645141602e+00
-3.699695587158203125e+00
-1.447565913200378418e+00
6.379449367523193359e-01
-4.721884056925773621e-02
2.292149364948272705e-01
8.654835820198059082e-01
-3.767038583755493164e-01
-1.418756961822509766e+00
-4.454725265502929688e+00
1.967761278152465820e+00
1.638219714164733887e+00
3.983089447021484375e+00
1.505488491058349609e+01
-3.378273963928222656e+00
-1.068867564201354980e+00
1.235030531883239746e+00
1.324530601501464844e+00
1.971216797828674316e+00
3.685992956161499023e-01
-5.776425361633300781e+00
1.324896335601806641e+00
-6.324069976806640625e+00
1.410912036895751953e+00
2.593831777572631836e+00
2.980012178421020508e+00
1.858809947967529297e+00
-4.184897422790527344e+00
8.809171915054321289e-01
4.076677858829498291e-01
1.322928190231323242e+00
-1.927576661109924316e+00
-5.027486681938171387e-01
-3.830430209636688232e-01
-1.425859034061431885e-01
8.533567190170288086e-01
1.584363102912902832e+00
2.993153810501098633e+00
2.160460233688354492e+00
-1.999885082244873047e+00
-5.684366703033447266e+00
1.554922461509704590e-01
6.493391513824462891e+00
9.421753883361816406e-01
-9.401074051856994629e-01
-1.876290440559387207e+00
-6.306772828102111816e-01
3.632298707962036133e+00
4.151039600372314453e+00
