1.615864634513854980e+00
-7.612746953964233398e-01
1.445470690727233887e+00
-1.426341891288757324e+00
1.439417123794555664e+00
2.152957201004028320e+00
1.528983831405639648e+00
-1.333003520965576172e+00
-9.213281869888305664e-01
-3.096022844314575195e+00
1.182450532913208008e+00
1.439916014671325684e+00
-1.054319858551025391e+00
1.753080487251281738e+00
4.054415822029113770e-01
-8.678568005561828613e-01
1.037283062934875488e+00
-7.978824973106384277e-01
-1.499824881553649902e+00
-1.334067225456237793e+00
-3.440761804580688477e+00
2.460450887680053711e+00
-7.320408225059509277e-01
2.567140340805053711e+00
-5.652470588684082031e+00
7.756864070892333984e+00
-6.559440612792968750e+00
-2.575306415557861328e+00
-3.934772312641143799e-02
-3.856041133403778076e-01
1.667073369026184082e+00
-5.020019531250000000e+00
3.987798094749450684e-01
3.824140131473541260e-01
-1.477881312370300293e+00
3.753565073013305664e+00
1.718067884445190430e+00
2.313876450061798096e-01
-5.355774402618408203e+00
1.698758244514465332e+00
2.636258363723754883e+00
7.954902648925781250e-01
1.083058714866638184e+00
3.016728639602661133e+00
-2.980822801589965820e+00
-2.336211919784545898e+00
4.810944080352783203e+00
4.183735847473144531e+00
-2.626687586307525635e-01
-5.007440447807312012e-01
1.663617610931396484e+00
2.395432710647583008e+00
-8.571624159812927246e-01
-2.705783128738403320e+00
-8.616595268249511719e-01
4.224921703338623047e+00
2.436501264572143555e+00
-1.135350108146667480e+00
-3.268729925155639648e+00
6.840307116508483887e-01
-1.240761518478393555e+00
