1.950140237808227539e+00
2.773025512695312500e+00
2.139008045196533203e+00
9.457472562789916992e-01
-5.386503934860229492e-01
-1.579146146774291992e+00
-7.312528491020202637e-01
1.450540781021118164e+00
-8.250082731246948242e-01
2.100849390029907227e+00
-9.020943045616149902e-01
7.372394800186157227e-01
-6.048114895820617676e-01
1.140873551368713379e+00
1.639193058013916016e+00
-1.995626330375671387e+00
1.211113452911376953e+00
1.734523653984069824e+00
5.757231116294860840e-01
-1.690059900283813477e+00
-3.927317857742309570e-01
-4.297420978546142578e+00
3.400469064712524414e+00
3.375210762023925781e+00
-8.999886512756347656e-01
-5.401332378387451172e+00
1.448466062545776367e+00
2.731889486312866211e+00
2.988142669200897217e-01
-1.338983058929443359e+00
-8.627025485038757324e-01
-7.686120271682739258e-01
-7.476413249969482422e-01
-1.796505600214004517e-01
-8.871640264987945557e-02
-1.063020467758178711e+00
-4.508944034576416016e+00
5.676945209503173828e+00
-8.960980921983718872e-03
6.579550743103027344e+00
5.236595869064331055e-01
4.900776445865631104e-01
5.046784877777099609e-01
-2.179464578628540039e+00
9.065388143062591553e-02
-4.806828022003173828e+00
-9.976258873939514160e-01
1.069644927978515625e+00
4.002029001712799072e-01
8.346172571182250977e-01
1.171011447906494141e+00
-1.083979129791259766e+00
8.011959791183471680e-01
-7.608009874820709229e-02
-2.799274325370788574e-01
-1.139146924018859863e+00
-3.272778987884521484e+00
-3.057594299316406250e+00
-7.288462519645690918e-01
-2.589494466781616211e+00
2.581834197044372559e-01
