-6.793110370635986328e-01
-1.851667881011962891e+00
1.942114472389221191e+00
-1.115973234176635742e+00
7.063712179660797119e-02
9.886261820793151855e-01
-1.511719226837158203e+00
9.794847965240478516e-01
-1.881707906723022461e+00
-1.026489019393920898e+00
1.355640649795532227e+00
-1.049945831298828125e+00
-8.519724607467651367e-01
8.377326726913452148e-01
-9.325665831565856934e-01
-9.217793345451354980e-01
-2.325222253799438477e+00
-1.375179886817932129e+00
-9.464010596275329590e-01
2.013733625411987305e+00
2.773387193679809570e+00
-6.334409117698669434e-03
9.149937033653259277e-01
8.395382165908813477e-01
7.271595597267150879e-01
2.405094623565673828e+00
5.829068183898925781e+00
-4.424975216388702393e-01
7.263576030731201172e+00
-6.392667293548583984e-01
4.339249610900878906e+00
-6.885935068130493164e-01
1.357925295829772949e+00
4.385104775428771973e-01
7.166946530342102051e-01
6.983743309974670410e-01
3.589300394058227539e+00
6.677014827728271484e-01
5.770369172096252441e-01
6.361890316009521484e+00
-9.875032305717468262e-02
-2.165264606475830078e+00
1.399173498153686523e+00
-1.845257997512817383e+00
9.784346818923950195e-01
1.298423528671264648e+00
1.836489439010620117e+00
-1.424666285514831543e+00
-2.511101007461547852e+00
1.974620372056961060e-01
-2.615874528884887695e+00
1.667427182197570801e+00
1.364221334457397461e+00
-4.164773523807525635e-01
1.827947258949279785e+00
-4.048083722591400146e-02
-8.130436539649963379e-01
-1.057332396507263184e+00
1.858060717582702637e+00
1.783445119857788086e+00
-2.258191257715225220e-01
