4.448745548725128174e-01
1.517637372016906738e+00
-7.239276170730590820e-01
-1.517494678497314453e+00
-1.635292410850524902e+00
1.895867109298706055e+00
-1.227535605430603027e+00
-1.110511541366577148e+00
1.363904118537902832e+00
-1.179765939712524414e+00
1.434782624244689941e+00
-8.871237039566040039e-01
3.954074382781982422e-01
6.445311307907104492e-01
-1.680067181587219238e+00
1.523231506347656250e+00
-8.656382560729980469e-01
-1.825665473937988281e+00
-2.259476184844970703e+00
7.479727864265441895e-01
-3.757502511143684387e-02
9.122352004051208496e-01
-4.232169628143310547e+00
-1.908751249313354492e+00
-3.270585775375366211e+00
6.577090740203857422e+00
5.811075687408447266e+00
1.478413224220275879e+00
5.067270755767822266e+00
1.027628421783447266e+00
-1.342452168464660645e+00
-1.096508741378784180e+00
-1.716639399528503418e+00
-6.751586198806762695e-01
7.485592365264892578e+00
-2.865613460540771484e+00
1.162846326828002930e+00
-3.096721172332763672e+00
1.055321931838989258e+00
5.022868886590003967e-02
-4.804114699363708496e-01
1.075940012931823730e+00
5.292969226837158203e+00
1.939452767372131348e+00
1.147230029106140137e+00
-2.104924440383911133e+00
1.371945738792419434e+00
-3.004104793071746826e-01
3.186208486557006836e+00
-1.514231681823730469e+00
-2.210094451904296875e+00
-2.219473838806152344e+00
-3.676870107650756836e+00
-2.616613388061523438e+00
-2.092008113861083984e+00
2.257816791534423828e+00
-9.978708624839782715e-01
-1.736667037010192871e+00
-3.892222046852111816e-01
-4.466700851917266846e-01
1.979874134063720703e+00
