5.987434983253479004e-01
-1.811498522758483887e+00
1.409065604209899902e+00
-1.319527506828308105e+00
1.986478716135025024e-01
-1.611845016479492188e+00
-1.779189705848693848e+00
-1.150339961051940918e+00
-7.953036427497863770e-01
-3.579907715320587158e-01
7.240715026855468750e-01
2.377078980207443237e-01
1.381297230720520020e+00
-2.030258655548095703e+00
9.137546271085739136e-02
-1.480993986129760742e+00
-2.109527826309204102e+00
1.762964129447937012e+00
8.796639442443847656e-01
2.271556138992309570e+00
-5.238933563232421875e-01
4.360968112945556641e+00
1.070335865020751953e+00
-1.845966935157775879e+00
-6.454977393150329590e-02
-7.262089252471923828e+00
-7.611867785453796387e-02
-3.615968704223632812e+00
-2.053300857543945312e+00
1.788949489593505859e+00
3.081608533859252930e+00
-7.018982172012329102e-01
-1.042714953422546387e+00
-6.609754085540771484e+00
1.606561183929443359e+00
2.443546533584594727e+00
5.733342647552490234e+00
-3.760496139526367188e+00
-3.594314098358154297e+00
-4.472586154937744141e+00
1.072028517723083496e+00
3.176571846008300781e+00
-3.221392393112182617e+00
-2.715840578079223633e+00
-3.684920072555541992e-01
1.842209935188293457e+00
-1.914948105812072754e+00
-2.855840682983398438e+00
2.166909217834472656e+00
1.852018833160400391e+00
2.440620899200439453e+00
-1.401951551437377930e+00
-1.614253640174865723e+00
1.737741947174072266e+00
-1.772256851196289062e+00
-2.371217966079711914e+00
-1.805842518806457520e+00
1.831517338752746582e+00
1.762149691581726074e+00
-2.065239429473876953e+00
6.338014602661132812e-01
