1.508425712585449219e+00
5.051093697547912598e-01
-1.891420841217041016e+00
-1.025606513023376465e+00
9.685432314872741699e-01
7.898241281509399414e-01
-1.037535667419433594e+00
1.377728819847106934e+00
-1.816905260086059570e+00
-9.495466947555541992e-01
-2.368609189987182617e+00
-2.276349306106567383e+00
1.565879583358764648e+00
2.663824081420898438e+00
1.484108090400695801e+00
1.802388668060302734e+00
-3.251626968383789062e+00
-1.955402493476867676e+00
1.837932348251342773e+00
1.668372392654418945e+00
-5.685383677482604980e-01
2.024266958236694336e+00
-1.588821411132812500e+00
4.122793674468994141e+00
3.770804405212402344e+00
4.331421375274658203e+00
-1.153017759323120117e+00
-4.608443260192871094e+00
-6.858382701873779297e+00
1.813827633857727051e+00
-1.966161012649536133e+00
8.723881840705871582e-02
5.257936120033264160e-01
-3.420416831970214844e+00
3.481402620673179626e-02
-2.266755104064941406e+00
5.263391137123107910e-01
1.629299402236938477e+00
-8.176406860351562500e+00
-7.602834701538085938e-01
7.660093307495117188e-01
1.529263257980346680e+00
2.906806230545043945e+00
4.458368301391601562e+00
4.922684669494628906e+00
-3.200398683547973633e+00
1.369308233261108398e+00
2.302239418029785156e+00
3.761817455291748047e+00
-5.896485447883605957e-01
-2.832637310028076172e+00
1.002762198448181152e+00
1.617206454277038574e+00
1.129105687141418457e+00
-1.539027929306030273e+00
-3.722945213317871094e+00
-2.564536035060882568e-01
-1.162179708480834961e+00
2.513393163681030273e+00
8.334649205207824707e-01
1.070918798446655273e+00
