-3.883267879486083984e+00
1.883377909660339355e+00
2.345004320144653320e+00
-3.835182189941406250e-01
1.690937757492065430e+00
-1.408543825149536133e+00
1.664048433303833008e-01
5.178904533386230469e-01
-2.333038330078125000e+00
1.438590049743652344e+00
-3.259197175502777100e-01
-2.580324187874794006e-02
-1.985984086990356445e+00
-4.046793580055236816e-01
4.516202583909034729e-02
1.957367360591888428e-01
7.282863855361938477e-01
6.259595751762390137e-01
9.012571573257446289e-01
2.380109071731567383e+00
-2.909101486206054688e+00
6.686389923095703125e+00
8.266110420227050781e+00
-2.353789567947387695e+00
-2.178980827331542969e+00
-5.335252761840820312e+00
-1.573166251182556152e+00
-3.078934669494628906e+00
2.226056098937988281e+00
-5.589598178863525391e+00
-1.980623245239257812e+00
2.948589801788330078e+00
7.336431026458740234e+00
5.601318359375000000e+00
6.332253813743591309e-01
7.671596407890319824e-01
-3.502981662750244141e+00
-7.894247770309448242e-02
2.658868551254272461e+00
-3.180655479431152344e+00
-2.894264459609985352e-01
1.230412197113037109e+01
-6.722241878509521484e+00
-2.631736278533935547e+00
3.650838375091552734e+00
5.935478687286376953e+00
-7.705404758453369141e-01
1.853456377983093262e+00
1.493626594543457031e+00
-4.375522136688232422e+00
-1.427589416503906250e+00
1.623417586088180542e-01
-2.977616786956787109e+00
5.665050029754638672e+00
-7.546876072883605957e-01
1.532143831253051758e+00
2.212648630142211914e+00
-1.176500320434570312e+00
-1.484916567802429199e+00
-2.071739673614501953e+00
-6.558721542358398438e+00
