-3.062946498394012451e-01
-1.374013543128967285e+00
8.046330809593200684e-01
-1.656371831893920898e+00
1.358790636062622070e+00
2.566671133041381836e+00
1.680363297462463379e+00
-6.692713499069213867e-01
-8.564867973327636719e-01
-1.670368313789367676e+00
-9.873852133750915527e-01
1.693062305450439453e+00
-3.055108785629272461e-01
2.289623498916625977e+00
-5.955856442451477051e-01
-2.129447087645530701e-02
1.947174906730651855e+00
4.262543916702270508e-01
-4.355369806289672852e-01
-2.088306188583374023e+00
-5.698130130767822266e-01
-1.159566521644592285e+00
-8.984867334365844727e-01
2.677241325378417969e+00
-5.463344573974609375e+00
-1.037116169929504395e+00
1.180463790893554688e+00
1.890772581100463867e-01
-3.548187255859375000e+00
4.725354671478271484e+00
-2.083352088928222656e+00
-7.033226490020751953e+00
6.934375166893005371e-01
1.603880763053894043e+00
2.423048257827758789e+00
-1.964264392852783203e+00
-3.545680046081542969e+00
3.374141454696655273e-01
-2.737841129302978516e+00
-4.261276721954345703e+00
5.638902664184570312e+00
-8.951944708824157715e-01
-7.516215443611145020e-01
-2.068901538848876953e+00
-3.121962308883666992e+00
5.770546793937683105e-01
1.550365328788757324e+00
6.878431439399719238e-01
-1.636951684951782227e+00
-3.146662473678588867e+00
-2.866130113601684570e+00
4.435999870300292969e+00
1.475977897644042969e+00
-4.636018574237823486e-01
3.244434118270874023e+00
-7.876434922218322754e-01
-1.087397813796997070e+00
-4.194802939891815186e-01
2.339406490325927734e+00
1.189124822616577148e+00
9.512963891029357910e-01
