-1.178928375244140625e+00
8.712100982666015625e-01
-2.071775197982788086e-01
1.670480847358703613e+00
9.177713394165039062e-01
-1.871621757745742798e-01
1.005267024040222168e+00
9.350781440734863281e-01
-7.872962951660156250e-01
-3.523048162460327148e-01
-5.066037774085998535e-01
1.589498758316040039e+00
-1.294997930526733398e+00
-9.938039183616638184e-01
-6.462539434432983398e-01
2.139524698257446289e+00
-1.431284904479980469e+00
1.253234624862670898e+00
9.512395858764648438e-01
-9.266722798347473145e-01
-8.561496436595916748e-02
-6.070580333471298218e-02
-6.703084707260131836e-01
6.502753257751464844e+00
-4.114531993865966797e+00
-1.171743988990783691e+00
-2.005795389413833618e-01
-5.441401898860931396e-02
-2.312969118356704712e-01
1.966845154762268066e+00
1.272529482841491699e+00
1.282948136329650879e+00
-4.908517360687255859e+00
1.179784536361694336e-01
2.596909284591674805e+00
2.426430702209472656e+00
2.380964756011962891e-01
-2.689720392227172852e+00
1.161064952611923218e-01
1.508070707321166992e+00
3.027762770652770996e-01
-2.156192809343338013e-01
5.280917882919311523e-01
-2.376403331756591797e+00
-3.281889915466308594e+00
-1.508226275444030762e+00
-3.674001991748809814e-01
-3.104132413864135742e-01
1.438207030296325684e-01
-1.340250372886657715e+00
-2.322548151016235352e+00
1.705474734306335449e+00
-2.669529676437377930e+00
3.910364508628845215e-01
-2.779604196548461914e+00
-1.156149268150329590e+00
5.575614571571350098e-01
-3.615543365478515625e+00
1.706368923187255859e-01
-2.221517324447631836e+00
-6.261936426162719727e-01
