-2.320096015930175781e+00
-1.251490950584411621e+00
1.505944371223449707e+00
-1.590925216674804688e+00
5.907600522041320801e-01
1.598482131958007812e+00
-2.102864027023315430e+00
8.737556338310241699e-01
-2.367436647415161133e+00
-1.065039992332458496e+00
5.696097016334533691e-01
-2.241926670074462891e+00
-6.707873940467834473e-01
-1.005276322364807129e+00
-5.340445637702941895e-01
1.139977693557739258e+00
2.479949295520782471e-01
2.187838554382324219e+00
2.528185367584228516e+00
9.367527365684509277e-01
-1.009842109680175781e+01
9.138133376836776733e-02
-4.476112842559814453e+00
1.073060154914855957e+00
2.483575344085693359e+00
-5.205076932907104492e-01
-9.031663894653320312e+00
1.906205892562866211e+00
2.444268465042114258e+00
1.334031462669372559e+00
-3.824220895767211914e+00
3.878599882125854492e+00
-1.805315017700195312e+00
2.413601398468017578e+00
-7.017379999160766602e-01
-1.709397554397583008e+00
-7.203219085931777954e-02
3.205011487007141113e-01
-4.029694080352783203e+00
7.985778450965881348e-01
2.143480300903320312e+00
-6.412187814712524414e-01
-2.336696386337280273e+00
1.959663748741149902e+00
-2.924524068832397461e+00
-4.071714878082275391e-01
-3.797807216644287109e+00
1.760875225067138672e+00
-1.418051123619079590e+00
5.393291115760803223e-01
1.576984524726867676e+00
1.777259588241577148e+00
1.885461807250976562e+00
-4.181771278381347656e+00
-6.021520867943763733e-02
-1.304754853248596191e+00
8.796586394309997559e-01
9.561510682106018066e-01
9.084013700485229492e-01
-1.339819580316543579e-01
2.590911626815795898e+00
