2.260062545537948608e-01
1.074265360832214355e+00
-1.611772775650024414e+00
-1.588111758232116699e+00
-1.603055834770202637e+00
1.722258806228637695e+00
-1.466516971588134766e+00
2.040333271026611328e+00
-1.790070056915283203e+00
-1.133312702178955078e+00
-5.995844602584838867e-01
1.618274450302124023e+00
1.205185055732727051e+00
-2.628509044647216797e+00
2.178544998168945312e+00
2.133455991744995117e+00
-1.606214046478271484e+00
6.579580307006835938e-01
-8.479198813438415527e-01
-1.581727743148803711e+00
1.038172602653503418e+00
9.721215367317199707e-01
-1.536663293838500977e+00
2.258667945861816406e+00
-5.461067199707031250e+00
-4.374210238456726074e-01
5.455915451049804688e+00
-7.579596042633056641e+00
-1.681093096733093262e+00
-2.803997516632080078e+00
-3.159842014312744141e+00
-2.477313995361328125e+00
-2.236269474029541016e+00
1.747395873069763184e+00
-4.270797729492187500e+00
7.100877761840820312e+00
-1.917395830154418945e+00
2.103080034255981445e+00
-2.893611907958984375e+00
-5.826470255851745605e-01
5.996481776237487793e-01
-1.227589368820190430e+00
1.549239873886108398e+00
-1.375907897949218750e+00
3.934934377670288086e+00
8.342004418373107910e-01
3.619934797286987305e+00
3.158252477645874023e+00
-1.445404648780822754e+00
2.317641258239746094e+00
2.401027679443359375e+00
-2.407757282257080078e+00
3.702921628952026367e+00
1.336447894573211670e-01
-2.053764581680297852e+00
2.671738386154174805e+00
-1.616039633750915527e+00
2.812982082366943359e+00
-1.791496515274047852e+00
1.239558339118957520e+00
6.756662726402282715e-01
