1.668496131896972656e+00
-1.787481069564819336e+00
1.552794575691223145e+00
-1.729748398065567017e-01
6.671029329299926758e-01
3.508363366127014160e-01
3.521937727928161621e-01
6.839026212692260742e-01
-3.506112992763519287e-01
9.156946539878845215e-01
1.529632687568664551e+00
-7.941870689392089844e-01
7.399097084999084473e-01
-6.412356495857238770e-01
1.029227733612060547e+00
1.586324572563171387e+00
-1.716442465782165527e+00
-1.532601952552795410e+00
1.212757110595703125e+00
9.112933874130249023e-01
2.700868368148803711e+00
1.458553671836853027e+00
-3.808874607086181641e+00
7.147663235664367676e-01
8.843058347702026367e-01
-5.187816023826599121e-01
1.802884101867675781e+00
1.170707583427429199e+00
-3.229997754096984863e-01
-2.872169017791748047e+00
-5.682961463928222656e+00
1.934112787246704102e+00
1.715044140815734863e+00
9.032391309738159180e-01
2.790875196456909180e+00
5.723824024200439453e+00
-1.588171362876892090e+00
5.169486999511718750e+00
4.124091148376464844e+00
-3.514070510864257812e+00
1.838790774345397949e+00
-1.618712425231933594e+00
2.996708869934082031e+00
-4.697577953338623047e-01
-7.173439264297485352e-01
1.309389770030975342e-01
1.690806746482849121e+00
-1.412172555923461914e+00
1.970395922660827637e+00
-1.768430352210998535e+00
1.992806911468505859e+00
2.009182691574096680e+00
-1.167856574058532715e+00
2.200936794281005859e+00
1.561536908149719238e+00
2.253804206848144531e+00
-1.295838952064514160e+00
-1.805416584014892578e+00
-2.965937852859497070e+00
-2.877777576446533203e+00
-1.246320605278015137e+00
