-1.255786418914794922e+00
-3.805239796638488770e-01
-1.226568460464477539e+00
1.655123472213745117e+00
3.642405569553375244e-01
7.683475613594055176e-01
2.019392728805541992e+00
1.035265564918518066e+00
-5.354697704315185547e-01
-1.587563157081604004e+00
1.159265875816345215e+00
1.224881172180175781e+00
-1.659976720809936523e+00
4.346563220024108887e-01
-1.687329888343811035e+00
1.587120771408081055e+00
-5.644324421882629395e-01
4.418041184544563293e-02
-1.278954505920410156e+00
3.818784952163696289e-01
-3.951549232006072998e-01
-1.562424302101135254e-01
-6.442993879318237305e-01
4.024082660675048828e+00
-9.903816580772399902e-01
-2.542172908782958984e+00
-5.735393047332763672e+00
2.678215503692626953e-01
6.238333582878112793e-01
-8.646517246961593628e-02
2.084052860736846924e-01
-3.494798660278320312e+00
-6.544562339782714844e+00
5.130809172987937927e-02
1.721843719482421875e+00
1.554920434951782227e+00
-1.013244748115539551e+00
4.324048459529876709e-01
-5.291260242462158203e+00
5.820717811584472656e-01
1.204392671585083008e+00
-2.889528989791870117e+00
1.649843931198120117e+00
-1.560706377029418945e+00
-7.536018490791320801e-01
-1.908482670783996582e+00
-1.488954544067382812e+00
-1.051612377166748047e+00
9.229415655136108398e-01
-3.766382217407226562e+00
-1.115114331245422363e+00
3.622995615005493164e+00
3.156781673431396484e+00
-8.667846322059631348e-01
1.208821296691894531e+00
7.957720160484313965e-01
-1.752981066703796387e+00
8.013743758201599121e-01
-3.324221134185791016e+00
7.577849030494689941e-01
-1.545839905738830566e+00
