2.468880414962768555e+00
-1.350791454315185547e+00
-1.466613054275512695e+00
-2.247734069824218750e+00
1.481569372117519379e-02
1.616598963737487793e+00
-8.351716399192810059e-01
-1.929429173469543457e-01
1.122847676277160645e+00
-1.787906408309936523e+00
-3.071402013301849365e-02
-6.205291748046875000e-01
2.005445957183837891e+00
1.076414465904235840e+00
-1.438210248947143555e+00
-8.577111959457397461e-01
3.800380602478981018e-02
1.053076505661010742e+00
2.257767438888549805e+00
-1.414041042327880859e+00
-4.602870941162109375e+00
-1.472429037094116211e+00
-1.920081257820129395e+00
-6.168462634086608887e-01
-3.154269218444824219e+00
7.558548927307128906e+00
-6.708382368087768555e-01
6.789003610610961914e-01
-3.210184812545776367e+00
3.640683650970458984e+00
2.140523672103881836e+00
-1.221435546875000000e+00
4.830896854400634766e+00
1.817067623138427734e+00
-3.069187641143798828e+00
-4.991078853607177734e+00
9.913198947906494141e-01
4.576130211353302002e-01
5.708700656890869141e+00
4.844800531864166260e-01
1.019776701927185059e+00
5.997316241264343262e-01
7.649502754211425781e-01
-1.532129794359207153e-01
1.263302471488714218e-02
1.613555550575256348e+00
1.390092521905899048e-01
5.834280014038085938e+00
1.873830795288085938e+00
1.289443612098693848e+00
-8.215995430946350098e-01
6.449248194694519043e-01
3.360604047775268555e+00
2.478847503662109375e+00
1.052227139472961426e+00
2.974360227584838867e+00
1.676325649023056030e-01
-4.125632345676422119e-01
-2.461384534835815430e+00
-1.313180208206176758e+00
-1.847476512193679810e-01
