-4.768674671649932861e-01
1.671508550643920898e+00
1.800877571105957031e+00
-9.900944232940673828e-01
-1.503730177879333496e+00
-1.497011184692382812e+00
5.650616288185119629e-01
2.266046285629272461e+00
-1.961747407913208008e+00
-1.335618019104003906e+00
-1.019292473793029785e+00
9.372214078903198242e-01
9.997909665107727051e-01
7.497593760490417480e-01
2.022260665893554688e+00
1.499823808670043945e+00
1.090462952852249146e-01
1.456326246261596680e+00
9.624194502830505371e-01
-5.233407020568847656e-01
2.472090482711791992e+00
-3.233320713043212891e+00
4.141065597534179688e+00
-2.185812473297119141e+00
3.729105472564697266e+00
6.684369087219238281e+00
-1.483493208885192871e+00
1.207117676734924316e+00
-7.271527767181396484e+00
2.521942615509033203e+00
-2.233316659927368164e+00
2.323139905929565430e+00
2.205421447753906250e+00
2.498710870742797852e+00
4.680608749389648438e+00
5.773441791534423828e+00
8.770121335983276367e-01
-1.059647560119628906e+00
3.999788761138916016e-01
-1.077904820442199707e+00
-3.845796823501586914e+00
-3.431230068206787109e+00
3.912303447723388672e+00
1.380775213241577148e+00
-1.132321476936340332e+00
1.683766484260559082e+00
-2.022398948669433594e+00
-5.038569569587707520e-01
-2.315681934356689453e+00
-3.790230274200439453e+00
1.630228638648986816e+00
-1.629763484001159668e+00
-1.646645188331604004e+00
1.940403699874877930e+00
-9.550592899322509766e-01
-3.252171754837036133e+00
2.854475259780883789e+00
-1.245037317276000977e+00
1.446966648101806641e+00
-1.973581910133361816e+00
-8.145460486412048340e-01
