2.433449983596801758e+00
-7.069885730743408203e-01
-2.090668678283691406e+00
1.996597766876220703e+00
-1.637979388236999512e+00
1.823000431060791016e+00
-1.435202598571777344e+00
1.346398949623107910e+00
1.541389465332031250e+00
1.755618333816528320e+00
1.302350997924804688e+00
1.238635420799255371e+00
-1.569219350814819336e+00
1.530912160873413086e+00
1.353210210800170898e+00
-1.225802302360534668e+00
1.091694951057434082e+00
2.445988655090332031e+00
1.623844504356384277e+00
8.200299739837646484e-01
-1.304448246955871582e+00
2.553771257400512695e+00
-8.014389038085937500e+00
1.059192061424255371e+00
-3.603449821472167969e+00
4.544043540954589844e+00
4.370101451873779297e+00
3.036376953125000000e+00
2.479710578918457031e-01
-2.429316639900207520e-01
3.202971220016479492e-01
-8.097377419471740723e-01
-5.843572139739990234e+00
3.284291982650756836e+00
-9.302692413330078125e-01
-1.489034056663513184e+00
-3.681330204010009766e+00
-5.381715893745422363e-01
-2.150603055953979492e+00
-1.847819566726684570e+00
-9.189649820327758789e-01
2.310350894927978516e+00
2.432517290115356445e+00
5.225067734718322754e-01
-1.538042902946472168e+00
-1.817407846450805664e+00
2.869227170944213867e+00
-1.293073892593383789e+00
5.622134730219841003e-02
-5.686382204294204712e-02
-8.295629918575286865e-02
1.034813523292541504e+00
-3.042562723159790039e+00
2.040105104446411133e+00
7.167043089866638184e-01
1.106241941452026367e+00
2.652565479278564453e+00
-1.027667284011840820e+00
-1.029602646827697754e+00
3.177436113357543945e+00
-6.825500130653381348e-01
