9.892044067382812500e-01
-2.210599899291992188e+00
-7.661775946617126465e-01
-1.574888229370117188e+00
1.039948940277099609e+00
7.534074187278747559e-01
-1.177430152893066406e+00
2.752116322517395020e-01
-3.531738817691802979e-01
1.079387068748474121e+00
1.320827007293701172e+00
-1.521600842475891113e+00
-1.525927424430847168e+00
-1.311352849006652832e+00
-1.161859512329101562e+00
1.837800264358520508e+00
-1.518401026725769043e+00
-7.457648515701293945e-01
2.682377994060516357e-01
-1.950481414794921875e+00
-8.650775551795959473e-01
-6.370947837829589844e+00
2.733159661293029785e-01
-3.603631496429443359e+00
-3.427617251873016357e-01
8.610987067222595215e-01
-7.085375785827636719e-01
1.948387980461120605e+00
-8.889726996421813965e-01
-2.171164005994796753e-01
-5.404267787933349609e+00
-4.453122615814208984e+00
1.503493428230285645e+00
5.113987445831298828e+00
1.589110016822814941e+00
5.419743657112121582e-01
-4.049190521240234375e+00
3.365149021148681641e+00
6.473190188407897949e-01
-4.715263843536376953e+00
-4.383794590830802917e-02
-2.752824306488037109e+00
5.373989790678024292e-02
2.146848678588867188e+00
-2.815483808517456055e-01
9.676740765571594238e-01
-2.645050883293151855e-01
-3.506231307983398438e+00
-9.188307523727416992e-01
-2.880237698554992676e-01
4.611400127410888672e+00
2.214856147766113281e+00
2.254988670349121094e+00
2.782718420028686523e+00
-2.403160333633422852e+00
-8.707464933395385742e-01
2.339672565460205078e+00
2.953163146972656250e+00
3.078663349151611328e+00
-2.203130483627319336e+00
1.285760879516601562e+00
