2.014339208602905273e+00
6.109494343400001526e-02
-1.088643312454223633e+00
1.670039176940917969e+00
2.451808452606201172e+00
1.720540761947631836e+00
2.778969526290893555e+00
-3.054646551609039307e-01
5.218083858489990234e-01
2.083070278167724609e+00
2.284444570541381836e+00
1.476691365242004395e+00
1.847643971443176270e+00
-2.023252248764038086e+00
-1.190475463867187500e+00
-3.374932765960693359e+00
-8.518936038017272949e-01
1.735825896263122559e+00
-9.330689907073974609e-01
1.169073581695556641e+00
9.762433171272277832e-01
-1.200759291648864746e+00
-1.858410000801086426e+00
1.648744225502014160e+00
-1.358766937255859375e+01
5.173912525177001953e+00
-2.855973005294799805e+00
-6.815246343612670898e-01
1.049731731414794922e+00
-5.608031153678894043e-01
-2.307947427034378052e-01
3.153895616531372070e+00
-3.709311962127685547e+00
4.169317722320556641e+00
-1.049012422561645508e+00
3.473006248474121094e+00
-5.224717140197753906e+00
1.021375775337219238e+00
-3.007011711597442627e-01
3.891677618026733398e+00
7.203393578529357910e-01
9.920252561569213867e-01
1.047666907310485840e+00
1.749041557312011719e+00
-4.766016960144042969e+00
-2.666645050048828125e+00
2.200954437255859375e+00
1.778789639472961426e+00
-1.673608303070068359e+00
-7.093464732170104980e-01
1.970593035221099854e-01
1.947115421295166016e+00
-3.367808818817138672e+00
-3.508063316345214844e+00
2.197532892227172852e+00
1.172653913497924805e+00
4.464699268341064453e+00
7.417041063308715820e-01
-1.173373218625783920e-02
4.128790378570556641e+00
2.384789288043975830e-01
