3.868500590324401855e-01
-2.617642641067504883e+00
1.826522499322891235e-01
2.982388138771057129e-01
1.011606097221374512e+00
-9.071143865585327148e-01
2.529610157012939453e+00
-7.581172585487365723e-01
-1.420926332473754883e+00
1.585591912269592285e+00
1.656067848205566406e+00
-7.854241132736206055e-01
-1.260388016700744629e+00
8.308023214340209961e-01
1.006530523300170898e+00
-1.679870009422302246e+00
-3.062267065048217773e+00
2.338148057460784912e-01
-1.483851075172424316e+00
-6.853451132774353027e-01
-2.229800939559936523e+00
-5.617946147918701172e+00
2.061138600111007690e-01
8.206701874732971191e-01
-2.293282508850097656e+00
-1.524025678634643555e+00
1.653360366821289062e+00
2.998100817203521729e-01
6.004598617553710938e+00
-3.062450647354125977e+00
-6.581390380859375000e+00
-7.086274027824401855e-01
-5.766223907470703125e+00
4.461903572082519531e+00
2.203617334365844727e+00
1.100132703781127930e+00
-6.477591514587402344e+00
-4.176667928695678711e-01
4.137274742126464844e+00
2.376153878867626190e-02
2.704296827316284180e+00
3.853017568588256836e+00
-1.171451449394226074e+00
9.660531878471374512e-01
-3.588075876235961914e+00
1.270715236663818359e+00
9.252856969833374023e-01
8.112500309944152832e-01
3.383876085281372070e+00
2.230077266693115234e+00
2.521867752075195312e+00
9.939244389533996582e-01
3.186485052108764648e+00
4.496636390686035156e+00
4.805454730987548828e+00
-1.502297163009643555e+00
-1.940177917480468750e+00
-2.533349990844726562e+00
-2.237581014633178711e+00
6.003363132476806641e-01
-1.062990665435791016e+00
