6.728882789611816406e-01
8.832013010978698730e-01
-8.957690000534057617e-01
-8.479549884796142578e-01
1.562089323997497559e+00
7.382846474647521973e-01
4.097960293292999268e-01
6.806866526603698730e-01
-1.950061321258544922e+00
1.416712522506713867e+00
4.372040331363677979e-01
-1.793883442878723145e+00
1.435998678207397461e+00
-9.604160785675048828e-01
-2.102217435836791992e+00
-3.976421952247619629e-01
9.078944325447082520e-01
9.282848834991455078e-01
-4.672371745109558105e-01
1.337815761566162109e+00
4.364803899079561234e-03
3.427229166030883789e+00
-6.043848991394042969e-01
1.656717181205749512e+00
-5.211161971092224121e-01
-1.490699648857116699e+00
4.140523672103881836e-01
-1.032782554626464844e+00
-7.035597801208496094e+00
3.015602588653564453e+00
5.611166954040527344e-01
3.787030458450317383e+00
5.111345291137695312e+00
9.606823325157165527e-01
1.037905812263488770e+00
9.800259470939636230e-01
-2.751693487167358398e+00
2.360688447952270508e+00
2.638988256454467773e+00
-1.076624155044555664e+00
9.964061379432678223e-01
1.615987300872802734e+00
-1.181338906288146973e+00
-2.095538854598999023e+00
-2.633364677429199219e+00
2.391641378402709961e+00
-4.959128201007843018e-01
1.532835960388183594e+00
3.254684925079345703e+00
1.638894796371459961e+00
-1.505774378776550293e+00
2.632224559783935547e+00
3.064252853393554688e+00
2.870763242244720459e-01
4.542254507541656494e-01
1.382540345191955566e+00
-2.329090118408203125e+00
-1.986250281333923340e+00
-2.716663360595703125e+00
1.361827731132507324e+00
1.010497212409973145e+00
