-1.438424229621887207e+00
3.734734952449798584e-01
1.671737551689147949e+00
-4.457164108753204346e-01
1.861151099205017090e+00
1.513233780860900879e+00
9.823805093765258789e-02
-2.150963783264160156e+00
1.367686271667480469e+00
1.670505046844482422e+00
-1.119183182716369629e+00
-1.536867141723632812e+00
1.136329770088195801e+00
-1.520088553428649902e+00
1.847991228103637695e+00
1.547292351722717285e+00
-9.591786861419677734e-01
-1.678059935569763184e+00
-1.705649614334106445e+00
-9.062460660934448242e-01
6.591479778289794922e+00
2.681720554828643799e-01
9.876077771186828613e-01
-1.747869968414306641e+00
-3.855376482009887695e+00
6.497706174850463867e-01
8.605699539184570312e-01
5.759195089340209961e-01
4.994203090667724609e+00
1.719193816184997559e+00
1.556593179702758789e+00
-4.281898975372314453e+00
3.878248333930969238e-01
2.908438920974731445e+00
6.607832908630371094e-01
4.055407524108886719e+00
4.193813323974609375e+00
-1.049840450286865234e+00
-1.783998727798461914e+00
6.128389835357666016e-01
3.265291690826416016e+00
-9.193629622459411621e-01
-1.141626358032226562e+00
3.870869398117065430e+00
-2.530169963836669922e+00
-3.672510683536529541e-01
3.607880473136901855e-01
-1.017539739608764648e+00
3.069600343704223633e+00
7.733439803123474121e-01
1.645102381706237793e+00
2.028388738632202148e+00
-7.755567133426666260e-02
-2.478351354598999023e+00
-9.224646091461181641e-01
1.945993423461914062e+00
-3.747016668319702148e+00
-3.587680160999298096e-01
-8.623638153076171875e-01
-1.554475188255310059e+00
3.563989326357841492e-02
