-1.554574012756347656e+00
-2.448175907135009766e+00
-6.189783811569213867e-01
3.695727109909057617e+00
1.568891882896423340e+00
2.221941232681274414e+00
-1.719224095344543457e+00
7.080479860305786133e-01
1.863687515258789062e+00
-1.047891497611999512e+00
-2.444796323776245117e+00
-1.797147274017333984e+00
-1.164311885833740234e+00
-1.497779965400695801e+00
-1.919783592224121094e+00
2.247752845287322998e-01
-7.874584794044494629e-01
-9.616566896438598633e-01
-2.025053262710571289e+00
9.396383762359619141e-01
2.327111959457397461e+00
1.083031058311462402e+00
1.557637006044387817e-01
1.107405853271484375e+01
-4.611531257629394531e+00
1.854709506034851074e+00
4.519257545471191406e+00
-2.933687865734100342e-01
5.649213790893554688e+00
1.948491096496582031e+00
-7.354579925537109375e+00
1.308180928230285645e+00
7.795636653900146484e-01
3.038709402084350586e+00
7.844534397125244141e+00
-2.290635108947753906e+00
-4.250346183776855469e+00
3.449356794357299805e+00
-8.972359657287597656e+00
-4.228774070739746094e+00
-2.507066965103149414e+00
-6.418240070343017578e-01
1.605431079864501953e+00
1.240779280662536621e+00
2.480146646499633789e+00
7.988019585609436035e-01
2.572998285293579102e+00
-1.385489583015441895e+00
5.265507698059082031e+00
-7.959813475608825684e-01
6.225885391235351562e+00
4.656234085559844971e-01
-6.820673346519470215e-01
1.897350072860717773e+00
1.922366976737976074e+00
2.976390123367309570e+00
-3.028164625167846680e+00
1.889737844467163086e+00
9.977274537086486816e-01
4.001684188842773438e+00
1.160698056221008301e+00
