7.704442143440246582e-01
-5.454804897308349609e-01
2.774266898632049561e-01
5.835487842559814453e-01
1.491364002227783203e+00
9.193836450576782227e-01
2.107319533824920654e-01
-6.037243604660034180e-01
-1.313190221786499023e+00
-2.497619628906250000e+00
-8.912020325660705566e-01
-1.644289255142211914e+00
-1.181474804878234863e+00
-6.305257081985473633e-01
-8.285292387008666992e-01
-1.263334155082702637e+00
-1.430053472518920898e+00
1.318238615989685059e+00
-2.090436220169067383e+00
1.746666312217712402e+00
-1.562786996364593506e-01
3.218737363815307617e+00
-1.974661588668823242e+00
2.763095617294311523e+00
6.437129020690917969e+00
1.876365303993225098e+00
2.033236742019653320e+00
-2.300856113433837891e+00
2.414258718490600586e+00
4.880395829677581787e-01
-2.179560422897338867e+00
-4.520759105682373047e+00
3.313471317291259766e+00
1.739729046821594238e+00
7.394893467426300049e-02
-2.197977304458618164e+00
4.503178298473358154e-01
-3.223403930664062500e+00
-5.006310939788818359e-01
-6.311520338058471680e-01
9.892303943634033203e-01
3.527595281600952148e+00
-2.380861043930053711e+00
-3.549509286880493164e+00
4.894715785980224609e+00
1.667948842048645020e+00
-1.453878879547119141e+00
4.873742580413818359e+00
2.151629924774169922e+00
-7.323949038982391357e-02
-4.440887928009033203e+00
2.386247158050537109e+00
4.152840137481689453e+00
-3.962389707565307617e+00
-7.431073784828186035e-01
1.532571077346801758e+00
-1.292905211448669434e+00
3.739446401596069336e+00
5.308744311332702637e-01
-2.511027812957763672e+00
-1.964492201805114746e+00
