-1.331017494201660156e+00
2.018309831619262695e+00
1.301539897918701172e+00
-2.073100954294204712e-01
-1.044307827949523926e+00
-1.134970068931579590e+00
-9.218690991401672363e-01
2.434816598892211914e+00
1.472930908203125000e+00
1.618376612663269043e+00
8.091828227043151855e-01
-1.946977734565734863e+00
-3.730281114578247070e+00
2.095612049102783203e+00
-2.171144723892211914e+00
-1.203282594680786133e+00
-1.280040383338928223e+00
-9.565984010696411133e-01
9.520674943923950195e-01
-1.013483524322509766e+00
3.715659856796264648e+00
-4.394905090332031250e+00
1.339572191238403320e+00
1.587527155876159668e+00
3.009217977523803711e-01
3.339457035064697266e+00
-1.435294628143310547e+00
8.568313717842102051e-02
2.258098125457763672e+00
6.674129962921142578e+00
7.465469241142272949e-01
1.456635594367980957e+00
2.834748744964599609e+00
8.615950584411621094e+00
8.590831756591796875e+00
3.487432479858398438e+00
3.210757255554199219e+00
3.448823928833007812e+00
1.669332832098007202e-01
-5.953433513641357422e-01
-1.433509826660156250e+00
1.992098569869995117e+00
2.426137179136276245e-01
2.986024379730224609e+00
1.270744651556015015e-01
-3.129350423812866211e+00
2.870280027389526367e+00
2.607023715972900391e-01
1.183686494827270508e+00
4.841598033905029297e+00
1.735607028007507324e+00
8.996295332908630371e-01
9.461933746933937073e-03
-4.452416896820068359e+00
-1.784511208534240723e+00
-1.560838580131530762e+00
5.476787567138671875e+00
3.873725652694702148e+00
7.354883551597595215e-01
5.188847780227661133e-01
-2.834268569946289062e+00
