-2.272998332977294922e+00
-1.208096742630004883e+00
-1.301889300346374512e+00
1.610223770141601562e+00
1.088718414306640625e+00
-1.870415806770324707e+00
1.162010073661804199e+00
-1.243475198745727539e+00
1.489239573478698730e+00
3.164081573486328125e-01
-2.006489276885986328e+00
1.797688722610473633e+00
-1.870620369911193848e+00
2.519715428352355957e-01
-1.544682860374450684e+00
-1.703099131584167480e+00
-5.128192901611328125e-01
4.760041236877441406e-01
4.230952858924865723e-01
-1.720188975334167480e+00
-3.146221628412604332e-03
4.367928028106689453e+00
-4.562596321105957031e+00
1.049656391143798828e+00
-1.371723055839538574e+00
-2.200198769569396973e-01
-1.656453490257263184e+00
-5.304676055908203125e+00
-6.790149211883544922e+00
7.343794822692871094e+00
-3.917810916900634766e+00
-7.474467158317565918e-01
-3.907764911651611328e+00
-4.668043136596679688e+00
1.072679162025451660e+00
4.553872585296630859e+00
2.047311782836914062e+00
-1.663233160972595215e+00
7.262168526649475098e-01
-1.792561531066894531e+00
-4.860593080520629883e-01
-2.778754234313964844e+00
-2.059328794479370117e+00
1.466029047966003418e+00
-3.565729141235351562e+00
-2.170947045087814331e-01
1.699473142623901367e+00
2.205898761749267578e+00
3.407181978225708008e+00
-3.641470670700073242e+00
1.113046050071716309e+00
-5.392684340476989746e-01
-2.264703750610351562e+00
1.159950613975524902e+00
-3.187167882919311523e+00
-2.449535608291625977e+00
4.620256423950195312e+00
-4.930530548095703125e+00
-3.916834354400634766e+00
9.762700200080871582e-01
5.718749046325683594e+00
