-2.532255411148071289e+00
-1.966204762458801270e+00
2.208851337432861328e+00
-2.112807750701904297e+00
-7.542057037353515625e-01
8.978700637817382812e-01
1.701940178871154785e+00
5.300567746162414551e-01
-1.968285083770751953e+00
3.185796439647674561e-01
-5.821965932846069336e-01
7.165120840072631836e-01
1.565566182136535645e+00
1.126382589340209961e+00
-1.021948933601379395e+00
-1.049388766288757324e+00
-7.392339706420898438e-01
6.888176798820495605e-01
1.811226129531860352e+00
9.518070220947265625e-01
8.750760078430175781e+00
-2.688378810882568359e+00
-2.225521087646484375e+00
-2.459386438131332397e-01
1.159729838371276855e+00
-2.454695403575897217e-01
-3.556225776672363281e+00
3.466965198516845703e+00
2.738477468490600586e+00
1.676303386688232422e+00
8.777217864990234375e-01
-4.032028615474700928e-01
-6.382372379302978516e+00
-1.531955122947692871e+00
4.248235225677490234e+00
-1.522044658660888672e+00
1.779383420944213867e-01
-1.031218290328979492e+00
-6.968939900398254395e-01
-1.735302090644836426e+00
7.812962532043457031e-01
-7.435837984085083008e-01
-1.438696742057800293e+00
7.765790820121765137e-01
-1.364432215690612793e+00
-4.423809051513671875e-01
-2.763672828674316406e+00
2.963588237762451172e+00
1.708041787147521973e+00
-1.055300831794738770e+00
-1.373403310775756836e+00
-2.095433622598648071e-01
2.890899181365966797e+00
1.536957740783691406e+00
3.759314537048339844e+00
7.175161242485046387e-01
3.081152141094207764e-01
1.131718993186950684e+00
1.039751768112182617e+00
2.462049484252929688e+00
-2.661985635757446289e+00
