-5.243339017033576965e-02
-2.534178256988525391e+00
1.370126307010650635e-01
1.158367395401000977e+00
2.346746206283569336e+00
1.951535701751708984e+00
-1.114498496055603027e+00
2.540291547775268555e-01
1.397535856813192368e-02
-1.151179671287536621e+00
5.204619169235229492e-01
-1.637727499008178711e+00
1.413933932781219482e-01
1.514020115137100220e-01
1.121685653924942017e-01
1.224165081977844238e+00
3.124023675918579102e-01
-2.139204025268554688e+00
-2.693089962005615234e+00
-1.067326664924621582e+00
-3.202925205230712891e+00
-8.257752656936645508e-01
-2.541833400726318359e+00
2.432289361953735352e+00
-4.168471992015838623e-01
-7.780010700225830078e+00
3.107126951217651367e+00
-1.591561287641525269e-01
-4.132871329784393311e-01
2.463524103164672852e+00
-3.659681677818298340e-01
-5.708290576934814453e+00
-1.270291328430175781e+00
-1.779609680175781250e+00
-1.812974333763122559e+00
-4.861245632171630859e+00
-6.393841505050659180e-01
3.547500610351562500e+00
1.240921616554260254e+00
-3.616951704025268555e+00
1.855443835258483887e+00
-4.704066812992095947e-01
1.621790409088134766e+00
-1.571742773056030273e+00
-5.812905430793762207e-01
-2.761025428771972656e+00
2.334438323974609375e+00
-6.768617033958435059e-01
-3.948205411434173584e-01
-2.892827510833740234e+00
2.886666536331176758e+00
2.271971702575683594e+00
-9.828035831451416016e-01
6.213865280151367188e-01
-2.853819370269775391e+00
4.009262561798095703e+00
-6.620044708251953125e-01
1.425349712371826172e+00
7.579243779182434082e-01
-3.250639915466308594e+00
7.778815031051635742e-01
