2.270085096359252930e+00
-1.444461822509765625e+00
-9.843333363533020020e-01
-9.078907966613769531e-01
1.070227980613708496e+00
-4.685227870941162109e-01
-1.877315998077392578e+00
-1.795559287071228027e+00
1.530574727803468704e-02
8.969748020172119141e-01
-2.781775236129760742e+00
-1.063441753387451172e+00
-1.322690844535827637e+00
-2.737593650817871094e+00
1.167712330818176270e+00
3.499202132225036621e-01
6.120387315750122070e-01
6.900987625122070312e-01
-2.309658765792846680e+00
-1.068526387214660645e+00
-5.114060401916503906e+00
-4.616232395172119141e+00
-2.166413068771362305e+00
-7.469630241394042969e-01
-1.868370652198791504e+00
2.222143299877643585e-02
-1.567001104354858398e+00
7.986837387084960938e+00
-2.700853586196899414e+00
-5.327413678169250488e-01
6.264210700988769531e+00
9.027373790740966797e-01
5.381113290786743164e-01
-4.492562294006347656e+00
4.235782146453857422e+00
1.320923447608947754e+00
3.167233467102050781e-01
-1.699084162712097168e+00
-3.828766345977783203e+00
4.373145580291748047e+00
4.395078659057617188e+00
2.793712139129638672e+00
-2.754760026931762695e+00
-5.049208402633666992e-01
8.421630859375000000e-01
2.029739856719970703e+00
-1.487077474594116211e+00
2.431075572967529297e+00
-2.479173421859741211e+00
1.031467556953430176e+00
2.204895019531250000e+00
1.496715664863586426e+00
-3.246500194072723389e-01
-2.099014997482299805e+00
3.607591152191162109e+00
-2.061655998229980469e+00
-2.093746513128280640e-01
-3.448808431625366211e+00
4.114451885223388672e+00
-3.249450206756591797e+00
-2.972023963928222656e+00
