1.521716713905334473e+00
-8.587740063667297363e-01
4.914931952953338623e-01
-2.277510166168212891e+00
-1.736598134040832520e+00
-7.968730926513671875e-01
2.146408081054687500e+00
-2.403699606657028198e-01
2.282813310623168945e+00
1.620216488838195801e+00
3.883863389492034912e-01
-7.813436388969421387e-01
-1.026234626770019531e+00
-7.144314646720886230e-01
8.853896707296371460e-02
-1.359903097152709961e+00
3.953747451305389404e-01
-5.798919796943664551e-01
-1.771346330642700195e+00
-9.195070862770080566e-01
5.526442050933837891e+00
1.043705224990844727e+00
3.398325443267822266e+00
5.768415451049804688e+00
5.382911205291748047e+00
9.718918800354003906e-01
7.606720447540283203e+00
1.979861497879028320e+00
9.687358736991882324e-01
-2.350636243820190430e+00
-1.389387607574462891e+00
2.984777927398681641e+00
1.115801811218261719e+00
3.401126265525817871e-01
-1.386464595794677734e+00
5.748929977416992188e+00
1.431661486625671387e+00
-1.450697064399719238e+00
5.492460250854492188e+00
2.769564092159271240e-01
3.989368677139282227e+00
-8.175992965698242188e-01
-2.794661998748779297e+00
-1.094403624534606934e+00
-4.364155292510986328e+00
-9.627595543861389160e-01
-2.393272399902343750e+00
6.388002872467041016e+00
-6.181575059890747070e-01
-1.318088054656982422e+00
1.797693848609924316e+00
5.062349796295166016e+00
5.021842718124389648e-01
-7.766893506050109863e-01
1.675251483917236328e+00
-2.995748519897460938e+00
-1.698371052742004395e+00
5.277357697486877441e-01
3.902996540069580078e+00
-2.216670066118240356e-01
-8.308855295181274414e-01
