-7.183003425598144531e-01
1.509158492088317871e+00
-1.793135643005371094e+00
-5.150718688964843750e-01
-1.768146514892578125e+00
1.743744254112243652e+00
-6.351121664047241211e-01
7.027783393859863281e-01
4.915849268436431885e-01
1.546698927879333496e+00
-1.875553488731384277e+00
6.717962026596069336e-01
9.592171907424926758e-01
-9.635480046272277832e-01
4.812981560826301575e-02
-5.282837152481079102e-02
-1.960801720619201660e+00
1.564605116844177246e+00
1.006764769554138184e+00
2.588155679404735565e-02
-1.846399068832397461e+00
-3.967789113521575928e-01
-7.654573917388916016e+00
6.589313149452209473e-01
-4.195269107818603516e+00
1.665932178497314453e+00
3.208709001541137695e+00
1.095130920410156250e+00
2.044023871421813965e-01
-3.833112001419067383e+00
1.489826321601867676e+00
-2.977151870727539062e-01
3.994248390197753906e+00
2.319636344909667969e+00
-9.125695824623107910e-01
1.156084015965461731e-01
1.467139959335327148e+00
5.706142783164978027e-01
-4.429946422576904297e+00
-2.487921714782714844e+00
3.202248573303222656e+00
1.234147310256958008e+00
2.220095872879028320e+00
-3.645704686641693115e-01
-1.930388689041137695e+00
1.814315319061279297e+00
-2.775178909301757812e+00
-1.526739358901977539e+00
-5.513356924057006836e-01
-1.989916801452636719e+00
-8.319011330604553223e-01
2.472270578145980835e-01
3.716296672821044922e+00
-2.931348323822021484e+00
-1.514976739883422852e+00
-6.512468457221984863e-01
1.758186578750610352e+00
-1.291913628578186035e+00
-1.963856220245361328e+00
1.355678439140319824e+00
1.625589132308959961e+00
