-9.009133577346801758e-01
2.077614545822143555e+00
7.601982355117797852e-01
-5.875276923179626465e-01
1.521308898925781250e+00
9.168925285339355469e-01
-6.321623325347900391e-01
-4.867641925811767578e-01
-8.328600525856018066e-01
-1.822157621383666992e+00
1.574535727500915527e+00
9.743722081184387207e-01
1.917387366294860840e+00
-1.598876714706420898e+00
-1.417626142501831055e+00
1.254847764968872070e+00
-1.719800472259521484e+00
1.189222693443298340e+00
-2.601466774940490723e-01
-1.559938430786132812e+00
2.849978685379028320e+00
4.482359886169433594e+00
-1.310851812362670898e+00
3.000075578689575195e+00
1.162425279617309570e+00
7.715073227882385254e-01
5.747399330139160156e-01
-1.915669679641723633e+00
1.789108037948608398e+00
-5.961294651031494141e+00
-5.946253776550292969e+00
7.759265303611755371e-01
6.127313613891601562e+00
-8.955980300903320312e+00
3.220964193344116211e+00
-3.256775617599487305e+00
-3.523529291152954102e+00
-3.609266281127929688e-01
1.717617392539978027e+00
-9.855283498764038086e-01
-3.059359788894653320e+00
2.084798336029052734e+00
-2.520384311676025391e+00
-3.583201169967651367e+00
-1.422164082527160645e+00
5.754110813140869141e-01
8.714643716812133789e-01
2.412098407745361328e+00
2.726361274719238281e+00
-3.735601902008056641e+00
-2.999477386474609375e+00
1.028990387916564941e+00
-3.393651008605957031e+00
-4.787620544433593750e+00
-4.154868125915527344e+00
-2.397947788238525391e+00
1.323736190795898438e+00
2.597288131713867188e+00
-1.715265512466430664e+00
7.031837701797485352e-01
-6.104120612144470215e-01
