-1.117908239364624023e+00
-1.948953390121459961e+00
9.236876368522644043e-01
-4.939546287059783936e-01
2.028208255767822266e+00
1.566372990608215332e+00
1.403710007667541504e+00
1.825365066528320312e+00
-2.132314682006835938e+00
5.797727704048156738e-01
-2.145050048828125000e+00
1.533765435218811035e+00
1.231092095375061035e+00
2.251239061355590820e+00
1.089393973350524902e+00
-7.159472107887268066e-01
1.807481884956359863e+00
9.223883152008056641e-01
2.976870834827423096e-01
1.639685630798339844e+00
-7.973536252975463867e-01
-7.620233893394470215e-01
-2.848508358001708984e+00
-1.464907646179199219e+00
-3.298387050628662109e+00
1.853044986724853516e+00
-3.505795240402221680e+00
-1.677306890487670898e+00
5.257703781127929688e+00
-2.316826581954956055e+00
-3.033272743225097656e+00
9.235179424285888672e-01
-4.866489768028259277e-01
3.332393169403076172e-01
-5.432196259498596191e-01
-5.765001773834228516e-01
5.227098464965820312e+00
9.153293371200561523e-01
-1.797692477703094482e-01
4.385165214538574219e+00
2.897925674915313721e-02
3.088065132033079863e-04
3.170828580856323242e+00
2.921135187149047852e+00
-5.097467303276062012e-01
1.859182238578796387e+00
-3.356870174407958984e+00
1.778290033340454102e+00
-1.642146587371826172e+00
-2.423228740692138672e+00
1.202215790748596191e+00
-9.101666808128356934e-01
-8.067033290863037109e-01
4.475464224815368652e-01
-1.279850751161575317e-01
-2.381384968757629395e-01
3.186678886413574219e+00
2.482125759124755859e-01
9.078571796417236328e-01
-1.898891448974609375e+00
-3.893520683050155640e-02
