8.223235011100769043e-01
1.536295264959335327e-01
1.420666575431823730e+00
-5.498488545417785645e-01
4.178036153316497803e-01
-8.194712996482849121e-01
1.787527084350585938e+00
-9.026281237602233887e-01
1.530756711959838867e+00
-1.145709872245788574e+00
1.605157852172851562e+00
-1.131731510162353516e+00
-2.183682918548583984e+00
-6.158459186553955078e-01
-8.191186785697937012e-01
8.282589316368103027e-01
-1.610132813453674316e+00
1.202400326728820801e+00
-3.723644018173217773e-01
1.744184970855712891e+00
-2.809595584869384766e+00
1.805017709732055664e+00
-2.044200420379638672e+00
-9.200773388147354126e-02
-2.246456146240234375e+00
-4.574497938156127930e-01
5.089863777160644531e+00
-1.041817665100097656e+00
-3.124444961547851562e+00
-1.437877535820007324e+00
2.063552856445312500e+00
-3.045671284198760986e-01
3.405661344528198242e+00
-4.723652899265289307e-01
-5.287453532218933105e-01
1.382994294166564941e+00
-1.433220028877258301e+00
4.238399863243103027e-01
1.919787406921386719e+00
-5.939328670501708984e+00
-5.364255428314208984e+00
1.031252980232238770e+00
2.485362768173217773e+00
-3.085748255252838135e-01
2.355787992477416992e+00
2.037117481231689453e+00
-8.780211210250854492e-01
-1.687857985496520996e+00
7.822845578193664551e-01
3.362262725830078125e+00
9.942538142204284668e-01
7.720142602920532227e-01
2.173103332519531250e+00
-3.205226063728332520e-01
-6.572793722152709961e-01
1.342875003814697266e+00
-1.617370486259460449e+00
-5.103707313537597656e-01
-1.804538369178771973e+00
2.580810785293579102e+00
1.515202879905700684e+00
